,en,ru,fr
0,superpowers,супердержавами,superpuissance
1,superpowers,супердержав,no_equality
2,lawlessnesses,беззаконие,no_equality
3,lawlessnesses,беззаконии,no_equality
4,lawlessnesses,беззаконности,no_equality
5,lawlessnesses,бесправия,no_equality
6,lawlessnesses,беспредела,no_equality
7,lawlessnesses,несоблюдения законности,no_equality
8,ambulances,машины скорой помощи,ambulance
9,ambulances,машин скорой помощи,ambulance
10,ambulances,автомобилей скорой помощи,ambulance
11,ambulances,автомобили скорой помощи,ambulance
12,ambulances,машинам скорой помощи,ambulance
13,ambulances,кареты скорой помощи,ambulance
14,ambulances,скорые,no_equality
15,ambulances,машинах скорой помощи,no_equality
16,ambulances,машинами скорой помощи,no_equality
17,ambulances,автомашины скорой помощи,no_equality
18,ambulances,санитарных машин,sanitaire
19,ambulances,санитарные машины,sanitaire
20,ambulances,скорых,ambulance
21,ambulances,санитарные автомобили,sanitaire
22,dispersed,рассредоточены,no_equality
23,dispersed,разогнали,no_equality
24,dispersed,разбросаны,dispersé
25,dispersed,разбросаны,disséminés
26,dispersed,рассредоточенных,no_equality
27,dispersed,рассеяны,no_equality
28,dispersed,разбросанных,disséminés
29,dispersed,разогнаны,no_equality
30,dispersed,разрозненных,no_equality
31,dispersed,разошлись,no_equality
32,dispersed,разогнала,dispersé
33,dispersed,разогнана,no_equality
34,dispersed,рассредоточенные,no_equality
35,dispersed,распылены,dispersion
36,dispersed,разгоне,no_equality
37,dispersed,разошлась,no_equality
38,beautifully,красиво,joliment
39,beautifully,красиво,superbement
40,beautifully,красиво,beau
41,beautifully,красиво,superbe
42,beautifully,прекрасно,très bien
43,beautifully,прекрасно,parfaitement
44,beautifully,прекрасно,beau
45,beautifully,великолепно,magnifiquement
46,beautifully,великолепно,superbement
47,beautifully,великолепно,très bien
48,beautifully,великолепно,beau
49,beautifully,превосходно,admirablement
50,beautifully,превосходно,merveilleusement
51,beautifully,превосходно,parfaitement
52,beautifully,замечательно,très bien
53,beautifully,замечательно,beau
54,beautifully,замечательно,superbe
55,beautifully,чудесно,merveilleusement
56,beautifully,чудесно,très bien
57,beautifully,чудесно,beau
58,beautifully,прекрасный,no_equality
59,hurricanes,ураганов,ouragan
60,hurricanes,ураганов,cyclone
61,hurricanes,ураганов,tempête
62,hurricanes,ураганы,ouragan
63,hurricanes,ураганы,cyclone
64,hurricanes,ураганами,ouragan
65,hurricanes,ураганами,cyclone
66,hurricanes,урагана,ouragan
67,hurricanes,урагана,cyclone
68,hurricanes,урагана,tempête
69,hurricanes,ураганам,ouragan
70,hurricanes,ураганам,cyclone
71,hurricanes,ураганам,tempête
72,hurricanes,ураганах,ouragan
73,farm,ферма,ferme
74,farm,ферма,exploitation agricole
75,farm,ферма,farm
76,farm,фермеров,agriculture
77,farm,фермеров,paysan
78,farm,хозяйство,no_equality
79,farm,фермерское хозяйство,exploitation agricole
80,farm,фермерский,agricole
81,farm,сельскохозяйственный,agricole
82,farm,сельскохозяйственных,agricole
83,farm,фермерских хозяйств,ferme
84,farm,фермерских хозяйств,exploitation agricole
85,farm,фермерских хозяйств,agriculture
86,farm,фермерских хозяйств,paysan
87,farm,сельскохозяйственной,agricole
88,farm,сельскохозяйственные,agricole
89,farm,сельскохозяйственного,agriculteur
90,farm,сельскохозяйственного,agricole
91,farm,фермерского хозяйства,exploitation agricole
92,farm,фермерского хозяйства,agriculteur
93,farm,фермерского хозяйства,agriculture
94,farm,фермерского хозяйства,farm
95,farm,сельских,agriculteur
96,farm,сельского хозяйства,agriculture
97,farm,сельского хозяйства,agricole
98,farm,хутор,no_equality
99,farm,обрабатывать,cultiver
100,farm,заниматься сельским хозяйством,agriculture
101,pedant,педант,no_equality
102,pedant,педантка,no_equality
103,pedant,неряха,no_equality
104,experimented,экспериментировал,no_equality
105,experimented,экспериментировали,essayé
106,experimented,экспериментировали,expérimentaient
107,experimented,экспериментировала,no_equality
108,experimented,ставили эксперименты,no_equality
109,experimented,экспериментальном порядке,titre expérimental
110,experimented,экспериментальной основе,expérimentation
111,experimented,экспериментальной основе,titre expérimental
112,experimented,проводятся эксперименты,expérimenté
113,experimented,проводятся эксперименты,expérimentation
114,experimented,пробовали,no_equality
115,experimented,экспериментальных,titre expérimental
116,experimented,опробовать,no_equality
117,experimented,порядке эксперимента,no_equality
118,experimented,провела эксперимент,expérimentation
119,experimented,проводили эксперименты,no_equality
120,experimented,экспериментируют,expérimentent
121,experimented,проводили экспериментов,expérimenter
122,experimented,проводили экспериментов,expérimentation
123,cutiss,городах,no_equality
124,cutiss,городов,no_equality
125,cutiss,города,no_equality
126,cutiss,городами,no_equality
127,cutiss,городам,no_equality
128,cutiss,городских,no_equality
129,cutiss,городской,no_equality
130,cutiss,город,no_equality
131,cutiss,крупных,no_equality
132,cutiss,больших,no_equality
133,cutiss,городе,no_equality
134,cutiss,столицах,no_equality
135,cutiss,городках,no_equality
136,Edwardian,эдвардианские,no_equality
137,Edwardian,эдвардиан,no_equality
138,imaging,формирование изображений,imagerie
139,imaging,формирование изображений,image
140,imaging,отображение,image
141,imaging,отображение,représentation
142,imaging,визуализация,no_equality
143,imaging,томография,no_equality
144,imaging,воспроизведение изображения,imagerie
145,imaging,воспроизведение изображения,image
146,imaging,воспроизведение изображения,reproduction
147,imaging,воспроизведение изображения,représentation
148,imaging,создание изображений,imagerie
149,imaging,создание изображений,image
150,imaging,формирование изображения,imagerie
151,imaging,формирование изображения,image
152,imaging,формирование изображения,représentation
153,imaging,отображающий,no_equality
154,founds,основывать,no_equality
155,founds,основывает,fonde
156,founds,находок,no_equality
157,anarchistic,анархистский,no_equality
158,Tetons,большие холмы,no_equality
159,sultans,султанов,no_equality
160,sultans,султаны,sultan
161,sultans,султанами,no_equality
162,subserviently,подчинены,no_equality
163,subserviently,подчиненное,no_equality
164,subserviently,подчиненную,no_equality
165,subserviently,подчиненными,no_equality
166,subserviently,покорной,no_equality
167,subserviently,подчиненной,no_equality
168,subserviently,подчинение,no_equality
169,subserviently,подчиняться,no_equality
170,subserviently,вспомогательную,no_equality
171,subserviently,зависимом положении,no_equality
172,subserviently,подчинить,no_equality
173,subserviently,подчинена ему,no_equality
174,subserviently,подчиненных,no_equality
175,ledges,карнизов,no_equality
176,ledges,выступов,saillie
177,standardize,стандартизировать,normaliser
178,standardize,стандартизировать,uniformiser
179,standardize,стандартизировать,standardiser
180,standardize,стандартизировать,harmoniser
181,standardize,стандартизировать,unifier
182,standardize,стандартизировать,normalisation
183,standardize,нормировать,no_equality
184,standardize,стандартизироваться,no_equality
185,standardize,откалибровать,no_equality
186,machine,машина,machine
187,machine,машины,machine
188,machine,автомат,machine
189,machine,автомат,distributeur
190,machine,автомат,automate
191,machine,аппарат,machine
192,machine,аппарат,appareil
193,machine,автоответчик,répondeur
194,machine,станок,machine
195,machine,устройство,machine
196,machine,устройство,appareil
197,machine,устройство,engin
198,machine,механизм,machine
199,machine,механизм,mécanique
200,machine,механизм,moteur
201,machine,машинный,machine
202,machine,машинка,machine
203,machine,компьютер,machine
204,machine,компьютер,ordinateur
205,machine,оборудование,machine
206,machine,оборудование,appareil
207,machine,оборудование,engin
208,machine,оборудование,machinerie
209,machine,прибор,machine
210,machine,прибор,appareil
211,machine,прибор,engin
212,machine,установка,no_equality
213,machine,агрегат,no_equality
214,machine,двигатель,machine
215,machine,двигатель,engin
216,machine,двигатель,moteur
217,construes,истолковывает,interprète
218,forfeiture,конфискация,confiscation
219,forfeiture,конфискация,saisie
220,forfeiture,изъятие,confiscation
221,forfeiture,изъятие,saisie
222,forfeiture,изъятие,dépossession
223,forfeiture,изъятие,suppression
224,forfeiture,лишение,privation
225,forfeiture,арест,confiscation
226,forfeiture,арест,saisie
227,materialists,материалисты,no_equality
228,betterment,улучшение,amélioration
229,betterment,улучшение,progrès
230,betterment,улучшение,améliorer
231,betterment,благо,bien-être
232,betterment,благо,bien
233,betterment,благо,intérêt
234,betterment,совершенствование,amélioration
235,betterment,совершенствование,perfectionnement
236,betterment,улучшения жизни,no_equality
237,betterment,благоустройство,amélioration
238,betterment,улучшению жизни,no_equality
239,incur,нести,engager
240,incur,нести,encourir
241,incur,нести,subir
242,incur,нести,supporter
243,incur,нести,assumer
244,incur,понести,subir
245,incur,понести,supporter
246,incur,причинить,entraîner
247,incur,получать,no_equality
248,incur,понести расходы,subir
249,incur,понести расходы,supporter
250,incur,нести расходы,no_equality
251,incur,понести убытки,subir
252,incur,понести убытки,supporter
253,incur,понести убыток,subir
254,incur,понести убыток,supporter
255,incur,подлежат,no_equality
256,incur,повлечет за собой,entraîner
257,interlarding,уснащение,no_equality
258,decrypt,расшифровать,décrypter
259,decrypt,расшифровать,déchiffrer
260,decrypt,расшифровать,décoder
261,decrypt,дешифровать,no_equality
262,decrypt,расшифровывать,décrypter
263,decrypt,расшифровывать,déchiffrer
264,decrypt,расшифровывать,décoder
265,decrypt,расшифровки,no_equality
266,decrypt,расшифровку,no_equality
267,jealous,ревнивый,jaloux
268,jealous,завистливый,envieux
269,jealous,ревнуешь,jalousie
270,jealous,завидую,envie
271,jealous,завидую,envier
272,jealous,ревную,jalousie
273,jealous,завидуешь,jalousie
274,jealous,завидуешь,envie
275,jealous,ревнует,jalousie
276,jealous,ревность,no_equality
277,jealous,ревновал,no_equality
278,jealous,ревновала,no_equality
279,jealous,завидует,envieux
280,jealous,завидует,jalousie
281,jealous,завидует,envie
282,jealous,завидовал,envieux
283,jealous,завидовал,envier
284,jealous,завидовала,no_equality
285,jealous,завидуют,envieux
286,jealous,завидуют,jalousie
287,jealous,ревностный,no_equality
288,jealous,ревнующий,no_equality
289,elites,элиты,élite
290,elites,элит,élite
291,elites,элита,élite
292,elites,элитами,no_equality
293,elites,элитой,élite
294,elites,элитам,no_equality
295,elites,элиту,élite
296,elites,элите,élite
297,elites,элитных групп,élite
298,Westerns,вестерны,western
299,Westerns,вестернах,no_equality
300,Westerns,вестернов,western
301,bolstered,укрепить,no_equality
302,bolstered,подкрепляются,no_equality
303,bolstered,укреплена,renforcé
304,bolstered,усилена,renforcé
305,bolstered,укреплен,renforcé
306,bolstered,укреплен,renforcer
307,bolstered,укрепили,renforcer
308,bolstered,подкрепляться,no_equality
309,bolstered,подкрепляется,no_equality
310,bolstered,укрепил,no_equality
311,bolstered,подкреплены,no_equality
312,bolstered,укрепило,no_equality
313,bolstered,содействовал,no_equality
314,bolstered,подкреплена,no_equality
315,bolstered,укрепляет,no_equality
316,bolstered,укрепила,no_equality
317,foiling,помеха,no_equality
318,foiling,попыткам,no_equality
319,coaching,наставничество,encadrement
320,coaching,наставничество,mentorat
321,coaching,наставничество,tutorat
322,coaching,инструктаж,no_equality
323,coaching,обучение,entraînement
324,coaching,тренер,entraîneur
325,coaching,тренер,coach
326,coaching,инструктирование,no_equality
327,coaching,тренировка,entraînement
328,coaching,шефство,no_equality
329,coaching,кураторство,no_equality
330,coaching,тренировать,no_equality
331,coaching,коучинг,no_equality
332,coaching,тренирует,entraîneur
333,coaching,тренировал,no_equality
334,coaching,тренерского,no_equality
335,coaching,коучинга,no_equality
336,coaching,тренерство,no_equality
337,malinger,притворяться больным,no_equality
338,vanquisher,победитель,vainqueur
339,jocular,шутливый,no_equality
340,jocular,забавный,amusant
341,hostilities,боевые действия,hostilité
342,hostilities,боевые действия,combat
343,hostilities,боевые действия,affrontement
344,hostilities,боевые действия,opérations militaires
345,charitably,милосердно,no_equality
346,charitably,очень щедро сказано,no_equality
347,rustlers,угонщиков,no_equality
348,rustlers,конокрады,no_equality
349,rustlers,угонщиками,no_equality
350,gendarmes,жандармов,gendarme
351,gendarmes,жандармов,gendarmerie
352,gendarmes,жандармы,gendarmerie
353,gendarmes,жандармами,gendarme
354,gendarmes,жандармами,gendarmerie
355,gendarmes,сотрудников жандармерии,gendarme
356,gendarmes,жандармам,no_equality
357,gendarmes,жандарма,gendarme
358,stately,величественный,majestueux
359,stately,статный,no_equality
360,stately,величавых,no_equality
361,festooning,украшение,ornement
362,Venezuelan,венесуэльский,vénézuélien
363,Venezuelan,венесуэлы,vénézuélien
364,Venezuelan,венесуэле,vénézuélien
365,Venezuelan,венесуэлец,vénézuélien
366,Venezuelan,венесуэльскими,vénézuélien
367,Venezuelan,венесуэльскому,no_equality
368,Venezuelan,венесуэла,vénézuélien
369,factorizing,разложение на множители,no_equality
370,initialize,инициализировать,initialiser
371,initialize,инициализация,no_equality
372,initialize,initialize,no_equality
373,initialize,задать в качестве начального условия,no_equality
374,initialize,инициализируем,no_equality
375,initialize,удаётся,initialiser
376,initialize,инициировать,no_equality
377,equaled,равен,no_equality
378,blacking,чернение,no_equality
379,blacking,вакса,no_equality
380,blacking,гуталин,cirage
381,blacking,провалы в,no_equality
382,imprecisely,неточно,no_equality
383,distressed,проблемных,en difficulté
384,distressed,расстроена,bouleversé
385,distressed,неблагополучных,no_equality
386,distressed,бедствующих,no_equality
387,distressed,огорчен,no_equality
388,distressed,огорчена,no_equality
389,distressed,бедствующим,no_equality
390,distressed,расстроен,bouleversé
391,distressed,расстроен,perturbé
392,distressed,находящихся в бедственном положении,no_equality
393,distressed,обеспокоена тем,no_equality
394,distressed,встревожен,no_equality
395,distressed,неблагополучные,no_equality
396,distressed,расстроены,no_equality
397,distressed,встревожена,no_equality
398,distressed,обездоленных,no_equality
399,cohabit,сожительствовать,cohabiter
400,cohabit,сосуществовать,cohabiter
401,cohabit,сожительству,no_equality
402,cohabit,проживают вместе,no_equality
403,cohabit,совместного проживания,cohabiter
404,cohabit,совместного проживания,vivre ensemble
405,failure,неудача,échec
406,failure,неудача,insuccès
407,failure,неудача,fiasco
408,failure,отказ,défaillance
409,failure,отказ,incapacité
410,failure,отказ,refus
411,failure,неспособность,échec
412,failure,неспособность,incapacité
413,failure,неспособность,absence
414,failure,неисправность,défaillance
415,failure,неисправность,panne
416,failure,неисправность,défaut
417,failure,неисполнение,défaillance
418,failure,неисполнение,manquement
419,failure,неудачник,échec
420,failure,неудачник,raté
421,failure,недостаточность,insuffisance
422,failure,недостаточность,manque
423,failure,авария,panne
424,failure,крах,échec
425,failure,крах,faillite
426,failure,просчет,no_equality
427,failure,промах,no_equality
428,failure,неудачный,no_equality
429,repressive,репрессивный,répressif
430,repressive,подавляющий,no_equality
431,condescendingly,снисходительно,no_equality
432,steaks,стейки,steak
433,steaks,стейки,bifteck
434,steaks,стейки,viande
435,steaks,стейки,steacks
436,steaks,стейков,steak
437,steaks,стейков,viande
438,steaks,бифштексы,no_equality
439,steaks,стейк,steak
440,steaks,стейк,bifteck
441,steaks,стэйки,steak
442,steaks,бифштексов,steak
443,steaks,стейках,no_equality
444,steaks,стейка,steak
445,steaks,стейка,viande
446,steaks,стейками,no_equality
447,steaks,мясо,viande
448,suffocated,задушенный,no_equality
449,Bulgarians,болгары,bulgare
450,Bulgarians,болгар,bulgare
451,Bulgarians,болгарами,no_equality
452,necessarily,обязательно,nécessairement
453,necessarily,обязательно,forcément
454,necessarily,обязательно,obligatoirement
455,necessarily,обязательно,toujours
456,necessarily,обязательно,absolument
457,necessarily,обязательно,impérativement
458,necessarily,обязательно,nécessaire
459,necessarily,неизбежно,nécessairement
460,necessarily,неизбежно,forcément
461,necessarily,неизбежно,inévitablement
462,necessarily,по необходимости,nécessairement
463,necessarily,по необходимости,forcément
464,necessarily,необязательный,no_equality
465,pagination,нумерацией страниц,no_equality
466,doubts,сомнения,douter
467,doubts,сомнения,réserve
468,doubts,сомнения,interrogation
469,doubts,сомнения,incertitude
470,doubts,сомнений,doute
471,doubts,сомнений,douter
472,doubts,сомневается,doute
473,doubts,сомневается,douter
474,doubts,сомневается,doutait
475,doubts,сомневается,doutent
476,doubts,сомнение,doute
477,doubts,сомнение,douter
478,doubts,сомнениями,doute
479,doubts,сомнениями,incertitude
480,doubts,сомневаешься,no_equality
481,doubts,сомнениях,no_equality
482,doubts,сомнениям,doute
483,doubts,сомневаться,douter
484,doubts,сомневаюсь,no_equality
485,doubts,усомниться,douter
486,doubts,сомневался,douter
487,doubts,сомневался,doutait
488,doubts,сомневалась,doutait
489,doubts,сомневаются,no_equality
490,doubts,сомневались,no_equality
491,radiation,радиация,rayonnement
492,radiation,радиация,radiation
493,radiation,радиация,rayon
494,radiation,излучение,no_equality
495,radiation,облучение,rayonnement
496,radiation,облучение,radiation
497,radiation,облучение,rayon
498,radiation,облучение,radiothérapie
499,radiation,облучение,irradiation
500,radiation,радиационной,no_equality
501,radiation,радиационный,no_equality
502,radiation,радиационного,no_equality
503,radiation,лучевой,no_equality
504,radiation,радиоактивных,no_equality
505,radiation,радиоактивного,no_equality
506,radiation,радиоактивности,radioactivité
507,radiation,радиоактивности,radioactive
508,radiation,ионизирующего,no_equality
509,radiation,радиоактивной,no_equality
510,radiation,облучении,rayonnement
511,radiation,радиотерапию,no_equality
512,plagiarized,плагиат,no_equality
513,plagiarized,сплагиатил,no_equality
514,plagiarized,скопировала,no_equality
515,plagiarized,списал,no_equality
516,plagiarized,списала,plagier
517,plagiarized,в плагиате,no_equality
518,risky,рискованный,risqué
519,risky,рискованный,risquée
520,risky,рискованный,hasardeux
521,risky,рискованный,risky
522,risky,опасно,dangereux
523,risky,риск,no_equality
524,risky,опасных,dangereux
525,risky,опасных,danger
526,risky,рисковано,risqué
527,risky,опасным,dangereux
528,risky,опасным,périlleux
529,risky,опасным,danger
530,risky,с риском,risquée
531,risky,с риском,périlleux
532,risky,с риском,à risque
533,risky,опасного,dangereux
534,risky,опасного,danger
535,risky,опасной,risquée
536,risky,опасной,dangereux
537,risky,опасной,danger
538,risky,рискованному,no_equality
539,risky,рисковых,no_equality
540,risky,рисковые,no_equality
541,risky,опасна,risquée
542,risky,опасна,danger
543,risky,опасное,dangereux
544,risky,опасное,périlleux
545,risky,опасное,danger
546,Paduas,падуи,no_equality
547,Paduas,падуе,no_equality
548,Paduas,"""падуа""",no_equality
549,Paduas,падуя,no_equality
550,Paduas,падую,no_equality
551,Paduas,падуанского,no_equality
552,vitrioled,купорос,no_equality
553,vitrioled,язвительность,no_equality
554,vitrioled,сарказма,no_equality
555,mushrooms,грибы,champignon
556,mushrooms,грибы,cèpe
557,mushrooms,грибов,no_equality
558,mushrooms,грибами,champignon
559,mushrooms,грибах,champignon
560,mushrooms,грибам,champignon
561,mushrooms,грибочков,champignon
562,mushrooms,шампиньонов,no_equality
563,mushrooms,грибочки,no_equality
564,imaginatively,образно,no_equality
565,imaginatively,творчески,no_equality
566,imaginatively,изобретательно,no_equality
567,syndication,синдикат,no_equality
568,syndication,объединение в синдикаты,no_equality
569,syndication,синдикации,no_equality
570,syndication,синдицированию,no_equality
571,syndication,синдицирование,no_equality
572,cosmetologist,косметолог,esthéticien
573,medullary,медуллярный,no_equality
574,medullary,мозговой,no_equality
575,abrasions,ссадины,abrasion
576,abrasions,ссадины,écorchure
577,abrasions,ссадины,éraflure
578,abrasions,ссадины,contusion
579,abrasions,ссадины,égratignure
580,abrasions,ссадин,abrasion
581,abrasions,ссадин,écorchure
582,abrasions,ссадинах,no_equality
583,abrasions,ссадинами,no_equality
584,abrasions,ссадинам,no_equality
585,abrasions,царапины,abrasion
586,abrasions,царапины,éraflure
587,abrasions,царапины,égratignure
588,retirement,пенсия,retraite
589,retirement,пенсия,pension
590,retirement,выход на пенсию,retraite
591,retirement,отставка,retraite
592,retirement,уход на пенсию,no_equality
593,retirement,увольнения,no_equality
594,retirement,пенсионный,no_equality
595,retirement,выхода на пенсию,départ à la retraite
596,retirement,выходе на пенсию,départ à la retraite
597,retirement,ухода на пенсию,départ à la retraite
598,retirement,ухода на пенсию,départs à la retraite
599,retirement,выходом на пенсию,départ en retraite
600,retirement,выходом на пенсию,départs à la retraite
601,retirement,выхода в отставку,départ à la retraite
602,retirement,старости,retraite
603,retirement,старости,vieillesse
604,retirement,пенсионеров,retraite
605,retirement,пенсионеров,pension
606,retirement,выход в отставку,retraite
607,retirement,отступление,no_equality
608,retirement,изъятия из обращения,retrait
609,coding,кодирование,codage
610,coding,кодирование,coder
611,coding,код,codage
612,coding,код,code
613,coding,кодировка,codage
614,coding,кодировка,encodage
615,coding,кодировка,code
616,coding,кода,code
617,coding,кодификации,codification
618,coding,программировать,no_equality
619,coding,программирования,no_equality
620,retrials,повторного рассмотрения дел,no_equality
621,retrials,повторных судебных разбирательств,no_equality
622,retrials,повторных разбирательств,no_equality
623,overseer,надсмотрщик,contremaître
624,overseer,контролер,surveillant
625,overseer,контролер,superviseur
626,overseer,контролер,contrôleur
627,overseer,надзирательница,surveillant
628,overseer,надзирательница,gardien
629,overseer,надзиратель,surveillant
630,overseer,надзиратель,superviseur
631,overseer,надзиратель,gardien
632,overseer,наблюдатель,surveillant
633,overseer,курирует,no_equality
634,overseer,смотрящий,no_equality
635,overseer,контролер-нефтяник,surveillant
636,overseer,контролер-нефтяник,superviseur
637,overseer,контролер-нефтяник,contrôleur
638,overseer,управляющему,no_equality
639,fiction,фантастика,fiction
640,fiction,фантастика,fantastique
641,fiction,вымысел,fiction
642,fiction,вымысел,invention
643,fiction,фикция,fiction
644,fiction,выдумка,fiction
645,fiction,выдумка,fictif
646,fiction,выдумка,histoire
647,fiction,выдумка,invention
648,fiction,фантазия,fiction
649,fiction,фантазия,imagination
650,fiction,литература,fiction
651,fiction,литература,littérature
652,fiction,литература,littéraire
653,fiction,сказка,histoire
654,fiction,художественная литература,fiction
655,fiction,беллетристики,no_equality
656,fiction,художественное произведение,no_equality
657,nominal,номинальный,nominal
658,nominal,именной,no_equality
659,nominal,штатный,no_equality
660,nominal,нарицательный,no_equality
661,nominal,поименный,nominative
662,nominal,номинально,nominalement
663,nominal,Номинальное значение,valeur nominale
664,adjures,призывает,no_equality
665,nipple,сосок,mamelon
666,nipple,сосок,tétine
667,nipple,сосок,téton
668,nipple,сосок,sein
669,nipple,сосок,nichon
670,nipple,сосок,nibard
671,nipple,соска,mamelon
672,nipple,соска,tétine
673,nipple,соска,téton
674,nipple,сосочек,mamelon
675,bloodlessly,бескровно,no_equality
676,luminescence,свечение,no_equality
677,luminescence,люминесценция,luminescence
678,luminescence,световая среда,no_equality
679,luminescence,термолюминесцентные,no_equality
680,luminescence,люминесценции,no_equality
681,luminescence,флюоресцирующие под воздействием,no_equality
682,optimists,оптимисты,optimiste
683,optimists,оптимистами,optimiste
684,optimists,оптимист,optimiste
685,optimists,оптимистов,optimiste
686,optimists,оптимистам,no_equality
687,roofers,кровельщиков,no_equality
688,launchers,пусковых установок,lanceur
689,launchers,пусковых установок,lance-roquettes
690,launchers,пусковых установок,lance-missiles
691,launchers,пусковые установки,lanceur
692,launchers,ракет-носителей,lanceur
693,launchers,гранатометы,lance-roquettes
694,launchers,гранатометов,lance-grenades
695,launchers,гранатометов,roquette
696,launchers,гранатометами,no_equality
697,launchers,пусковым установкам,no_equality
698,launchers,пусковыми установками,no_equality
699,launchers,пусковых установках,no_equality
700,launchers,комплексы,no_equality
701,launchers,носителей,lanceur
702,launchers,гранатомета,lanceur
703,launchers,гранатомета,lance-roquettes
704,launchers,гранатомета,roquette
705,launchers,рпг,lance-grenades
706,launchers,рпг,roquette
707,telepathic,телепатический,télépathique
708,telepathic,телепат,no_equality
709,telepathic,телепатии,no_equality
710,telepathic,телепатию,no_equality
711,telepathic,гориллу-телепата,télépathe
712,interceptions,перехваты,interception
713,interceptions,перехватов,interception
714,interceptions,перехвате,interception
715,interceptions,перехват,interception
716,interceptions,объемы изъятий,no_equality
717,interceptions,перехваченных партий,no_equality
718,interceptions,случаев перехвата,interception
719,interceptions,перехваченного,no_equality
720,interceptions,объем изъятий,no_equality
721,interceptions,перехватах,no_equality
722,earned,заработанный,no_equality
723,earned,заслуженный,no_equality
724,earned,полученный,reçu
725,earned,заслуженно,no_equality
726,expansiveness,экспансивность,no_equality
727,expansiveness,несдержанность,no_equality
728,expansiveness,расширяемость,no_equality
729,stolid,невозмутимый,no_equality
730,stolid,бесстрастный,no_equality
731,Coopers,куперов,no_equality
732,Coopers,куперы,no_equality
733,Coopers,фирма «куперс,no_equality
734,Coopers,дегустаторов,no_equality
735,quizzer,насмешник,no_equality
736,radiant,сияющий,no_equality
737,radiant,лучезарный,no_equality
738,radiant,сияющей,rayonnante
739,radiant,сияющая,no_equality
740,radiant,ослепительной,no_equality
741,radiant,лучезарная,no_equality
742,radiant,лучистой,no_equality
743,radiant,лучезарного,no_equality
744,radiant,светилась,no_equality
745,radiant,ослепительны,no_equality
746,radiant,сияющим,no_equality
747,radiant,radiant,no_equality
748,radiant,сияющего,rayonnant
749,radiant,сияешь,no_equality
750,radiant,блестяще,no_equality
751,stills,фотоснимки,photo
752,stills,фотоснимки,photographie
753,adducing,приводя,no_equality
754,hassled,доставали,no_equality
755,hassled,доставал,no_equality
756,hungered,жаждал,no_equality
757,hungered,твои жаждут,no_equality
758,inaugurate,открывать,no_equality
759,inaugurate,ознаменовать,no_equality
760,inaugurate,начать,no_equality
761,inaugurate,торжественно открыть,no_equality
762,inaugurate,вводить,no_equality
763,nappy,подгузник,couche
764,nappy,подгузники,couche
765,nappy,пушистые,no_equality
766,nappy,курчавый,no_equality
767,nappy,косматый,no_equality
768,nappy,"""наппи""",no_equality
769,nappy,пеленку,no_equality
770,nappy,булавок для подгузников,no_equality
771,legalisation,узаконение,no_equality
772,animates,оживляет,no_equality
773,acting,исполняющий обязанности,no_equality
774,acting,действующий,no_equality
775,acting,действие,action
776,acting,действие,effet
777,acting,действие,acte
778,acting,действия,action
779,acting,действия,acte
780,acting,действуя,no_equality
781,acting,ведешь себя,no_equality
782,acting,исполняющего обязанности,par intérim
783,acting,вести себя,no_equality
784,acting,действует,no_equality
785,acting,ведет себя,no_equality
786,acting,действовать,no_equality
787,acting,вел себя,no_equality
788,acting,действуют,no_equality
789,acting,исполняющим обязанности,par intérim
790,acting,актёрское мастерство,no_equality
791,frigid,фригидный,no_equality
792,frigid,фригидная,no_equality
793,frigid,ледяной,glacial
794,frigid,холодная,froid
795,frigid,холодная,glacée
796,frigid,холодных,froid
797,frigid,холодную,froid
798,frigid,холодном,froid
799,frigid,фригидность,no_equality
800,frigid,холодной,froid
801,frigid,холодной,glacée
802,frigid,фригиден,no_equality
803,foreskins,крайней плоти,prépuce
804,firmwares,микропрограмма,no_equality
805,firmwares,прошивка,no_equality
806,firmwares,прошивку,no_equality
807,firmwares,прошивке,no_equality
808,firmwares,firmware,no_equality
809,bolsters,укрепляет,renforce
810,bolsters,подкрепляет,renforce
811,corresponded,соответствует,correspondait
812,corresponded,соответствует,correspondent
813,corresponded,соответствует,correspondant
814,corresponded,соответствуют,no_equality
815,corresponded,соответствовало,répondait
816,corresponded,соответствовало,correspondrait
817,corresponded,соответствовал,répondait
818,corresponded,соответствовал,corresponde
819,corresponded,переписывались,no_equality
820,corresponded,соответствовала,correspondaient
821,corresponded,соответствовали,correspondaient
822,corresponded,совпадают,correspond
823,corresponded,совпадают,correspondaient
824,corresponded,совпадают,correspondent
825,corresponded,совпадают,correspondre
826,corresponded,согласуется,no_equality
827,corresponded,согласуются,correspondaient
828,corresponded,согласуются,conforme
829,corresponded,переписку,no_equality
830,hooked,на крючке,accro
831,hooked,подцепил,no_equality
832,hooked,подключили,no_equality
833,hooked,подсадил,no_equality
834,hooked,зацепил,no_equality
835,hooked,свел,no_equality
836,hooked,зацепила,no_equality
837,hooked,на крючок,accroché
838,hooked,подцепили,no_equality
839,hooked,подсадить,no_equality
840,hooked,крючок,no_equality
841,hooked,подсела,no_equality
842,hooked,подцепила,no_equality
843,hooked,подключила,no_equality
844,hooked,подключил,no_equality
845,yokels,мужланы,no_equality
846,yokels,мужланов,no_equality
847,impeding,препятствующих,no_equality
848,impeding,препятствует,entraver
849,impeding,препятствует,empêcher
850,impeding,препятствует,entrave
851,impeding,препятствует,empêche
852,impeding,препятствующие,entraver
853,impeding,препятствующие,entravant
854,impeding,препятствующие,empêchant
855,impeding,препятствующие,qui entravent
856,impeding,препятствующие,qui empêchent
857,impeding,препятствуют,entraver
858,impeding,препятствуют,empêcher
859,impeding,препятствуют,entrave
860,impeding,препятствуя,entraver
861,impeding,препятствуя,entrave
862,impeding,мешающих,entravant
863,impeding,мешающих,entrave
864,impeding,мешающих,qui entravent
865,impeding,мешающих,qui empêchent
866,impeding,мешающие,entravant
867,impeding,мешающие,qui entravent
868,impeding,мешающие,qui empêchent
869,impeding,затрудняет,entraver
870,impeding,затрудняет,entrave
871,impeding,затрудняет,empêche
872,impeding,пути,entraver
873,impeding,пути,empêcher
874,impeding,затрудняющих,entravant
875,impeding,затрудняющих,qui entravent
876,impeding,затрудняющих,qui empêchent
877,impeding,препятствующим,empêchant
878,impeding,препятствующим,entrave
879,impeding,препятствовать,entraver
880,impeding,препятствовать,empêcher
881,impeding,препятствовать,gêner
882,impeding,препятствовать,faire obstacle
883,impeding,препятствовать,freiner
884,impeding,затрудняют,entraver
885,impeding,которые мешают,qui entravent
886,impeding,которые мешают,qui empêchent
887,impeding,воспрепятствование,obstruction
888,rid,избавлять,débarrasser
889,rid,очистить,débarrasser
890,rid,очистить,libérer
891,rid,лишить,no_equality
892,ignite,зажигать,allumer
893,ignite,воспламенять,no_equality
894,ignite,загораться,s'allumer
895,ignite,возгораться,no_equality
896,ignite,вызывать,déclencher
897,ignite,вызывать,provoquer
898,ignite,прокаливать,no_equality
899,instructors,инструкторов,instructeur
900,instructors,инструкторов,moniteur
901,instructors,инструкторов,formateur
902,instructors,инструкторов,enseignant
903,instructors,инструкторов,éducateur
904,instructors,инструкторов,animateur
905,instructors,преподавателей,instructeur
906,instructors,преподавателей,formateur
907,instructors,преподавателей,enseignant
908,instructors,преподавателей,professeur
909,instructors,преподавателей,éducateur
910,instructors,инструкторы,instructeur
911,instructors,инструкторы,moniteur
912,instructors,инструкторы,formateur
913,instructors,инструкторы,enseignant
914,instructors,инструкторы,éducateur
915,instructors,инструкторами,instructeur
916,instructors,инструкторами,formateur
917,instructors,инструктора,instructeur
918,instructors,инструктора,moniteur
919,instructors,инструктора,formateur
920,instructors,инструктора,professeur
921,instructors,инструктора,éducateur
922,instructors,инструктора,animateur
923,instructors,инструктора,entraîneur
924,instructors,преподаватели,instructeur
925,instructors,преподаватели,formateur
926,instructors,преподаватели,enseignant
927,instructors,преподаватели,professeur
928,instructors,преподаватели,éducateur
929,instructors,инструкторам,no_equality
930,instructors,учителей,enseignant
931,instructors,учителей,professeur
932,instructors,преподавателями,enseignant
933,instructors,преподавателями,professeur
934,instructors,преподавателями,éducateur
935,instructors,педагогов,moniteur
936,instructors,педагогов,enseignant
937,instructors,педагогов,éducateur
938,instructors,преподавателям,formateur
939,instructors,преподавателям,professeur
940,instructors,воспитателей,formateur
941,instructors,воспитателей,enseignant
942,instructors,воспитателей,éducateur
943,instructors,воспитателей,animateur
944,dazzled,ослеплены,no_equality
945,dazzled,ослеплен,no_equality
946,dazzled,поразил,no_equality
947,dazzled,ослепил,no_equality
948,dazzled,ослеплена,no_equality
949,dazzled,слепит,no_equality
950,dazzled,ослеплял,no_equality
951,dazzled,поражены,no_equality
952,dazzled,восхищал,no_equality
953,dazzled,поразила,no_equality
954,dazzled,ослеплению пользователей дороги,no_equality
955,dazzled,ослепили,no_equality
956,devilry,чертовщина,diablerie
957,devilry,чертовщинка,diablerie
958,devilry,колдовство,no_equality
959,devilry,коварство,no_equality
960,epidemiologists,эпидемиологов,épidémiologiste
961,epidemiologists,эпидемиологи,no_equality
962,epidemiologists,эпидемиологами,no_equality
963,epidemiologists,эпидемиологам,no_equality
964,letters,письма,no_equality
965,letters,буквы,lettre
966,letters,буквы,caractère
967,letters,буквы,alphabet
968,letters,буквы,majuscule
969,letters,писем,lettre
970,letters,писем,courrier
971,letters,писем,correspondance
972,letters,писем,écrit
973,letters,письмах,no_equality
974,letters,письмами,lettre
975,letters,письмами,correspondance
976,letters,букв,lettre
977,letters,букв,caractère
978,letters,буквами,lettre
979,letters,буквами,alphabet
980,letters,буквами,majuscule
981,letters,письмам,lettre
982,letters,письмо,lettre
983,letters,письмо,courrier
984,letters,письмо,correspondance
985,letters,письмо,écrit
986,letters,переписки,courrier
987,letters,переписки,correspondance
988,letters,литературы,lettre
989,letters,уведомлений,no_equality
990,letters,переписка,lettre
991,letters,переписка,correspondance
992,letters,символов,caractère
993,letters,буквах,no_equality
994,letters,письмена,no_equality
995,conformance,соответствие,conformité
996,conformance,соответствие,conforme
997,conformance,соответствием поступающих,conformité
998,vaccinatings,вакцинации,vaccination
999,vaccinatings,вакцинация,vaccination
1000,vaccinatings,вакцинация,vacciner
1001,vaccinatings,прививать,vacciner
1002,vaccinatings,сделав прививки,no_equality
1003,gang,банда,gang
1004,gang,банда,bande
1005,gang,банда,groupe
1006,gang,банда,équipe
1007,gang,банда,troupe
1008,gang,банда,clique
1009,gang,банды,gang
1010,gang,банды,bande
1011,gang,банды,équipe
1012,gang,банды,clan
1013,gang,банды,clique
1014,gang,шайка,gang
1015,gang,шайка,bande
1016,gang,ребята,équipe
1017,gang,ребята,gars
1018,gang,банд,gang
1019,gang,банд,groupe
1020,gang,групповое,no_equality
1021,gang,бандиты,gang
1022,gang,групповые,groupe
1023,gang,групповые,collectif
1024,gang,группировки,gang
1025,gang,группового,no_equality
1026,gang,групповых,groupe
1027,gang,групповых,collectif
1028,gang,компании,no_equality
1029,gang,бригада,équipe
1030,gang,бандитские,no_equality
1031,gang,групповому,no_equality
1032,unfavorable,неблагоприятный,défavorable
1033,unfavorable,неблагоприятный,désavantageux
1034,unfavorable,неблагоприятными условиями,défavorable
1035,unfavorable,неблагоприятен,no_equality
1036,rouse,будить,réveiller
1037,rouse,будить,éveiller
1038,rouse,поднимать,soulever
1039,rouse,возбуждать,no_equality
1040,rouse,побуждать,no_equality
1041,rouse,вызвать,soulever
1042,rouse,вызвать,provoquer
1043,rouse,всколыхнуть,no_equality
1044,rouse,подогревать,no_equality
1045,rouse,разжечь,no_equality
1046,rouse,воодушевить,no_equality
1047,rouse,rouse,no_equality
1048,rouse,побудка,no_equality
1049,diminish,уменьшить,no_equality
1050,diminish,умалять,diminuer
1051,diminish,умалять,amoindrir
1052,diminish,умалять,minimiser
1053,diminish,умалять,affaiblir
1054,diminish,уменьшать,diminuer
1055,diminish,уменьшать,réduire
1056,diminish,уменьшать,atténuer
1057,diminish,уменьшать,amoindrir
1058,diminish,уменьшать,rabaisser
1059,diminish,снизить,diminuer
1060,diminish,снизить,réduire
1061,diminish,снизить,atténuer
1062,diminish,снизить,minimiser
1063,diminish,снизить,limiter
1064,diminish,уменьшиться,diminuer
1065,diminish,уменьшиться,baisser
1066,diminish,снижать,diminuer
1067,diminish,снижать,réduire
1068,diminish,снижать,limiter
1069,diminish,снижать,baisser
1070,diminish,уменьшаться,diminuer
1071,diminish,уменьшаться,baisser
1072,diminish,уменьшаться,rapetisser
1073,diminish,ослабить,diminuer
1074,diminish,ослабить,réduire
1075,diminish,ослабить,atténuer
1076,diminish,ослабить,affaiblir
1077,diminish,ослабить,limiter
1078,diminish,сокращаться,diminuer
1079,diminish,сокращаться,baisser
1080,diminish,ослаблять,diminuer
1081,diminish,ослаблять,atténuer
1082,diminish,ослаблять,amoindrir
1083,diminish,ослаблять,affaiblir
1084,diminish,сократить,diminuer
1085,diminish,сократить,réduire
1086,diminish,сократить,atténuer
1087,diminish,сократить,limiter
1088,diminish,уменьшения,no_equality
1089,diminish,ограничить,no_equality
1090,diminish,принизить,minimiser
1091,diminish,принизить,rabaisser
1092,diminish,преуменьшать,diminuer
1093,diminish,преуменьшать,minimiser
1094,diminish,приуменьшать,amoindrir
1095,diminish,приуменьшать,minimiser
1096,shinning,сиять,no_equality
1097,aerosols,аэрозолей,aérosol
1098,aerosols,аэрозоли,aérosol
1099,aerosols,аэрозолям,aérosol
1100,aerosols,аэрозолях,aérosol
1101,aerosols,аэрозолями,no_equality
1102,subscriber,абонент,abonné
1103,subscriber,подписчик,abonné
1104,subscriber,абонентский,no_equality
1105,subscriber,об абоненте,no_equality
1106,stalagmites,сталагмитами,no_equality
1107,stalagmites,сталагмиты,no_equality
1108,tiers,уровни,niveau
1109,tiers,уровней,niveau
1110,tiers,уровней,échelon
1111,tiers,уровнях,niveau
1112,tiers,уровнях,échelon
1113,tiers,уровня,niveau
1114,tiers,уровня,échelon
1115,tiers,уровня,rang
1116,tiers,ярусов,no_equality
1117,tiers,уровнями,niveau
1118,tiers,уровнями,échelon
1119,tiers,уровням,niveau
1120,tiers,уровням,catégorie
1121,tiers,ярусами,no_equality
1122,tiers,эшелонов,échelon
1123,tiers,ступенях,niveau
1124,tiers,ступенях,échelon
1125,tiers,эшелоны,no_equality
1126,tiers,ярусах,no_equality
1127,tiers,подсистемы,no_equality
1128,tiers,ярусам,no_equality
1129,pharyngeal,фарингальный,no_equality
1130,pharyngeal,гортанный,no_equality
1131,pharyngeal,фарингеальный,no_equality
1132,maidens,девы,no_equality
1133,maidens,дев,no_equality
1134,maidens,девушек,demoiselle
1135,maidens,девушки,no_equality
1136,maidens,девицы,demoiselle
1137,maidens,девицами,no_equality
1138,maidens,девами,no_equality
1139,maidens,девицам повелевается,no_equality
1140,preemption,упреждение,no_equality
1141,preemption,выгрузка,no_equality
1142,behaviors,поведение,comportement
1143,behaviors,поведение,conduite
1144,behaviors,поведения,comportement
1145,behaviors,поведении,no_equality
1146,behaviors,поведением,comportement
1147,initializing,инициализации,initialisation
1148,amazing,удивительный,incroyable
1149,amazing,удивительный,étonnant
1150,amazing,удивительный,extraordinaire
1151,amazing,удивительный,formidable
1152,amazing,удивительный,merveilleux
1153,amazing,удивительный,magnifique
1154,amazing,удивительный,remarquable
1155,amazing,невероятный,incroyable
1156,amazing,удивительнейший,no_equality
1157,amazing,потрясающий,extraordinaire
1158,amazing,потрясающий,super
1159,amazing,потрясающий,formidable
1160,amazing,потрясающий,merveilleux
1161,amazing,потрясающий,magnifique
1162,amazing,потрясающий,superbe
1163,amazing,поражающий,no_equality
1164,amazing,изумляющий,no_equality
1165,displease,рассердить,no_equality
1166,displease,вызывать недовольство,no_equality
1167,displease,не по душе,no_equality
1168,displease,не нравится,no_equality
1169,ominous,зловещий,sinistre
1170,ominous,зловещий,menaçant
1171,ominous,зловеще,inquiétant
1172,ominous,зловеще,sinistre
1173,ominous,зловеще,menaçant
1174,ominous,зловеще,alarmant
1175,ominous,угрожающий,menaçant
1176,ominous,грозные,no_equality
1177,ominous,угрожающе,no_equality
1178,depositories,депозитариев,dépositaire
1179,depositories,хранилищ,no_equality
1180,depositories,хранилищами,no_equality
1181,depositories,хранилища,no_equality
1182,depositories,депозитариями,dépositaire
1183,depositories,депозитарии,no_equality
1184,depositories,депозитариям,no_equality
1185,depositories,хранилищах,no_equality
1186,depositories,хранилищем,dépositaire
1187,gnomes,гномов,gnome
1188,gnomes,гномов,nain
1189,gnomes,гномы,gnome
1190,gnomes,гномы,nain
1191,gnomes,гномами,nain
1192,gnomes,гномики,no_equality
1193,cradles,колыбелей,berceau
1194,cradles,рамах,no_equality
1195,cradles,опоры,support
1196,cradles,убаюкает,no_equality
1197,cradles,очагов,no_equality
1198,cradles,колыбелях,no_equality
1199,cradles,"программа ""колыбели надежды""",berceau
1200,cradles,ложемент,no_equality
1201,roasted,обжаренный,no_equality
1202,roasted,зажаренный в духовке,no_equality
1203,roasted,запеченный,no_equality
1204,roasted,обожженный,no_equality
1205,roasted,жареный,rôti
1206,roasted,жареный,grillé
1207,roasted,жареный,cuit
1208,roasted,каленый,no_equality
1209,hydroxyl,гидроксильный,no_equality
1210,hydroxyl,гидроксильных,no_equality
1211,hydroxyl,гидроксильными,hydroxyle
1212,marked,заметный,marqué
1213,marked,заметный,nette
1214,marked,заметный,sensible
1215,marked,заметный,notable
1216,marked,отмечен,forte
1217,marked,отмечен,signalé
1218,marked,заметно,no_equality
1219,marked,маркировка,no_equality
1220,marked,отмечены,no_equality
1221,marked,стало,no_equality
1222,marked,ознаменовала,marquait
1223,marked,отмечено,marqué
1224,marked,отмечено,indiqué
1225,marked,помечены,no_equality
1226,marked,отметил,no_equality
1227,marked,ознаменовал,no_equality
1228,marked,обозначены,no_equality
1229,marked,значительное,nette
1230,marked,значительное,sensible
1231,marked,значительное,forte
1232,marked,значительное,notable
1233,marked,значительное,importante
1234,marked,стала,no_equality
1235,marked,отмечается,no_equality
1236,falconer,фолкнер,no_equality
1237,falconer,сокольничий,fauconnier
1238,falconer,сокольник,no_equality
1239,falconer,фолкнера,no_equality
1240,falconer,фолкнером,no_equality
1241,dreariness,мрачность,no_equality
1242,blurs,размывает,brouille
1243,blurs,стирает,no_equality
1244,saw,видел,ai vu
1245,saw,видел,a vu
1246,saw,видел,as vu
1247,saw,видел,ai vue
1248,saw,видел,voir
1249,saw,видел,voyait
1250,saw,видел,voyais
1251,saw,видел,a vue
1252,saw,видел,voit
1253,saw,видела,ai vu
1254,saw,видела,a vu
1255,saw,видела,as vu
1256,saw,видела,ai vue
1257,saw,видела,voir
1258,saw,видела,voyait
1259,saw,видела,voyais
1260,saw,видела,a vue
1261,saw,видела,voit
1262,saw,увидел,ai vu
1263,saw,увидел,a vu
1264,saw,увидел,as vu
1265,saw,увидел,ai vue
1266,saw,увидел,voir
1267,saw,увидел,vit
1268,saw,увидел,voyait
1269,saw,увидел,voyais
1270,saw,увидел,voyant
1271,saw,увидел,a vue
1272,saw,увидел,voit
1273,saw,видели,a vu
1274,saw,видели,avez vu
1275,saw,видели,ont vu
1276,saw,видели,voir
1277,saw,видели,voyait
1278,saw,видели,a vue
1279,saw,видели,voit
1280,saw,увидела,ai vu
1281,saw,увидела,a vu
1282,saw,увидела,as vu
1283,saw,увидела,ai vue
1284,saw,увидела,voir
1285,saw,увидела,vit
1286,saw,увидела,voyais
1287,saw,увидела,voyant
1288,saw,увидела,a vue
1289,saw,увидела,vis
1290,saw,увидела,voit
1291,saw,увидели,a vu
1292,saw,увидели,avez vu
1293,saw,увидели,ont vu
1294,saw,увидели,voir
1295,saw,увидели,voyant
1296,saw,увидели,voit
1297,saw,заметил,ai vu
1298,saw,заметил,a vu
1299,saw,заметил,as vu
1300,saw,заметил,voir
1301,saw,заметил,voit
1302,saw,пила,scie
1303,saw,виделись,avez vu
1304,saw,смотрел,ai vu
1305,saw,смотрел,a vu
1306,saw,смотрел,as vu
1307,saw,смотрел,voyait
1308,saw,смотрел,voyais
1309,saw,вижу,ai vu
1310,saw,вижу,voir
1311,saw,вижу,voyais
1312,saw,вижу,voit
1313,saw,мнению,no_equality
1314,saw,понял,no_equality
1315,saw,заметила,ai vu
1316,saw,заметила,a vu
1317,saw,заметила,as vu
1318,saw,заметила,voir
1319,saw,считает,voit
1320,saw,пилить,scier
1321,saw,напилить,no_equality
1322,disbanded,расформированный,no_equality
1323,disbanded,распущенный,no_equality
1324,passes,проходит,passent
1325,passes,пропуска,laissez-passer
1326,passes,пропуска,passage
1327,passes,пропуска,pass
1328,passes,пропусков,laissez-passer
1329,passes,пройдет,no_equality
1330,passes,передает,passe
1331,passes,передает,transmet
1332,passes,переходит,passe
1333,passes,переходит,dépasse
1334,passes,билеты,no_equality
1335,passes,пропуск,passe
1336,passes,пропуск,laissez-passer
1337,passes,пропуск,pass
1338,passes,пропусками,laissez-passer
1339,passes,проходят,passent
1340,passes,пересекает,no_equality
1341,passes,прошел,no_equality
1342,passes,проходов,no_equality
1343,passes,пропуски,laissez-passer
1344,passes,перевалы,col
1345,autonomous,автономный,autonome
1346,autonomous,автономный,autonomie
1347,autonomous,самостоятельный,no_equality
1348,autonomous,независимый,autonome
1349,autonomous,независимый,indépendant
1350,autonomous,автономии,no_equality
1351,autonomous,самостоятельно,indépendant
1352,autonomous,самостоятельность,no_equality
1353,autonomous,независимые,no_equality
1354,autonomous,автономией,no_equality
1355,autonomous,автономию,no_equality
1356,autonomous,автономность,no_equality
1357,degassing,дегазация,dégazage
1358,degassing,обезгаживание,no_equality
1359,degassing,дегазацией,no_equality
1360,degassing,дегазанта,no_equality
1361,aren't,разве,no_equality
1362,aren't,ты,no_equality
1363,aren't,а,no_equality
1364,aren't,не,no_equality
1365,aren't,нет,non
1366,aren't,нет,n'
1367,aren't,нет,sans
1368,aren't,нельзя,n'
1369,aren't,у,no_equality
1370,aren't,вы,avez
1371,aren't,же,no_equality
1372,aren't,недостаточно,no_equality
1373,aren't,мало,no_equality
1374,aren't,есть,no_equality
1375,aren't,запрещено,no_equality
1376,aren't,может,no_equality
1377,aren't,быть,no_equality
1378,closure,закрытие,fermeture
1379,closure,закрытие,clôture
1380,closure,закрытие,bouclage
1381,closure,замыкание,no_equality
1382,closure,затвор,fermeture
1383,closure,затвор,obturateur
1384,closure,застежка,no_equality
1385,closure,прекращение прений,no_equality
1386,closure,крышка,bouchon
1387,closure,крышка,couvercle
1388,closure,прекращение,no_equality
1389,closure,замкнутость,no_equality
1390,closure,ликвидация,no_equality
1391,closure,закрытие территорий,bouclage
1392,closure,перекрытие,no_equality
1393,closure,свертывание,no_equality
1394,closure,закрытие границ,no_equality
1395,closure,герметизация,no_equality
1396,closure,смыкание,no_equality
1397,closure,запорный,no_equality
1398,closure,замыкающий,no_equality
1399,confusion,путаница,confusion
1400,confusion,замешательство,confusion
1401,confusion,замешательство,trouble
1402,confusion,замешательство,confus
1403,confusion,замешательство,embarra
1404,confusion,неразбериха,confusion
1405,confusion,неразбериха,chaos
1406,confusion,недоразумение,confusion
1407,confusion,недоразумение,malentendu
1408,confusion,смятение,confusion
1409,confusion,смятение,désarroi
1410,confusion,смешение,confusion
1411,confusion,неясность,no_equality
1412,confusion,заблуждение,confusion
1413,confusion,недопонимание,confusion
1414,confusion,недопонимание,malentendu
1415,confusion,неопределенность,flou
1416,confusion,неясности,confusion
1417,confusion,беспорядок,confusion
1418,confusion,беспорядок,désordre
1419,confusion,беспорядок,chaos
1420,confusion,непонимание,confusion
1421,confusion,непонимание,malentendu
1422,confusion,смущение,confusion
1423,confusion,смущение,embarra
1424,confusion,растерянность,confusion
1425,confusion,растерянность,désarroi
1426,confusion,сомнение,no_equality
1427,towels,полотенца,serviette
1428,towels,полотенца,torchon
1429,towels,полотенца,essuie-mains
1430,towels,полотенец,no_equality
1431,towels,полотенцами,serviette
1432,towels,полотенце,no_equality
1433,towels,полотенцах,serviette
1434,towels,салфетки,serviette
1435,towels,салфетки,essuie-mains
1436,towels,полотенцам,no_equality
1437,towels,салфеток,serviette
1438,towels,полотенцем,serviette
1439,towels,полотенцем,torchon
1440,towels,прокладок,no_equality
1441,comprising,включающий,composé
1442,comprising,включающий,constitué
1443,comprising,включающий,comprenant
1444,comprising,включающий,comportant
1445,comprising,включающий,contenant
1446,comprising,включая,no_equality
1447,comprising,включающей,comprenant
1448,comprising,состоящий из,comportant
1449,comprising,включающего,comprenant
1450,comprising,состоящая из,no_equality
1451,comprising,включающие,comprenant
1452,comprising,включающие,comportant
1453,comprising,включающие,contenant
1454,comprising,включающих,comprenant
1455,comprising,включающих,comportant
1456,comprising,включающую,no_equality
1457,comprising,состав которой вошли,composé
1458,comprising,состав которой вошли,comprenant
1459,comprising,которую входят,composé
1460,comprising,которую входят,comprenant
1461,comprising,состоящей из,comportant
1462,comprising,состоящего из,no_equality
1463,comprising,входящих,no_equality
1464,comprising,состав которого вошли,composé
1465,scrape,царапина,éraflure
1466,scrape,царапина,égratignure
1467,scrape,наскрести,no_equality
1468,scrape,скрести,gratter
1469,scrape,отскрести,no_equality
1470,scrape,соскребать,no_equality
1471,scrape,отскребать,no_equality
1472,scrape,поскрести,no_equality
1473,scrape,скоблить,no_equality
1474,scrape,очищать,no_equality
1475,scrape,царапать,gratter
1476,scrape,соскреб,no_equality
1477,scrape,передряги,pétrin
1478,scrape,передрягу,pétrin
1479,scrape,хлоп,no_equality
1480,sprinkled,посыпать,no_equality
1481,sprinkled,посыпала,no_equality
1482,remain,оставаться,rester
1483,remain,оставаться,demeurer
1484,remain,оставаться,continuer
1485,remain,оставаться,garder
1486,remain,оставаться,conserver
1487,remain,оставаться,maintenir
1488,remain,оставаться,séjourner
1489,remain,остаться,rester
1490,remain,остаться,demeurer
1491,remain,остаться,garder
1492,remain,остается,encore
1493,remain,сохранять,rester
1494,remain,сохранять,demeurer
1495,remain,сохранять,continuer
1496,remain,сохранять,garder
1497,remain,сохранять,conserver
1498,remain,сохранять,maintenir
1499,remain,продолжать,rester
1500,remain,продолжать,demeurer
1501,remain,продолжать,continuer
1502,remain,продолжать,garder
1503,remain,продолжать,conserver
1504,remain,продолжать,maintenir
1505,remain,сохраняться,rester
1506,remain,сохраняться,demeurer
1507,remain,сохраняться,subsister
1508,remain,сохраняться,conserver
1509,remain,находиться,no_equality
1510,remain,сохранить,rester
1511,remain,сохранить,continuer
1512,remain,сохранить,garder
1513,remain,сохранить,conserver
1514,remain,сохранить,maintenir
1515,remain,являться,demeurer
1516,remain,оставить,rester
1517,remain,оставить,garder
1518,remain,оставить,conserver
1519,remain,оставить,maintenir
1520,remain,проявлять,no_equality
1521,remain,предстоит,no_equality
1522,remain,жить,no_equality
1523,remain,сохраняются,persistent
1524,remain,сохраняются,encore
1525,remain,все еще,encore
1526,remain,сохранения,no_equality
1527,remain,оставать,no_equality
1528,jolty,веселый,no_equality
1529,jolty,джолли,no_equality
1530,jolty,весело,no_equality
1531,jolty,весельчак,no_equality
1532,seduced,соблазненный,no_equality
1533,seduced,совращенный,no_equality
1534,seduced,искушенный,no_equality
1535,holder,держатель,titulaire
1536,holder,держатель,détenteur
1537,holder,держатель,porteur
1538,holder,владелец,titulaire
1539,holder,владелец,détenteur
1540,holder,владелец,propriétaire
1541,holder,обладатель,titulaire
1542,holder,обладатель,détenteur
1543,holder,обладатель,propriétaire
1544,holder,холдер,no_equality
1545,holder,правообладателя,no_equality
1546,holder,лицо,no_equality
1547,holder,патрон,no_equality
1548,holder,держательница,no_equality
1549,holder,холдера,no_equality
1550,holder,холдером,no_equality
1551,Vancouvers,ванкувер,no_equality
1552,Vancouvers,ванкувере,no_equality
1553,Vancouvers,ванкувера,no_equality
1554,Vancouvers,ванкуверский,no_equality
1555,Vancouvers,ванкуверской,no_equality
1556,suffixes,суффиксы,no_equality
1557,suffixes,индексы,no_equality
1558,tidingss,опрятность,propreté
1559,tidingss,аккуратность,no_equality
1560,incipiency,зарождающейся,no_equality
1561,incipiency,зарождающиеся,no_equality
1562,incipiency,зарождающихся,no_equality
1563,incipiency,зарождающегося,no_equality
1564,incipiency,начальном,no_equality
1565,incipiency,начальной,no_equality
1566,incipiency,начинающейся,no_equality
1567,incipiency,зарождающийся,no_equality
1568,incipiency,зарождающееся,no_equality
1569,incipiency,первые шаги,no_equality
1570,incipiency,начавшиеся,no_equality
1571,incipiency,начинающийся,no_equality
1572,incipiency,зарождающуюся,no_equality
1573,incipiency,стадии зарождения,no_equality
1574,incipiency,зачаточном состоянии,no_equality
1575,brickworks,кирпичный завод,no_equality
1576,migrations,миграции,migration
1577,migrations,миграции,immigration
1578,migrations,миграции,migrant
1579,migrations,миграция,migration
1580,migrations,миграция,flux migratoires
1581,migrations,миграция,mouvements migratoires
1582,migrations,миграция,immigration
1583,migrations,миграцией,no_equality
1584,migrations,миграцию,migration
1585,migrations,миграцию,mouvements migratoires
1586,migrations,миграцию,immigration
1587,migrations,миграциями,no_equality
1588,migrations,миграционных потоков,mouvements migratoires
1589,nominally,номинально,nominalement
1590,nominally,номинально,théoriquement
1591,nominally,формально,en principe
1592,nominally,формально,en théorie
1593,expansion,расширение,expansion
1594,expansion,расширение,dilatation
1595,expansion,расширение,élargissement
1596,expansion,расширение,extension
1597,expansion,расширение,développement
1598,expansion,расширение,agrandissement
1599,expansion,расширение,augmentation
1600,expansion,расширение,renforcement
1601,expansion,распространение,expansion
1602,expansion,распространение,élargissement
1603,expansion,распространение,extension
1604,expansion,распространение,développement
1605,expansion,развитие,expansion
1606,expansion,развитие,développement
1607,expansion,развитие,croissance
1608,expansion,развитие,essor
1609,expansion,развитие,renforcement
1610,expansion,развитие,progression
1611,expansion,растяжение,no_equality
1612,expansion,разложение,no_equality
1613,expansion,развертывание,développement
1614,expansion,наращивание,développement
1615,expansion,наращивание,augmentation
1616,expansion,наращивание,accroissement
1617,expansion,наращивание,renforcement
1618,expansion,раскрытие,no_equality
1619,expansion,экспандирование,no_equality
1620,expansion,увеличение мощности,augmentation
1621,expansion,увеличение мощности,multiplication
1622,expansion,расширительный,no_equality
1623,expansion,расширяющийся,no_equality
1624,irritability,раздражительность,no_equality
1625,irritability,раздражительностью,no_equality
1626,irritability,всплески раздражительности,no_equality
1627,conservationist,защитник природных ресурсов,no_equality
1628,conservationist,защитник природы,écologiste
1629,Freudian,фрейдист,freudien
1630,Freudian,фрейдистский,no_equality
1631,Freudian,фрейдистские,no_equality
1632,Freudian,фрейда,freudien
1633,Freudian,оговорка по фрейду,no_equality
1634,Freudian,фрейдистских,no_equality
1635,Freudian,фрейдистского,no_equality
1636,Freudian,фрейдистское,no_equality
1637,eats,ест,ronge
1638,eats,ест,mange
1639,eats,ест,manger
1640,eats,ест,dévore
1641,eats,ест,bouffe
1642,eats,ест,mangera
1643,eats,ест,mangent
1644,eats,ест,dîne
1645,eats,съедает,ronge
1646,eats,съедает,mange
1647,eats,съедает,dévore
1648,eats,съедает,bouffe
1649,eats,съест,mange
1650,eats,съест,dévore
1651,eats,съест,bouffe
1652,eats,съест,mangera
1653,eats,съест,mangent
1654,eats,едят,mange
1655,eats,едят,manger
1656,eats,едят,mangent
1657,eats,питается,se nourrit
1658,eats,съел,manger
1659,eats,жрет,mange
1660,eats,жрет,bouffe
1661,eats,поедает,ronge
1662,eats,поедает,mange
1663,eats,поедает,dévore
1664,eats,поедает,se nourrit
1665,eats,есть,no_equality
1666,eats,пожирает,ronge
1667,eats,пожирает,mange
1668,eats,пожирает,dévore
1669,eats,пожирает,bouffe
1670,eats,пожирает,avale
1671,eats,обедает,mange
1672,eats,обедает,dîne
1673,eats,обедает,déjeune
1674,eats,ел,manger
1675,eats,ел,dîne
1676,eats,поест,mange
1677,eats,поест,mangera
1678,eats,поест,mangent
1679,eats,сожрет,no_equality
1680,eats,кушает,no_equality
1681,draping,драпировка,no_equality
1682,draping,драпировку,no_equality
1683,draping,украшения,no_equality
1684,mentally,мысленно,mentalement
1685,mentally,умственно,mentalement
1686,mentally,умственно,intellectuellement
1687,mentally,умственно,mental
1688,mentally,ментальный,no_equality
1689,mentally,умственно отсталый,no_equality
1690,niceties,тонкостей,subtilité
1691,niceties,тонкости,subtilité
1692,niceties,тонкости,finesse
1693,niceties,любезностями,politesse
1694,niceties,тонкостях,subtilité
1695,niceties,вежливость,politesse
1696,niceties,любезности,amabilité
1697,competition,конкурс,compétition
1698,competition,конкурс,concours
1699,competition,конкурент,concurrence
1700,competition,конкурент,compétition
1701,competition,конкурент,concurrent
1702,competition,турнир,tournoi
1703,competition,борьба,concurrence
1704,competition,борьба,compétition
1705,competition,соискание,no_equality
1706,competition,состязательность,no_equality
1707,competition,конкурирование,no_equality
1708,competition,конкурентный,concurrentiel
1709,mythologized,мифологизированный,no_equality
1710,marvelling,восхищение,no_equality
1711,publicity,реклама,publicité
1712,publicity,реклама,pub
1713,publicity,публичность,publicité
1714,publicity,гласность,publicité
1715,publicity,огласка,publicité
1716,publicity,пропаганда,no_equality
1717,publicity,освещение,diffusion
1718,publicity,освещение,médiatisation
1719,publicity,известность,publicité
1720,publicity,известность,notoriété
1721,publicity,известность,renommée
1722,publicity,известность,célébrité
1723,publicity,популяризация,vulgarisation
1724,publicity,рекламный,publicité
1725,publicity,рекламный,publicitaire
1726,publicity,рекламный,pub
1727,publicity,публикации,publicité
1728,publicity,публикации,diffusion
1729,publicity,пропагандистских,information
1730,publicity,пропагандистских,sensibilisation
1731,publicity,пропагандистских,vulgarisation
1732,publicity,слава,notoriété
1733,publicity,слава,renommée
1734,publicity,слава,célébrité
1735,publicity,распространение информации,sensibilisation
1736,publicity,пиар,publicité
1737,publicity,пиар,pub
1738,publicity,шумиха,publicité
1739,publicity,шумиха,battage
1740,publicity,паблисити,no_equality
1741,mews,мьюз,no_equality
1742,mews,мяукает,no_equality
1743,critiques,критики,critique
1744,critiques,критику,no_equality
1745,critiques,критика,critique
1746,critiques,критикой,critique
1747,critiques,критические замечания,critique
1748,critiques,критический анализ,no_equality
1749,scratchers,лотерейные билеты,no_equality
1750,scratchers,лотерею,no_equality
1751,compatible,совместимый,no_equality
1752,compatible,совместимость,no_equality
1753,compatible,соответствие,no_equality
1754,compatible,сопоставимых,no_equality
1755,compatible,сопоставимы,no_equality
1756,compatible,сопоставимость,no_equality
1757,compatible,сопоставимые,no_equality
1758,compatible,сопоставимыми,no_equality
1759,compatible,сопоставимой,compatible
1760,compatible,сопоставим,no_equality
1761,transplantations,трансплантации,greffe
1762,transplantations,трансплантации,transplantation
1763,transplantations,операций по пересадке органов,greffe
1764,recalculating,пересчет,recalcul
1765,recalculating,пересчет,recalculé
1766,recalculating,пересчет,nouveau calcul
1767,recalculating,перерасчета,no_equality
1768,recalculating,пересчитывать,recalculer
1769,rubricate,разбивать на абзацы,no_equality
1770,painters,художники,peintre
1771,painters,художники,artiste
1772,painters,художников,artiste
1773,painters,маляров,peintre
1774,painters,маляры,no_equality
1775,painters,живописцев,peintre
1776,painters,малярами,no_equality
1777,painters,живописцы,no_equality
1778,painters,покраске,no_equality
1779,painters,художникам,artiste
1780,sanely,здраво,no_equality
1781,sanely,нормально,no_equality
1782,bargained,рассчитывал,no_equality
1783,bargained,рассчитывали,no_equality
1784,bargained,рассчитывала,no_equality
1785,bargained,торговался,no_equality
1786,bargained,ожидали,no_equality
1787,bargained,договаривались,no_equality
1788,bargained,поступаться,no_equality
1789,bargained,сторговаться,no_equality
1790,spatial,пространственный,spatial
1791,spatial,пространственно,no_equality
1792,ranting,разглагольствование,no_equality
1793,ranting,разглагольствовал,no_equality
1794,ranting,кричал,no_equality
1795,ranting,разглагольствовать,no_equality
1796,ranting,разглагольствуют,no_equality
1797,ranting,разошлась,no_equality
1798,ranting,разглагольствуешь,no_equality
1799,ranting,бормотал,no_equality
1800,ranting,напыщенный,no_equality
1801,cushioning,Демпфирование,no_equality
1802,cushioning,амортизация,amortissement
1803,cushioning,смягчение,no_equality
1804,cushioning,подрессоривание,no_equality
1805,cushioning,упругое сжатие,no_equality
1806,cushioning,амортизирующий,no_equality
1807,cushioning,смягчающий,no_equality
1808,westernized,прозападный,no_equality
1809,westernized,западным,occidental
1810,westernized,поддавшиеся западному влиянию,occidental
1811,waistcoats,жилеты,veste
1812,waistcoats,жилетки,no_equality
1813,reiterated,подтвердил,a réitéré
1814,reiterated,подтвердил,a réaffirmé
1815,reiterated,подтвердили,a réaffirmé
1816,reiterated,подтвердили,ont réaffirmé
1817,reiterated,вновь заявили о,ont réaffirmé
1818,reiterated,вновь заявляет о,renouvelle
1819,reiterated,подтверждает,no_equality
1820,reiterated,подтвердила,a réitéré
1821,reiterated,подтвердила,a réaffirmé
1822,reiterated,подтвердила,a rappelé
1823,reiterated,вновь заявил о,a réitéré
1824,reiterated,вновь заявил о,a réaffirmé
1825,reiterated,вновь заявил о,a rappelé
1826,reiterated,вновь заявила о,a réitéré
1827,reiterated,вновь заявила о,a répété
1828,reiterated,вновь заявила о,a renouvelé
1829,reiterated,повторил,no_equality
1830,reiterated,повторяет,rappelle
1831,reiterated,повторяет,renouvelle
1832,reiterated,подтвердило,a réitéré
1833,reiterated,подтвердило,a réaffirmé
1834,reiterated,подтвердило,ont réaffirmé
1835,reiterated,подтвердило,renouvelle
1836,reiterated,подтверждено,réitérée
1837,reiterated,повторила,a réitéré
1838,reiterated,повторила,a réaffirmé
1839,reiterated,повторила,a rappelé
1840,reiterated,повторила,a répété
1841,reiterated,повторила,a renouvelé
1842,reiterated,подчеркнул,a rappelé
1843,reiterated,подчеркнули,ont rappelé
1844,agitating,агитирующий,no_equality
1845,agitating,перемешивание,brassage
1846,agitating,агитация,agitation
1847,lymph,лимфатический,no_equality
1848,lymph,лимфа,no_equality
1849,lymph,лимфоузел,no_equality
1850,lymph,лимфоузлов,no_equality
1851,lymph,лимфу,no_equality
1852,lymph,лимфоузла,no_equality
1853,lymph,лимфатическим,no_equality
1854,lymph,лимфоузле,no_equality
1855,lymph,лимфотока,no_equality
1856,awarding,предоставление,attribution
1857,awarding,предоставление,octroi
1858,awarding,присуждение,attribution
1859,awarding,присуждение,remise
1860,awarding,заключения,passation
1861,awarding,выдающий подряд,no_equality
1862,awarding,выплаты,no_equality
1863,awarding,вручение,remise
1864,awarding,заключении,passation
1865,awarding,выдачи,attribution
1866,awarding,выдачи,octroi
1867,awarding,выдачи,remise
1868,awarding,выдачи,délivrance
1869,awarding,награждения,no_equality
1870,awarding,выдающим подряд,no_equality
1871,awarding,присвоения,attribution
1872,awarding,присвоения,attribuer
1873,promiscuous,неразборчивый,no_equality
1874,promiscuous,распущенных,no_equality
1875,promiscuous,неразборчивость,no_equality
1876,promiscuous,беспорядочного,no_equality
1877,promiscuous,распутное,no_equality
1878,promiscuous,неразборчива в связях,no_equality
1879,promiscuous,ведут беспорядочную половую жизнь,no_equality
1880,promiscuous,легкомысленна,no_equality
1881,promiscuous,неразборчив в связях,no_equality
1882,promiscuous,разврат,no_equality
1883,moveable,движимого,mobilier
1884,moveable,передвижной,no_equality
1885,moveable,движимое,meuble
1886,moveable,подвижной,mobile
1887,moveable,движимой,mobilier
1888,moveable,движимой,meuble
1889,moveable,движимым,meuble
1890,moveable,движимых,no_equality
1891,moveable,открывающейся,no_equality
1892,moveable,движимом,no_equality
1893,moveable,движимая,no_equality
1894,moveable,съемные,no_equality
1895,arts,статьи,article
1896,arts,искусств,art
1897,arts,искусств,artistique
1898,arts,искусств,lettre
1899,arts,искусств,artiste
1900,arts,искусства,no_equality
1901,arts,искусство,art
1902,arts,искусство,artistique
1903,arts,искусству,art
1904,arts,искусстве,art
1905,arts,статья,article
1906,arts,искусством,art
1907,arts,искусством,artistique
1908,arts,искусствам,no_equality
1909,arts,ст,art
1910,arts,художественных,art
1911,arts,художественных,artistique
1912,arts,художественных,artisanat
1913,arts,искусствах,no_equality
1914,arts,гуманитарных наук,art
1915,arts,художественные,art
1916,arts,художественные,artistique
1917,arts,художественные,artisanat
1918,arts,культуры,artiste
1919,arts,культуры,culturel
1920,arts,культуры,culture
1921,Atticas,аттикус,atticus
1922,Atticas,аттикусом,atticus
1923,Atticas,аттикуса,atticus
1924,Atticas,аттикусу,no_equality
1925,imperials,империя,no_equality
1926,imperials,имперцы,impériaux
1927,imperials,империалов,no_equality
1928,Mars,марс,mar
1929,Mars,марса,martien
1930,Mars,марсе,mar
1931,Mars,марсианский,no_equality
1932,Mars,марсом,mar
1933,Mars,марсу,mar
1934,Mars,mars,no_equality
1935,Mars,марта,mar
1936,Mars,марта,avril
1937,Mars,марта,mai
1938,Mars,ћарс,no_equality
1939,Mars,марсоход,no_equality
1940,Mars,марсианские,martien
1941,master,мастер,maître
1942,master,мастер,master
1943,master,хозяин,maître
1944,master,хозяин,Monsieur
1945,master,хозяин,chef
1946,master,хозяин,patron
1947,master,магистр,maître
1948,master,магистр,master
1949,master,господин,maître
1950,master,господин,Monsieur
1951,master,господин,chef
1952,master,господин,messire
1953,master,учитель,maître
1954,master,учитель,maîtresse
1955,master,учитель,Monsieur
1956,master,учитель,instituteur
1957,master,повелитель,maître
1958,master,капитан,capitaine
1959,master,капитан,chef
1960,master,наставник,maître
1961,master,главный,principal
1962,master,главный,directeur
1963,master,основной,principal
1964,master,овладеть,maîtriser
1965,master,овладеть,posséder
1966,master,освоить,no_equality
1967,master,осваивать,maîtriser
1968,master,судоводитель,no_equality
1969,master,мистер,maître
1970,master,мистер,Monsieur
1971,master,владыка,maître
1972,master,магистерский,no_equality
1973,master,научиться,maîtriser
1974,master,овладевать,maîtriser
1975,master,отработать,no_equality
1976,master,мэтр,maître
1977,master,оригинал,no_equality
1978,master,лучший,no_equality
1979,master,властитель,no_equality
1980,eavesdrop,подслушивать,espionner
1981,eavesdrop,подслушивать,écouter
1982,eavesdrop,подслушать,espionner
1983,eavesdrop,подслушивания,no_equality
1984,eavesdrop,прослушивать,écouter
1985,eavesdrop,прослушиваем,no_equality
1986,actualities,подлинные условия,no_equality
1987,articles,статей,article
1988,articles,статей,texte
1989,articles,статей,disposition
1990,articles,статьи,article
1991,articles,статьи,texte
1992,articles,статьи,disposition
1993,articles,статьи,paragraphe
1994,articles,статьях,article
1995,articles,статьях,disposition
1996,articles,статьях,paragraphe
1997,articles,статьями,article
1998,articles,статьями,disposition
1999,articles,статьям,article
2000,articles,статьям,objet
2001,articles,изделий,article
2002,articles,изделий,objet
2003,articles,изделий,produit
2004,articles,изделия,article
2005,articles,изделия,produit
2006,articles,статьей,article
2007,articles,статьей,paragraphe
2008,articles,предметов,article
2009,articles,предметов,objet
2010,articles,предметов,produit
2011,articles,предметов,pièce
2012,articles,предметов,marchandise
2013,articles,предметы,article
2014,articles,предметы,objet
2015,articles,предметы,produit
2016,articles,изделиях,no_equality
2017,articles,изделиями,article
2018,articles,изделиями,objet
2019,articles,статье,article
2020,articles,статье,disposition
2021,articles,статье,paragraphe
2022,articles,статья,article
2023,articles,изделиям,objet
2024,hollered,звала,no_equality
2025,hollered,закричал,a crié
2026,hollered,закричал,ai crié
2027,hollered,закричал,a hurlé
2028,hollered,прокричал,a crié
2029,hollered,прокричал,ai crié
2030,hollered,прокричал,cria
2031,hollered,кричали,no_equality
2032,hollered,крикнул,no_equality
2033,overreaction,чрезмерная реакция,no_equality
2034,overreaction,острая реакция,no_equality
2035,overreaction,чрезмерной реакцией,réaction excessive
2036,overreaction,чрезмерной реакции,réaction excessive
2037,overreaction,чрезмерной реакции,réaction exagérée
2038,overreaction,переборщил,exagéré
2039,overreaction,бурную реакцию,no_equality
2040,overreaction,слишком,no_equality
2041,blinds,жалюзи,store
2042,blinds,жалюзи,volet
2043,blinds,жалюзи,rideau
2044,blinds,шторы,store
2045,blinds,шторы,volet
2046,blinds,шторы,rideau
2047,blinds,ослепляет,aveugle
2048,blinds,блайнды,no_equality
2049,blinds,штор,rideau
2050,blinds,блайндов,no_equality
2051,blinds,занавески,rideau
2052,blinds,слепит,no_equality
2053,blinds,шторки,rideau
2054,congratulation,поздравления,félicitation
2055,congratulation,поздравления,bravo
2056,congratulation,поздравления,féliciter
2057,congratulation,поздравление,félicitation
2058,congratulation,поздравляю,félicitation
2059,congratulation,поздравляю,bravo
2060,congratulation,поздравляю,féliciter
2061,congratulation,поздравляем,félicitation
2062,congratulation,признательности,no_equality
2063,mummies,мумии,no_equality
2064,mummies,мумиями,momie
2065,mummies,мумиях,no_equality
2066,combining,объединяющий,no_equality
2067,combining,сочетающий,combinant
2068,combining,сочетающий,qui combine
2069,combining,соединяющий,no_equality
2070,combining,сочетающий в себе,combinant
2071,combining,комбинирующий,no_equality
2072,combining,комбинирование,combinaison
2073,combining,комбинирование,combiner
2074,combining,соединение,combinaison
2075,combining,соединение,assemblage
2076,combining,сложение,no_equality
2077,emulsifiers,эмульгаторов,no_equality
2078,windwards,наветренные острова,no_equality
2079,impute,приписать,attribuer
2080,impute,вменять,no_equality
2081,impute,приписывать,imputer
2082,impute,приписывать,attribuer
2083,impute,условных расчетов,no_equality
2084,impute,возложить,imputer
2085,impute,возложить,attribuer
2086,impute,исчисления,no_equality
2087,impute,условно исчислять,imputer
2088,impute,возложения,attribuer
2089,beginner,начинающий,débutant
2090,beginner,новичок,débutant
2091,beginner,новичок,débutante
2092,beginner,новичок,novice
2093,beginner,начальный уровень,no_equality
2094,beginner,начинающий фотограф,débutant
2095,beginner,начальный,no_equality
2096,perpetrated,совершенных,menée
2097,perpetrated,совершаемых,no_equality
2098,perpetrated,совершенные,no_equality
2099,perpetrated,совершаемые,no_equality
2100,perpetrated,совершенный,no_equality
2101,perpetrated,совершаются,fait
2102,perpetrated,совершены,no_equality
2103,perpetrated,совершено,no_equality
2104,perpetrated,совершаемого,perpétré
2105,perpetrated,совершаемого,commise
2106,perpetrated,совершается,no_equality
2107,perpetrated,совершались,commettent
2108,perpetrated,совершаемым,perpétrer
2109,perpetrated,совершаемыми,no_equality
2110,perpetrated,совершил,commettre
2111,perpetrated,совершил,commet
2112,perpetrated,совершают,commettent
2113,perpetrated,совершают,commet
2114,final,окончательный,final
2115,final,окончательный,dernier
2116,final,окончательный,définitif
2117,final,окончательный,ultime
2118,final,заключительный,final
2119,final,заключительный,dernier
2120,final,заключительный,définitif
2121,final,последний,final
2122,final,последний,dernier
2123,final,последний,ultime
2124,final,конечный,final
2125,final,конечный,ultime
2126,final,итоговый,final
2127,final,финальный,final
2128,final,финальный,dernier
2129,final,завершающий,final
2130,final,выпускной,final
2131,final,выпускной,terminal
2132,final,финал,finale
2133,final,экзамен,no_equality
2134,final,последние,dernier
2135,final,последняя,dernier
2136,final,последняя,ultime
2137,final,высшей,ultime
2138,final,завершающую,no_equality
2139,final,выпускной экзамен,no_equality
2140,final,финальный матч,finale
2141,final,финальное соревнование,no_equality
2142,hobbits,хоббиты,no_equality
2143,hobbits,хоббитов,no_equality
2144,hobbits,хоббитами,no_equality
2145,hobbits,хоббитах,no_equality
2146,hobbits,хоббитам,no_equality
2147,hobbits,хоббита,no_equality
2148,foulness,грязь,no_equality
2149,foulness,гнусность,no_equality
2150,foulness,газоносность,no_equality
2151,happily,счастливо,joyeusement
2152,happily,счастливо,heureux
2153,happily,к счастью,heureusement
2154,happily,к счастью,par bonheur
2155,happily,с радостью,volontiers
2156,happily,с радостью,avec joie
2157,happily,с радостью,avec plaisir
2158,happily,с удовольствием,volontiers
2159,happily,с удовольствием,avec joie
2160,happily,с удовольствием,avec plaisir
2161,happily,счастливый,no_equality
2162,happily,охотно,volontiers
2163,happily,охотно,avec joie
2164,happily,радостно,no_equality
2165,happily,удачно,heureusement
2166,happily,благополучно,no_equality
2167,knock,стучать,frapper
2168,knock,стучать,cogner
2169,knock,стучать,taper
2170,knock,стучать,toquer
2171,knock,сбить,frapper
2172,knock,нокаутировать,no_equality
2173,knock,опрокинуть,no_equality
2174,knock,оглушить,frapper
2175,knock,столкнуть,no_equality
2176,knock,стукнуться,no_equality
2177,knock,обивать,no_equality
2178,knock,сколачивать,no_equality
2179,knock,стук,coup
2180,knock,удар,coup
2181,faltering,колебание,no_equality
2182,faltering,сбоями,no_equality
2183,faltering,сбои,no_equality
2184,faltering,неустойчивости,no_equality
2185,faltering,нерешительному,no_equality
2186,faltering,пробуксовывает,no_equality
2187,faltering,пошатнувшейся,no_equality
2188,conspire,сговориться,no_equality
2189,conspire,вступают в сговор,no_equality
2190,conspire,вступает в сговор,no_equality
2191,conspire,устраивают заговор,no_equality
2192,conspire,конспирации,no_equality
2193,conspire,замышлять,no_equality
2194,conspire,вступают в заговор,no_equality
2195,conspire,сговариваешься,no_equality
2196,conspire,сговаривались,no_equality
2197,conspire,сговоре,no_equality
2198,kinetics,кинетика,no_equality
2199,kinetics,кинетики,no_equality
2200,kinetics,кинетику,no_equality
2201,kinetics,кинетике,no_equality
2202,gleam,блеск,lueur
2203,gleam,блеск,éclat
2204,gleam,блеск,reflet
2205,gleam,отблеск,lueur
2206,gleam,отблеск,reflet
2207,gleam,проблеск,lueur
2208,gleam,свет,lueur
2209,gleam,свет,éclat
2210,gleam,блестели,no_equality
2211,gleam,светят,no_equality
2212,gleam,блестит,no_equality
2213,gleam,ламп,no_equality
2214,gleam,солнца яркий луч путь найди во мгле,no_equality
2215,throat,горло,gorge
2216,throat,горло,cou
2217,throat,горло,gosier
2218,throat,глотка,gorge
2219,throat,глотка,pharynx
2220,throat,гортань,larynx
2221,throat,в горле,no_equality
2222,throat,шее,gorge
2223,throat,шее,cou
2224,throat,в рот,no_equality
2225,throat,в глотку,no_equality
2226,throat,горлышко,goulot
2227,throat,шею,cou
2228,throat,перерезали,no_equality
2229,foretelling,предсказание,prédiction
2230,foretelling,предсказание,prévision
2231,foretelling,предсказывал,no_equality
2232,looped,зацикленный,no_equality
2233,outliers,выбросы,no_equality
2234,outliers,резко отклоняющихся значений,no_equality
2235,outliers,резко выделяющихся значений,no_equality
2236,outliers,резко выделяющиеся значения,no_equality
2237,outliers,выпадающих показателей,no_equality
2238,outliers,резко отличающихся значений,no_equality
2239,outliers,резко отклоняющиеся значения,no_equality
2240,outliers,аномальных значений,no_equality
2241,outliers,нетипичные претензии,no_equality
2242,outliers,резкие отклонения значений,no_equality
2243,outliers,эти данные резко отличаются от остальных,no_equality
2244,reprieved,помиловали,no_equality
2245,worlds,миров,monde
2246,worlds,миров,univers
2247,worlds,миры,monde
2248,worlds,мирами,monde
2249,worlds,мирах,monde
2250,worlds,мира,planète
2251,worlds,мир,monde
2252,worlds,мир,univers
2253,worlds,мире,no_equality
2254,worlds,мирам,no_equality
2255,worlds,миром,monde
2256,worlds,планет,monde
2257,worlds,планет,planète
2258,worlds,планеты,monde
2259,worlds,планеты,planète
2260,worlds,мировых,no_equality
2261,worlds,мировые,no_equality
2262,worlds,чм,no_equality
2263,worlds,миру,no_equality
2264,unjustly,несправедливо,injustement
2265,unjustly,несправедливо,indûment
2266,unjustly,несправедливо,injustice
2267,unjustly,незаконно,injustement
2268,unjustly,незаслуженно,injustement
2269,unjustly,необоснованно,no_equality
2270,unjustly,несправедливому,no_equality
2271,unjustly,неосновательное,no_equality
2272,unjustly,несправедливым образом,no_equality
2273,unjustly,без оснований,no_equality
2274,unjustly,неправомерно,injustement
2275,unjustly,неправомерно,indûment
2276,unjustly,несправедливое,no_equality
2277,cheering,аплодирующий,no_equality
2278,cheering,приветствующий,no_equality
2279,cheering,болеющий,no_equality
2280,cheering,радующийся,no_equality
2281,cheering,приветствие,no_equality
2282,cheering,аплодисменты,acclamation
2283,cheering,аплодисменты,applaudir
2284,cheering,подбадривание,no_equality
2285,slender,стройный,mince
2286,slender,стройный,élancé
2287,slender,стройный,svelte
2288,slender,узкий,étroit
2289,slender,слабый,no_equality
2290,slender,скудный,étroit
2291,slender,гибкий,no_equality
2292,movers,грузчики,no_equality
2293,movers,грузчиков,déménageur
2294,movers,грузчикам,no_equality
2295,movers,перевозчики,no_equality
2296,movers,перевозчиков,no_equality
2297,movers,действующими лицами,no_equality
2298,movers,носильщиков,no_equality
2299,movers,инициаторов,pionnier
2300,movers,инициаторы,no_equality
2301,movers,влиятельными,no_equality
2302,movers,перенимают,no_equality
2303,transferable,передаваемый,no_equality
2304,transferable,переводной,no_equality
2305,transferable,подлежат передаче,transfert
2306,transferable,подлежат передаче,transférer
2307,transferable,подлежит передаче,transfert
2308,transferable,подлежит передаче,transférer
2309,informatory,содержательный,informatif
2310,communications,коммуникационный,no_equality
2311,colonizer,колонизатор,no_equality
2312,colonizer,вселенец,no_equality
2313,pasted,вставленный,no_equality
2314,pasted,наклеенный,no_equality
2315,pasted,вклеенный,no_equality
2316,pasted,вклеиваемый,no_equality
2317,clinching,заключение,no_equality
2318,tunnels,туннелях,tunnel
2319,tunnels,туннелей,tunnel
2320,tunnels,туннелей,galerie
2321,tunnels,туннели,tunnel
2322,tunnels,туннели,galerie
2323,tunnels,тоннели,tunnel
2324,tunnels,тоннелей,galerie
2325,tunnels,туннелям,tunnel
2326,tunnels,тоннелях,tunnel
2327,tunnels,туннелями,tunnel
2328,tunnels,туннелями,souterrain
2329,tunnels,туннеле,tunnel
2330,tunnels,туннеля,tunnel
2331,tunnels,туннель,tunnel
2332,tunnels,туннель,souterrain
2333,tunnels,тоннелям,no_equality
2334,tunnels,тоннель,tunnel
2335,tunnels,тоннеля,tunnel
2336,tunnels,тоннеле,tunnel
2337,liposuctions,липосакции,liposuccion
2338,idealize,идеализировать,idéaliser
2339,stout,стаут,stout
2340,stout,крепкий,solide
2341,stout,крепкий,robuste
2342,stout,толстый,corpulent
2343,stout,толстый,gros
2344,stout,отважный,vaillant
2345,stout,коренастый,no_equality
2346,stout,храброе,no_equality
2347,stout,портера,no_equality
2348,stout,пива,no_equality
2349,stout,румяного,no_equality
2350,stout,стаута,no_equality
2351,stout,стауту,no_equality
2352,stout,стаутом,no_equality
2353,flotillas,флотилий,no_equality
2354,flotillas,же флотилия,no_equality
2355,impassiveness,спокойствие,no_equality
2356,espousal,поддержка,no_equality
2357,espousal,поддержания претензий,no_equality
2358,recency,новизна,no_equality
2359,recency,свежесть,no_equality
2360,Confucianisms,конфуцианство,confucianisme
2361,Confucianisms,конфуцианцев,no_equality
2362,Confucianisms,конфуцианству,no_equality
2363,cruiser,крейсер,croiseur
2364,cruiser,крейсер,vaisseau
2365,cruiser,машины,no_equality
2366,cruiser,крузер,no_equality
2367,cruiser,машине,no_equality
2368,cruiser,крузера,cruiser
2369,cruiser,крузере,no_equality
2370,Crustacea,ракообразные,crustacé
2371,Crustacea,ракообразн,no_equality
2372,Crustacea,ракообразных,crustacé
2373,floras,флорес,flore
2374,Induses,вызывает,no_equality
2375,Induses,побуждает,no_equality
2376,Induses,порождает,no_equality
2377,Induses,стимулирует,no_equality
2378,Induses,склоняет,no_equality
2379,Induses,индуцирует,no_equality
2380,Induses,убеждает,no_equality
2381,Induses,принуждает,no_equality
2382,Induses,подстрекает,no_equality
2383,Induses,побуждающее,no_equality
2384,Induses,вынуждает,no_equality
2385,Induses,подстрекающее,no_equality
2386,Induses,побуждают,no_equality
2387,astronomically,астрономически,astronomiquement
2388,energizing,активизация,no_equality
2389,energizing,возбуждение,no_equality
2390,energizing,возбуждающий,no_equality
2391,energizing,наполняющий энергией,énergétique
2392,hilling,фейсхиллинг,no_equality
2393,hilling,фейсхиллингом,no_equality
2394,absurdities,нелепости,absurdité
2395,slants,наклоняет,no_equality
2396,formalisms,формализмы,no_equality
2397,Philistia,обыватель,no_equality
2398,Philistia,мещанской,no_equality
2399,Philistia,филистимлянина,no_equality
2400,sprints,спринта,no_equality
2401,storing,хранение,stockage
2402,storing,хранение,entreposage
2403,storing,хранение,conservation
2404,storing,хранить,no_equality
2405,storing,запоминание,no_equality
2406,storing,хранит,no_equality
2407,storing,хранят,stocke
2408,storing,складирования,stockage
2409,storing,складирования,entreposage
2410,storing,хранились,no_equality
2411,storing,хранил,no_equality
2412,hating,ненавидящий,no_equality
2413,hating,ненависть,détester
2414,hating,ненависть,haïr
2415,hating,ненависть,haine
2416,patch,патч,patch
2417,patch,патч,correctif
2418,patch,участок,parcelle
2419,patch,пластырь,patch
2420,patch,пластырь,emplâtre
2421,patch,заплатка,patch
2422,patch,заплатка,correctif
2423,patch,период,no_equality
2424,patch,времена,no_equality
2425,patch,нашивка,no_equality
2426,patch,клочок,no_equality
2427,patch,залатать,no_equality
2428,patch,повязку,bandeau
2429,patch,подлатать,no_equality
2430,patch,латать,no_equality
2431,patch,пэтч,patch
2432,patch,пятно,tache
2433,patch,заплата,no_equality
2434,patch,грядка,no_equality
2435,sabotaging,саботаж,saboter
2436,sabotaging,саботаж,sabotage
2437,sabotaging,саботирование,no_equality
2438,sabotaging,саботирующий,no_equality
2439,Beowulfs,беовульф,beowulf
2440,Beowulfs,беовульфа,beowulf
2441,Beowulfs,хрустнули,no_equality
2442,Beowulfs,создании кластера beowulf,no_equality
2443,Beowulfs,беовульфу,no_equality
2444,Beowulfs,беовульфе,no_equality
2445,Beowulfs,я-беовульф,beowulf
2446,agriculturist,агроном,no_equality
2447,replenishments,пополнения,reconstitution
2448,replenishments,пополнения,réapprovisionnement
2449,replenishments,пополнений,reconstitution
2450,replenishments,пополнению запасов,no_equality
2451,replenishments,пополнение ресурсов,no_equality
2452,replenishments,пополнение средств,reconstitution
2453,talents,таланты,talent
2454,talents,таланты,don
2455,talents,талантов,compétence
2456,talents,талантов,don
2457,talents,талантов,aptitude
2458,talents,талантов,qualité
2459,talents,талант,talent
2460,talents,талант,compétence
2461,talents,талант,don
2462,talents,талант,talentueux
2463,talents,способности,aptitude
2464,talents,способности,capacité
2465,talents,способности,qualité
2466,talents,талантами,talent
2467,talents,талантами,don
2468,talents,талантами,aptitude
2469,talents,талантами,qualité
2470,talents,способностей,talent
2471,talents,способностей,compétence
2472,talents,способностей,aptitude
2473,talents,способностей,capacité
2474,talents,таланта,talent
2475,talents,талантам,no_equality
2476,talents,талантом,talent
2477,talents,талантах,no_equality
2478,talents,дарований,talent
2479,talents,способностям,talent
2480,talents,способностям,compétence
2481,talents,способностям,don
2482,talents,умения,talent
2483,talents,умения,compétence
2484,talents,умения,aptitude
2485,talents,умения,capacité
2486,Newcastles,ньюкасл,no_equality
2487,Newcastles,ньюкасла,no_equality
2488,Newcastles,ньюкасле,no_equality
2489,Newcastles,ньюкастле,no_equality
2490,Newcastles,ньюкаслской,no_equality
2491,dinged,помял,no_equality
2492,dinged,поцарапала,éraflé
2493,deflect,отклонять,dévier
2494,deflect,отклоняться,dévier
2495,deflect,отвести,détourner
2496,deflect,уклониться,no_equality
2497,deflect,отвлекать,détourner
2498,deflect,отвлекать,faire oublier
2499,deflect,преломлять,no_equality
2500,deflect,прогибать,no_equality
2501,deflect,смещаться,no_equality
2502,gatherers,собирателей,cueilleurs
2503,gatherers,собирателей,cueillette
2504,gatherers,собиратели,cueilleurs
2505,gatherers,сборщиков,cueilleurs
2506,gatherers,охотников-собирателей,chasseurs-cueilleurs
2507,gatherers,лишь собираем,no_equality
2508,gatherers,охотники-собиратели,no_equality
2509,supremacists,расисты,no_equality
2510,supremacists,расистов,no_equality
2511,spine,позвоночник,colonne vertébrale
2512,spine,позвоночник,dos
2513,spine,позвоночник,rachis
2514,spine,позвоночник,échine
2515,spine,позвоночник,moelle épinière
2516,spine,позвоночник,vertèbre
2517,spine,спина,dos
2518,spine,хребет,colonne vertébrale
2519,spine,хребет,ossature
2520,spine,корешок книги,no_equality
2521,spine,шип,no_equality
2522,spine,спинной хребет,colonne vertébrale
2523,spine,колючка,épine
2524,spine,колючка,piquant
2525,spine,спинного,colonne vertébrale
2526,thoughtless,безрассудный,irréfléchi
2527,thoughtless,беспечный,insouciant
2528,thoughtless,бездумный,no_equality
2529,thoughtless,легкомысленный,no_equality
2530,thoughtless,эгоистично,no_equality
2531,thoughtless,безмозглый,no_equality
2532,thoughtless,необдуманно,irréfléchi
2533,thoughtless,необдуманным,no_equality
2534,thoughtless,бездумные,no_equality
2535,thoughtless,бессмысленные,no_equality
2536,stewardesses,стюардессами,no_equality
2537,stewardesses,стюардессы,hôtesse de l'air
2538,stewardesses,стюардессам,no_equality
2539,stewardesses,стюардесс,no_equality
2540,stewardesses,стюардессах,no_equality
2541,inciters,подстрекателей,instigateur
2542,inciters,подстрекатели,instigateur
2543,intransigence,непримиримость,intransigeance
2544,intransigence,неуступчивость,no_equality
2545,intransigence,непреклонность,intransigeance
2546,intransigence,непримиримой позиции,intransigeance
2547,intransigence,несговорчивость,no_equality
2548,intransigence,непримиримой позицией,intransigeance
2549,intransigence,непримиримую позицию,intransigeance
2550,intransigence,несговорчивости,no_equality
2551,intransigence,упрямства,obstination
2552,intransigence,непримиримая позиция,intransigeance
2553,selflessly,самоотверженно,avec abnégation
2554,selflessly,бескорыстно,désintéressé
2555,selflessly,беззаветно,no_equality
2556,conciseness,краткость,concision
2557,conciseness,лаконичность,concision
2558,conciseness,сжатости,no_equality
2559,conciseness,наше сознание,no_equality
2560,Vedas,веды,no_equality
2561,Vedas,ведах,no_equality
2562,Vedas,вед,no_equality
2563,Vedas,ведам,no_equality
2564,ecstatic,в восторге,aux anges
2565,ecstatic,в экстазе,aux anges
2566,ecstatic,в экстазе,en extase
2567,ecstatic,в полном восторге,en extase
2568,ecstatic,экстатической,no_equality
2569,ecstatic,состоянию экстаза,no_equality
2570,ecstatic,бывает экстатических,no_equality
2571,ecstatic,восторг,no_equality
2572,outpacing,опережает,no_equality
2573,outpacing,опережая,no_equality
2574,outpacing,опережение,no_equality
2575,outpacing,опережают темпы,no_equality
2576,outpacing,превышают темпы,no_equality
2577,outpacing,идет резко опережающими,no_equality
2578,soliciting,вымогательство,no_equality
2579,soliciting,домогательство,racolage
2580,soliciting,домогательство,sollicitation
2581,soliciting,ходатайство,demande
2582,soliciting,просьбой представить,solliciter
2583,soliciting,просьбой представить,sollicitant
2584,soliciting,просьбой представить,demandant
2585,soliciting,запрашивание,no_equality
2586,soliciting,запрашивая,no_equality
2587,soliciting,подстрекательство к,no_equality
2588,soliciting,подстрекательства,no_equality
2589,soliciting,приглашении к,no_equality
2590,soliciting,запросив,no_equality
2591,soliciting,просьбой высказать,demander
2592,soliciting,просьбой высказать,demande
2593,soliciting,заручиться,no_equality
2594,soliciting,запроса,demande
2595,pager,пейджер,pager
2596,pager,пейджер,bipeur
2597,pager,пейджер,bip
2598,pager,пейджер,beeper
2599,pager,бипер,no_equality
2600,pager,пейджинговый,no_equality
2601,Orinocoes,ориноко,no_equality
2602,Orinocoes,ориноко,no_equality
2603,entanglement,запутанность,no_equality
2604,entanglement,переплетение,enchevêtrement
2605,entanglement,запутывания,no_equality
2606,entanglement,запутываются,no_equality
2607,entanglement,запутыванием,no_equality
2608,entanglement,связывания,no_equality
2609,Tristans,тристана,no_equality
2610,Tristans,тристаном,no_equality
2611,Tristans,тристану,no_equality
2612,Tristans,тристан-да-куньи,no_equality
2613,colonial,колониальный,colonial
2614,colonial,колониальное господство,no_equality
2615,colonial,колониально,colonial
2616,colonial,колониально,colonialiste
2617,multimedias,мультимедийный,multimédia
2618,multimedias,мультимедиа,multimédia
2619,multimedias,использованием различных средств массовой информации,no_equality
2620,multimedias,мультимедийном,no_equality
2621,multimedias,мультимедии,no_equality
2622,multimedias,multimedia,no_equality
2623,scrags,объедки,no_equality
2624,scrags,объедками,no_equality
2625,scrags,обрывки,no_equality
2626,scrags,отходы,no_equality
2627,scrags,объедков,no_equality
2628,scrags,объедках,no_equality
2629,scrags,крохи,no_equality
2630,scrags,огрызки,no_equality
2631,scrags,отбросы,no_equality
2632,scrags,лом,no_equality
2633,scrags,бумажки,no_equality
2634,scrags,комками,no_equality
2635,scrags,остатки,no_equality
2636,scrags,металлолома,no_equality
2637,scrags,мусор,no_equality
2638,redundancy,избыточность,no_equality
2639,redundancy,дублирование,redondance
2640,redundancy,дублирование,doubles emplois
2641,redundancy,дублирование,double emploi
2642,redundancy,увольнения,licenciement
2643,redundancy,резервирования,redondance
2644,redundancy,сокращению штатов,licencié
2645,redundancy,сокращением штатов,no_equality
2646,redundancy,сокращении штатов,no_equality
2647,redundancy,увольнений,licenciement
2648,redundancy,по сокращению,no_equality
2649,prizes,премий,récompense
2650,prizes,премий,distinction
2651,prizes,призы,prix
2652,prizes,призы,lot
2653,prizes,призы,trophée
2654,prizes,призов,prix
2655,prizes,призов,récompense
2656,prizes,призов,trophée
2657,prizes,призами,récompense
2658,prizes,призами,trophée
2659,prizes,награды,prix
2660,prizes,награды,récompense
2661,prizes,награды,trophée
2662,prizes,премиями,no_equality
2663,prizes,наград,prix
2664,prizes,наград,récompense
2665,prizes,приз,prix
2666,prizes,приз,récompense
2667,prizes,приз,trophée
2668,prizes,премиях,prime
2669,prizes,наградами,trophée
2670,prizes,выигрыши,no_equality
2671,retaliating,отместку,représaille
2672,retaliating,принятие ответных мер,représaille
2673,retaliating,принятие ответных мер,riposte
2674,retaliating,мстит,se venge
2675,familiarizing,ознакомление,familiarisation
2676,familiarizing,знакомит,familiariser
2677,familiarizing,знакомить,no_equality
2678,familiarizing,чтобы ознакомить,familiariser
2679,familiarizing,знакомясь,no_equality
2680,craves,жаждет,désire
2681,craves,жаждет,a soif
2682,craves,страстно желает,no_equality
2683,craves,тоскует,no_equality
2684,craves,жаждущего,no_equality
2685,enlightenment,просвещение,no_equality
2686,enlightenment,просветление,illumination
2687,enlightenment,прозрение,illumination
2688,enlightenment,просвещенности,no_equality
2689,enlightenment,просветлении,no_equality
2690,enlightenment,просвещени€,lumière
2691,enlightenment,просвещени€,instruction
2692,enlightenment,нирваны,no_equality
2693,enlightenment,просветительства,no_equality
2694,enlightenment,озарения,no_equality
2695,enlightenment,enlightenment,no_equality
2696,negates,отрицает,nie
2697,negates,сводит на нет,va à l'encontre
2698,negates,отвергает,nie
2699,negates,сводят на нет,no_equality
2700,negates,перечеркивает,nie
2701,negates,перечеркивает,annule
2702,negates,опровергает,no_equality
2703,negates,исключает необходимую,élimine
2704,attracted,привлеченный,no_equality
2705,attracted,притянутый,no_equality
2706,attracted,увлеченный,no_equality
2707,attracted,приглянувшийся,no_equality
2708,intruder,нарушитель,intrus
2709,intruder,злоумышленник,intrus
2710,intruder,злоумышленник,cambrioleur
2711,intruder,взломщик,intrus
2712,intruder,взломщик,cambrioleur
2713,intruder,взломщик,voleur
2714,intruder,незваный гость,intrus
2715,intruder,грабитель,intrus
2716,intruder,грабитель,cambrioleur
2717,intruder,грабитель,voleur
2718,intruder,посторонний,no_equality
2719,intruder,вторжение,intrusion
2720,intruder,чужака,no_equality
2721,intruder,незваного гостя,no_equality
2722,intruder,охранной,no_equality
2723,aeonian,сьерра-леонской,no_equality
2724,aeonian,сьерралеонцами,no_equality
2725,esthetics,эстетика,esthétique
2726,stomachaches,живот,no_equality
2727,elopement,тайное бегство,fugue
2728,elopement,тайное бегство,fuite
2729,elopement,сбежать,no_equality
2730,elopement,побег,fugue
2731,elopement,побег,fuite
2732,elopement,сожителю,no_equality
2733,elopement,тайного бегства,fuite
2734,elopement,побега,fugue
2735,dehydrates,обезвоживает,no_equality
2736,amplifications,дополнения,no_equality
2737,permeation,просачивание,no_equality
2738,permeation,проникание,no_equality
2739,exonerate,оправдать,disculper
2740,exonerate,оправдать,innocenter
2741,exonerate,освобождать,exonérer
2742,exonerate,реабилитировать,disculper
2743,exonerate,реабилитировать,innocenter
2744,exonerate,освободить,exonérer
2745,exonerate,реабилитирует,no_equality
2746,exonerate,оправдывающие,no_equality
2747,exonerate,оправдывает,no_equality
2748,exonerate,оправдания,no_equality
2749,exonerate,реабилитируете,no_equality
2750,metropolis,метрополис,metropolis
2751,metropolis,метрополиса,no_equality
2752,metropolis,метрополисе,no_equality
2753,metropolis,метрополия,no_equality
2754,metropolis,мегаполис,no_equality
2755,metropolis,метрополь,no_equality
2756,metropolis,столица,capitale
2757,metropolis,центр,ville
2758,metropolis,города,ville
2759,metropolis,метрополе,metropolis
2760,metropolis,метрополису,no_equality
2761,metropolis,метрополисом,no_equality
2762,metropolis,метрополя,metropolis
2763,metropolis,metropolis,no_equality
2764,thorns,колючий кустарник,piquant
2765,veterinary medicine,ветеринарная медицина,no_equality
2766,veterinary medicine,ветеринарный,no_equality
2767,congesting,переполнение,no_equality
2768,realization,реализация,no_equality
2769,realization,осуществление,réalisation
2770,realization,осуществление,exercice
2771,realization,осуществление,mise en œuvre
2772,realization,осуществление,application
2773,realization,осуществление,respect
2774,realization,осуществление,exécution
2775,realization,достижение,réalisation
2776,realization,достижение,instauration
2777,realization,достижение,accomplissement
2778,realization,достижения,réalisation
2779,realization,достижения,instauration
2780,realization,осознание,prise de conscience
2781,realization,осознание,constat
2782,realization,понимание,no_equality
2783,realization,выполнение,réalisation
2784,realization,выполнение,mise en œuvre
2785,realization,выполнение,application
2786,realization,выполнение,respect
2787,realization,выполнение,exécution
2788,realization,выполнение,accomplissement
2789,realization,проведение,réalisation
2790,realization,претворение,réalisation
2791,realization,объеме,no_equality
2792,realization,воплощения,concrétisation
2793,realization,исполнение,réalisation
2794,realization,исполнение,exercice
2795,realization,исполнение,application
2796,realization,исполнение,exécution
2797,realization,исполнение,accomplissement
2798,protons,протонов,proton
2799,protons,протоны,proton
2800,protons,протонами,no_equality
2801,beauticians,косметологов,no_equality
2802,beauticians,косметологи,esthéticien
2803,thinker,мыслитель,penseur
2804,thinker,мыслитель,philosophe
2805,thinker,мыслитель,intellectuel
2806,thinker,мышление,pensée
2807,thinker,мыслящий,no_equality
2808,clipped,обрезанный,no_equality
2809,clipped,прикрепленный,attaché
2810,clipped,стриженый,no_equality
2811,causative,причинный,causal
2812,causative,побудительный залог,no_equality
2813,causative,каузативный залог,no_equality
2814,causative,понудительный залог,no_equality
2815,causative,каузатив,no_equality
2816,causative,причинно-следственную,no_equality
2817,causative,причинно-следственная,no_equality
2818,causative,возбудителя,no_equality
2819,microprocessors,микропроцессоров,microprocesseur
2820,microprocessors,микропроцессоры,no_equality
2821,microprocessors,микропроцессорами,no_equality
2822,microprocessors,микропроцессора,microprocesseur
2823,searching,поиск,recherche
2824,searching,поиск,quête
2825,searching,поиск,chercher
2826,searching,поиск,rechercher
2827,searching,поиск,cherche
2828,searching,поиск,fouille
2829,searching,поиск,recherchent
2830,searching,поиск,trouver
2831,searching,поиски,recherche
2832,searching,поиски,quête
2833,searching,поиски,chercher
2834,searching,поиски,rechercher
2835,searching,поиски,cherche
2836,searching,поиски,cherchant
2837,searching,поиски,cherchait
2838,searching,поиски,trouver
2839,searching,обыск,recherche
2840,searching,обыск,fouille
2841,searching,обыск,fouiller
2842,searching,досмотр,fouille
2843,searching,в поисках,cherche
2844,searching,искать,no_equality
2845,searching,искал,recherche
2846,searching,искал,chercher
2847,searching,искал,cherche
2848,searching,искал,cherchant
2849,searching,искал,cherchait
2850,searching,искал,trouver
2851,searching,ищет,recherche
2852,searching,ищет,quête
2853,searching,ищет,chercher
2854,searching,ищет,rechercher
2855,searching,ищет,cherche
2856,searching,ищет,cherchent
2857,searching,ищет,cherchant
2858,searching,ищет,recherchent
2859,searching,ищет,cherchait
2860,searching,ищет,trouver
2861,searching,ищут,recherche
2862,searching,ищут,quête
2863,searching,ищут,chercher
2864,searching,ищут,rechercher
2865,searching,ищут,cherche
2866,searching,ищут,cherchent
2867,searching,ищут,cherchant
2868,searching,ищут,recherchent
2869,searching,ищут,cherchait
2870,searching,искали,recherche
2871,searching,искали,chercher
2872,searching,искали,cherche
2873,searching,искали,cherchent
2874,searching,искали,cherchez
2875,searching,искали,cherchait
2876,searching,ищем,recherche
2877,searching,ищем,chercher
2878,searching,ищем,cherche
2879,searching,ищем,cherchez
2880,searching,ищем,cherchait
2881,searching,искала,recherche
2882,searching,искала,chercher
2883,searching,искала,cherche
2884,searching,искала,cherchant
2885,searching,искала,cherchait
2886,searching,обыскивают,no_equality
2887,searching,ищете,recherche
2888,searching,ищете,cherchez
2889,searching,обыскивает,no_equality
2890,searching,в поиске,cherche
2891,wantonness,распутство,no_equality
2892,tropic,тропик,tropique
2893,tropic,трофического,no_equality
2894,tropic,тропической,tropicale
2895,tropic,тропической,tropical
2896,tropic,от тропика,no_equality
2897,tropic,огурчиком,no_equality
2898,tropic,тропического,tropicale
2899,tropic,тропического,tropicaux
2900,luxuriance,изобилие,exubérance
2901,luxuriance,пышность,no_equality
2902,remaining,остальные,restant
2903,remaining,остальные,autre
2904,remaining,остающийся,restant
2905,remaining,остальной,autre
2906,remaining,остаточный,résiduel
2907,remaining,остаток,no_equality
2908,remaining,остальное,no_equality
2909,remaining,оставшихся,restant
2910,remaining,оставшихся,dernier
2911,remaining,оставшиеся,restant
2912,remaining,оставшиеся,dernier
2913,remaining,остающихся,restant
2914,remaining,остающихся,dernier
2915,remaining,остающиеся,restant
2916,remaining,сохраняющихся,no_equality
2917,remaining,сохраняющиеся,no_equality
2918,remaining,оставшийся,restant
2919,remaining,оставшимся,restant
2920,remaining,оставшегося,restant
2921,remaining,оставшегося,résiduel
2922,appointive,невыборный,no_equality
2923,stools,стулья,tabouret
2924,stools,стулья,chaise
2925,stools,стулья,siège
2926,stools,стульях,tabouret
2927,stools,стульях,chaise
2928,stools,табуретки,tabouret
2929,stools,стула,selle
2930,stools,стула,chaise
2931,stools,табуретов,no_equality
2932,stools,табуретами,no_equality
2933,stools,стул был с кровью,no_equality
2934,stools,пуфы,no_equality
2935,stools,табуретках,no_equality
2936,stools,табуретками,no_equality
2937,programmers,программистов,programmeur
2938,programmers,программистов,programmateur
2939,programmers,программистов,informaticien
2940,programmers,программисты,programmeur
2941,programmers,программисты,informaticien
2942,programmers,программистами,programmeur
2943,programmers,программистами,informaticien
2944,programmers,программистам,programmeur
2945,sidewalks,тротуары,trottoir
2946,sidewalks,тротуаров,trottoir
2947,sidewalks,тротуарах,trottoir
2948,sidewalks,тротуарами,no_equality
2949,sidewalks,тротуарам,trottoir
2950,sidewalks,пешеходных дорожек,no_equality
2951,sidewalks,пешеходные дорожки,no_equality
2952,sidewalks,пешеходных дорожках,no_equality
2953,lust,похоть,luxure
2954,lust,похоть,désir
2955,lust,похоть,convoitise
2956,lust,похоть,concupiscence
2957,lust,жажда,désir
2958,lust,жажда,soif
2959,lust,жажда,envie
2960,lust,страсть,luxure
2961,lust,страсть,désir
2962,lust,страсть,passion
2963,lust,вожделение,luxure
2964,lust,вожделение,désir
2965,lust,вожделение,envie
2966,lust,страсти,luxure
2967,lust,страсти,désir
2968,lust,желать,no_equality
2969,lust,желание,désir
2970,lust,желание,envie
2971,lust,желание,désire
2972,delimits,разделяет,no_equality
2973,delimits,определяет,no_equality
2974,guillotines,гильотины,no_equality
2975,dresses,платья,robe
2976,dresses,платья,vêtement
2977,dresses,платьев,robe
2978,dresses,одевается,s'habille
2979,dresses,одевается,se déguise
2980,dresses,одевается,s'habiller
2981,dresses,платьях,no_equality
2982,dresses,платье,robe
2983,dresses,платьями,robe
2984,dresses,наряды,robe
2985,dresses,наряды,vêtement
2986,dresses,наряды,habit
2987,dresses,наряды,costume
2988,dresses,наряды,déguisement
2989,dresses,одевает,no_equality
2990,dresses,одежду,no_equality
2991,dresses,наряжается,s'habille
2992,dresses,наряжается,se déguise
2993,dresses,одет,costume
2994,dresses,нарядов,robe
2995,dresses,нарядов,tenue
2996,dresses,нарядах,vêtement
2997,dresses,платьям,robe
2998,dresses,платьица,robe
2999,greening,озеленение,no_equality
3000,greening,экологизация,no_equality
3001,greening,позеленение,no_equality
3002,greening,патинирование,no_equality
3003,greening,зеленеющий,no_equality
3004,reposit,хранить,no_equality
3005,reposit,отдавать на хранение,no_equality
3006,lacquers,лаков,laque
3007,lacquers,лаков,verni
3008,lacquers,лаки,no_equality
3009,lacquers,лаками,no_equality
3010,lacquers,лаках,no_equality
3011,lacquers,политуры,no_equality
3012,lacquers,лакам,no_equality
3013,agree,соглашаться,convenir
3014,agree,соглашаться,accepter
3015,agree,соглашаться,être d'accord
3016,agree,соглашаться,consentir
3017,agree,договариваться,convenir
3018,agree,договариваться,s'entendre
3019,agree,договариваться,se mettre d'accord
3020,agree,согласоваться,no_equality
3021,agree,сходиться,no_equality
3022,agree,одобрить,accepter
3023,agree,одобрить,approuver
3024,agree,быть согласным,no_equality
3025,agree,сходиться во мнениях,no_equality
3026,agree,сговориться,no_equality
3027,assailant,нападавший,agresseur
3028,assailant,нападавший,assaillant
3029,assailant,нападавший,attaquant
3030,assailant,нападающий,agresseur
3031,assailant,нападающий,assaillant
3032,assailant,нападающий,attaquant
3033,assailant,нападавшего,agresseur
3034,assailant,противник,no_equality
3035,assailant,зачинщик,assaillant
3036,assailant,нападавшим,assaillant
3037,assailant,напавшего,agresseur
3038,assailant,напавший,no_equality
3039,assailant,насильника,agresseur
3040,assailant,преступник,agresseur
3041,assailant,убийца,agresseur
3042,assailant,нападавших,agresseur
3043,assailant,нападавших,assaillant
3044,assailant,нападавших,attaquant
3045,chartering,фрахтование,no_equality
3046,chartering,фрахт,affrètement
3047,chartering,чартерные перевозки,no_equality
3048,chartering,фрахтованием,no_equality
3049,chartering,фрахтованию,no_equality
3050,chartering,фрахтовых,no_equality
3051,chartering,зафрахтовать,no_equality
3052,chartering,чартерных,no_equality
3053,chartering,аренду,location
3054,chartering,аренду,louer
3055,systemize,систематизировать,systématiser
3056,systemize,систематизации,no_equality
3057,humanists,гуманисты,no_equality
3058,humanists,гуманистического мировоззрения,humaniste
3059,humanists,гуманистов,no_equality
3060,humanists,гуманистам,no_equality
3061,sympathize,сочувствовать,no_equality
3062,sympathize,благожелательно относиться,no_equality
3063,envious,завидую,envie
3064,envious,завидую,envier
3065,envious,завистливый,envieux
3066,envious,завидуют,envieux
3067,envious,завидуют,envient
3068,envious,завидуют,jalousie
3069,envious,завидовал,envieux
3070,envious,завидовал,envier
3071,envious,завидовал,enviais
3072,envious,завидовала,no_equality
3073,envious,зависти,no_equality
3074,envious,позавидовал,no_equality
3075,envious,завидуете,no_equality
3076,envious,завидовать,no_equality
3077,envious,завидно,jaloux
3078,statement,заявление,déclaration
3079,statement,заявление,état
3080,statement,заявление,exposé
3081,statement,заявление,déposition
3082,statement,заявление,communiqué
3083,statement,заявление,affirmation
3084,statement,заявление,intervention
3085,statement,заявление,discours
3086,statement,заявление,allocution
3087,statement,высказывание,déclaration
3088,statement,высказывание,affirmation
3089,statement,отчет,état
3090,statement,отчет,rapport
3091,statement,отчет,procès-verbal
3092,statement,изложение,énoncé
3093,statement,изложение,exposé
3094,statement,ведомость,état
3095,statement,ведомость,relevé
3096,statement,формулировка,formulation
3097,statement,оператор,no_equality
3098,statement,выписка,no_equality
3099,statement,инструкция,instruction
3100,statement,положение,état
3101,statement,показания,déclaration
3102,statement,показания,déposition
3103,statement,акт,procès-verbal
3104,statement,констатация,no_equality
3105,inguens,наверное,no_equality
3106,inguens,видимо,no_equality
3107,inguens,наверно,no_equality
3108,inguens,пожалуй,no_equality
3109,inguens,теперь,no_equality
3110,inguens,вроде,no_equality
3111,inguens,возможно,no_equality
3112,inguens,я думаю,no_equality
3113,inguens,я полагаю,no_equality
3114,inguens,похоже,no_equality
3115,inguens,мне кажется,no_equality
3116,inguens,я предполагаю,no_equality
3117,inguens,по-моему,no_equality
3118,inguens,надеюсь,no_equality
3119,inguens,видно,no_equality
3120,hounding,преследование,traque
3121,hounding,преследовать,harceler
3122,hounding,преследовать,traquer
3123,hounding,преследовал,no_equality
3124,hounding,травлю,no_equality
3125,hounding,отстает от,no_equality
3126,hounding,преследуешь,traque
3127,hounding,преследуешь,harcelais
3128,grime,грязи,saleté
3129,grime,грязью,no_equality
3130,grime,въевшийся грязь,saleté
3131,grime,грязь,crasse
3132,grime,грязь,saleté
3133,grime,грайма,no_equality
3134,grime,преступность,no_equality
3135,extoller,превозносил,no_equality
3136,extoller,превозносились,no_equality
3137,foreclosed,взысканных,no_equality
3138,foreclosed,права пользования,no_equality
3139,foreclosed,конфисковано,no_equality
3140,foreclosed,изъят,été saisi
3141,foreclosed,заложенного,no_equality
3142,foreclosed,выселили из дома,no_equality
3143,foreclosed,лишил,no_equality
3144,foreclosed,заложенных,no_equality
3145,foreclosed,просрочил закладную,no_equality
3146,unquestionably,несомненно,incontestablement
3147,unquestionably,несомненно,sans aucun doute
3148,unquestionably,несомненно,indubitablement
3149,unquestionably,несомненно,indéniablement
3150,unquestionably,несомненно,sans doute
3151,unquestionably,несомненно,certainement
3152,unquestionably,несомненно,assurément
3153,unquestionably,несомненно,sans nul doute
3154,unquestionably,несомненно,manifestement
3155,unquestionably,безусловно,incontestablement
3156,unquestionably,безусловно,sans aucun doute
3157,unquestionably,безусловно,sans doute
3158,unquestionably,безусловно,certainement
3159,unquestionably,безусловно,assurément
3160,unquestionably,безусловно,sans nul doute
3161,unquestionably,безусловно,absolument
3162,unquestionably,безусловно,manifestement
3163,unquestionably,бесспорно,incontestablement
3164,unquestionably,бесспорно,sans conteste
3165,unquestionably,бесспорно,sans aucun doute
3166,unquestionably,бесспорно,indiscutablement
3167,unquestionably,бесспорно,indubitablement
3168,unquestionably,бесспорно,indéniablement
3169,unquestionably,бесспорно,sans doute
3170,unquestionably,бесспорно,certainement
3171,unquestionably,бесспорно,assurément
3172,unquestionably,вне всякого сомнения,no_equality
3173,unquestionably,без всякого сомнения,incontestablement
3174,unquestionably,без всякого сомнения,sans aucun doute
3175,unquestionably,без всякого сомнения,sans nul doute
3176,unquestionably,нет никакого сомнения,sans aucun doute
3177,unquestionably,несомненным,no_equality
3178,unquestionably,не вызывает сомнения,no_equality
3179,unquestionably,нет сомнения,incontestablement
3180,unquestionably,нет сомнения,sans aucun doute
3181,unquestionably,нет сомнения,indubitablement
3182,unquestionably,без сомнения,incontestablement
3183,unquestionably,без сомнения,sans conteste
3184,unquestionably,без сомнения,sans aucun doute
3185,unquestionably,без сомнения,indéniablement
3186,unquestionably,без сомнения,sans doute
3187,unquestionably,без сомнения,certainement
3188,unquestionably,без сомнения,sans nul doute
3189,unquestionably,без сомнения,il ne fait aucun doute que
3190,unquestionably,несомненный,no_equality
3191,disproportionate,несоразмерный,disproportionné
3192,disproportionate,непропорциональный,disproportionné
3193,disproportionate,чрезмерный,démesuré
3194,disproportionate,чрезмерный,excessif
3195,disproportionate,чрезмерный,trop
3196,disproportionate,непропорционально большое,disproportionné
3197,disproportionate,непропорционально большое,anormalement
3198,disproportionate,непропорционально большую,disproportionné
3199,disproportionate,непропорционально большую,anormalement
3200,disproportionate,непропорциональная,no_equality
3201,disproportionate,диспропорционального,no_equality
3202,disproportionate,диспропорциональным,no_equality
3203,disproportionate,диспропорции,no_equality
3204,disproportionate,несоразмерность,no_equality
3205,disproportionate,диспропорциональные,no_equality
3206,disproportionate,диспропорциональное,no_equality
3207,realizes,понимает,réalise
3208,realizes,понимает,comprend
3209,realizes,понимает,sait
3210,realizes,понимает,est conscient
3211,realizes,понимает,reconnaît
3212,realizes,понимает,est consciente
3213,realizes,осознает,réalise
3214,realizes,осознает,se rend compte
3215,realizes,осознает,comprend
3216,realizes,осознает,sait
3217,realizes,осознает,est conscient
3218,realizes,осознает,réalisera
3219,realizes,осознает,reconnaît
3220,realizes,осознает,est consciente
3221,realizes,"поймет, что",no_equality
3222,realizes,сознает,se rend compte
3223,realizes,сознает,comprend
3224,realizes,сознает,sait
3225,realizes,сознает,est conscient
3226,realizes,сознает,reconnaît
3227,realizes,сознает,est consciente
3228,realizes,реализует,réalise
3229,realizes,понял,no_equality
3230,realizes,понимают,comprend
3231,realizes,понимают,sait
3232,realizes,поняла,no_equality
3233,realizes,отдает себе отчет,est conscient
3234,realizes,отдает себе отчет,reconnaît
3235,realizes,отдает себе отчет,est consciente
3236,realizes,поймут,no_equality
3237,realizes,осознал,no_equality
3238,moved,переехал,no_equality
3239,moved,переехала,no_equality
3240,moved,переехали,no_equality
3241,moved,перенести,no_equality
3242,moved,перенесли,no_equality
3243,moved,перевели,no_equality
3244,moved,переведены,no_equality
3245,moved,перевезли,no_equality
3246,moved,тронут,no_equality
3247,moved,переезда,no_equality
3248,moved,перемещены,déplacé
3249,moved,переведен,no_equality
3250,moved,двигался,no_equality
3251,moved,въехал,no_equality
3252,moved,переместили,no_equality
3253,conjures,навевает,no_equality
3254,operate,работать,fonctionner
3255,operate,работать,opérer
3256,operate,работать,agir
3257,operate,работать,travailler
3258,operate,работать,servir
3259,operate,управлять,gérer
3260,operate,управлять,conduire
3261,operate,управлять,manipuler
3262,operate,управлять,faire marcher
3263,operate,воздействовать,agir
3264,operate,воздействовать,manipuler
3265,operate,осуществлять,gérer
3266,operate,осуществлять,mettre en oeuvre
3267,operate,осуществлять,pratiquer
3268,operate,обслуживать,servir
3269,operate,осуществлять деятельность,no_equality
3270,operate,приводить в действие,actionner
3271,operate,орудовать,no_equality
3272,fonts,шрифты,police
3273,fonts,шрифтов,no_equality
3274,fonts,шрифтами,no_equality
3275,fonts,шрифт,police
3276,fonts,шрифт,fonte
3277,fonts,fonts,no_equality
3278,fonts,шрифтам,no_equality
3279,cellularity,клеточность,no_equality
3280,crayons,карандаши,no_equality
3281,crayons,мелки,crayon
3282,crayons,мелки,craie
3283,crayons,карандашей,crayon
3284,crayons,мелками,crayon
3285,crayons,мелков,no_equality
3286,crayons,цветными карандашами,crayon
3287,crayons,фломастеры,no_equality
3288,smirkers,маркеры,no_equality
3289,smirkers,маркеров,no_equality
3290,smirkers,маркерами,no_equality
3291,smirkers,знаков,no_equality
3292,smirkers,метки,no_equality
3293,smirkers,маркерам,no_equality
3294,smirkers,указателей,no_equality
3295,smirkers,знаки,no_equality
3296,smirkers,указатели,no_equality
3297,smirkers,отметки,no_equality
3298,smirkers,признаки,no_equality
3299,smirkers,ориентиры,no_equality
3300,people,люди,gens
3301,people,люди,peuple
3302,people,люди,ceux
3303,people,люди,monde
3304,people,люди,homme
3305,people,люди,individu
3306,people,люди,autres
3307,people,народ,gens
3308,people,народ,peuple
3309,people,народ,citoyen
3310,people,народ,monde
3311,people,народ,people
3312,people,гражданин,citoyen
3313,people,народность,no_equality
3314,people,народный,no_equality
3315,people,чел.,no_equality
3316,seawaters,морских водах,no_equality
3317,hygroscope,гороскоп,no_equality
3318,hygroscope,гороскопу,no_equality
3319,enrichment,обогащение,enrichissement
3320,enrichment,обогащение,enrichir
3321,enrichment,насыщение,no_equality
3322,enrichment,обогащенность,no_equality
3323,enrichment,обогатительный,no_equality
3324,enrichment,обогащенный,no_equality
3325,infirmaries,медицинские пункты,dispensaire
3326,infirmaries,медпункты,dispensaire
3327,eroticas,эротизм,no_equality
3328,eroticas,эротика,érotique
3329,eroticas,эротизмом,no_equality
3330,Severns,семерки,no_equality
3331,Severns,семерок,no_equality
3332,Severns,семерку,no_equality
3333,Severns,дном,no_equality
3334,Severns,трижды семь,no_equality
3335,compiling,составление,établissement
3336,compiling,составление,élaboration
3337,compiling,составление,rédaction
3338,compiling,сбор,no_equality
3339,compiling,обобщение,recueil
3340,compiling,компиляция,compilation
3341,compiling,компилирование,compilation
3342,compiling,компиляции,compilation
3343,compiling,компиляции,compiler
3344,compiling,подготовки,établissement
3345,compiling,подготовки,élaboration
3346,compiling,подготовки,rédaction
3347,compiling,подготовке,établissement
3348,compiling,подготовке,élaboration
3349,compiling,подготовке,rédaction
3350,compiling,собирает,rassembler
3351,compiling,собирает,collecte
3352,compiling,собирать,no_equality
3353,compiling,расчета,établir
3354,allayers,игроков,no_equality
3355,allayers,игроки,no_equality
3356,allayers,участников,no_equality
3357,allayers,игроками,no_equality
3358,allayers,субъектов,no_equality
3359,allayers,участниками,no_equality
3360,allayers,игрокам,no_equality
3361,allayers,участники,no_equality
3362,allayers,субъектами,no_equality
3363,allayers,действующих лиц,no_equality
3364,allayers,игрока,no_equality
3365,allayers,субъекты,no_equality
3366,allayers,действующими лицами,no_equality
3367,allayers,стороны,no_equality
3368,allayers,партнерами,no_equality
3369,perishables,скоропортящиеся продукты,denrées périssables
3370,perishables,скоропортящиеся продукты,produits périssables
3371,perishables,скоропортящихся продуктов,denrées périssables
3372,perishables,скоропортящихся продуктов,produits périssables
3373,perishables,скоропортящихся товаров,no_equality
3374,groans,стонет,gémissement
3375,groans,стонет,gémit
3376,groans,стоны,gémissement
3377,groans,стоны,grognement
3378,groans,вздыхает,no_equality
3379,groans,рычит,grognement
3380,groans,жужжание,no_equality
3381,groans,стонов,gémissement
3382,groans,охает,no_equality
3383,groans,кряхтит,no_equality
3384,groans,вздохи,no_equality
3385,groans,шумы,no_equality
3386,groans,ворчит,râle
3387,groans,вскрикивает,no_equality
3388,groans,ау,no_equality
3389,groans,стон,gémissement
3390,pubescence,половое созревание,no_equality
3391,Irelanders,исландцев,islandais
3392,Irelanders,исландцы,islandais
3393,Irelanders,исландцами,no_equality
3394,Irelanders,исландцам,no_equality
3395,Irelanders,граждане исландии,islandais
3396,curbed,обуздать,no_equality
3397,curbed,сдержать,no_equality
3398,curbed,ограничить,no_equality
3399,curbed,пресечь,no_equality
3400,curbed,ограничена,restreint
3401,curbed,ограничили,no_equality
3402,curbed,положен конец,no_equality
3403,curbed,пресекаться,réprimée
3404,curbed,сдерживать,no_equality
3405,curbed,обуздано,freiner
3406,curbed,подавляется,no_equality
3407,curbed,ограничивали,no_equality
3408,curbed,прекращена,no_equality
3409,mires,болота,tourbière
3410,mires,болота,marécage
3411,mires,болот,marécage
3412,razors,бритвы,no_equality
3413,razors,лезвия,no_equality
3414,razors,бритв,rasoir
3415,razors,бритва,no_equality
3416,razors,бритвами,no_equality
3417,razors,электробритв,no_equality
3418,began,начал,engagé
3419,began,начали,engagé
3420,began,началось,a commencé
3421,began,началось,a débuté
3422,began,началось,commença
3423,began,началось,ont débuté
3424,began,началось,a démarré
3425,began,началась,no_equality
3426,began,начался,a commencé
3427,began,начался,a débuté
3428,began,начался,commença
3429,began,начался,a entamé
3430,began,начался,a démarré
3431,began,начался,débuta
3432,began,начались,a commencé
3433,began,начались,a débuté
3434,began,начались,ont débuté
3435,began,начались,commencent
3436,began,стали,no_equality
3437,began,приступила к,a entrepris
3438,began,приступила к,a entamé
3439,began,приступил к,a entrepris
3440,began,приступил к,a entamé
3441,began,стал,no_equality
3442,began,приступили к,a entrepris
3443,began,стала,no_equality
3444,began,приступило к,a entrepris
3445,began,приступило к,a entamé
3446,began,начинается,a commencé
3447,began,начинается,commencent
3448,began,было начато,a commencé
3449,began,было начато,a débuté
3450,began,было начато,a démarré
3451,forestry,лесоводство,foresterie
3452,forestry,лесоводство,sylviculture
3453,forestry,лесоводство,forestier
3454,forestry,лесоводство,exploitation des forêts
3455,forestry,лесных,foresterie
3456,forestry,лесных,forestier
3457,forestry,лесных,forêt
3458,forestry,лесов,foresterie
3459,forestry,лесов,forêt
3460,forestry,леса,no_equality
3461,forestry,лесного хозяйства,foresterie
3462,forestry,лесного хозяйства,sylviculture
3463,forestry,лесного хозяйства,forêt
3464,forestry,лесное хозяйство,foresterie
3465,forestry,лесное хозяйство,sylviculture
3466,forestry,лесное хозяйство,forêt
3467,forestry,лесном хозяйстве,foresterie
3468,forestry,лесном хозяйстве,sylviculture
3469,forestry,лесному хозяйству,foresterie
3470,forestry,лесному хозяйству,sylviculture
3471,forestry,лесному хозяйству,forestier
3472,forestry,лесному хозяйству,forêt
3473,forestry,лесохозяйственных,no_equality
3474,forestry,лесопользования,no_equality
3475,forestry,лесохозяйственный,no_equality
3476,forestry,лесным хозяйством,foresterie
3477,forestry,лесным хозяйством,forêt
3478,forestry,лесная,no_equality
3479,forestry,лесохозяйственного,no_equality
3480,forestry,лесные,no_equality
3481,forestry,лесничество,no_equality
3482,fraudulence,мошенничество,fraude
3483,decolonize,деколонизации,no_equality
3484,decolonize,деколонизацию,no_equality
3485,decolonize,деколонизировать,décoloniser
3486,kumquats,океанический комкват,no_equality
3487,circumferential,кольцевой,périphérique
3488,circumferential,кольцевой,circulaire
3489,circumferential,кольцевой,annulaire
3490,circumferential,окружности,no_equality
3491,circumferential,кольцевые,no_equality
3492,circumferential,поперечной,no_equality
3493,circumferential,окружная,no_equality
3494,circumferential,кольцевым,no_equality
3495,carps,карпов,carpe
3496,carps,карпы,carpe
3497,racially,расовой,no_equality
3498,racially,расово,no_equality
3499,racially,расовую,no_equality
3500,racially,расовым,no_equality
3501,racially,расовых,racial
3502,racially,расовых,race
3503,racially,расовых,raciaux
3504,racially,расовых,raciale
3505,racially,расового,no_equality
3506,racially,расистских,raciste
3507,racially,расистского,no_equality
3508,racially,расовая,racial
3509,racially,расовая,raciale
3510,racially,расовые,raciaux
3511,racially,расовом отношении,racial
3512,racially,расовом отношении,race
3513,racially,расовом отношении,raciaux
3514,racially,расовом отношении,raciale
3515,racially,расовому признаку,race
3516,racially,расистским,no_equality
3517,racially,расизмом,no_equality
3518,habit,привычка,habitude
3519,habit,привычка,coutume
3520,habit,привычка,tendance
3521,habit,привычка,addiction
3522,habit,привычка,réflexe
3523,habit,привычки,habitude
3524,habit,по привычке,no_equality
3525,habit,привык,no_equality
3526,habit,традиция,coutume
3527,habit,зависимость,dépendance
3528,habit,зависимость,addiction
3529,habit,зависимость,accro
3530,habit,обыкновение,habitude
3531,habit,обыкновение,coutume
3532,habit,облачение,no_equality
3533,habit,ряса,no_equality
3534,habit,привыкли,coutume
3535,habit,привыкать,no_equality
3536,mystification,мистификация,no_equality
3537,tugs,буксиры,remorqueur
3538,tugs,буксиров,remorqueur
3539,tugs,буксиров,pousseur
3540,tugs,буксирами,remorqueur
3541,tugs,тягачи,no_equality
3542,adjourn,откладывать,ajourner
3543,adjourn,откладывать,reporter
3544,adjourn,откладывать,surseoir
3545,adjourn,закрыть,lever
3546,adjourn,прервать,no_equality
3547,adjourn,объявить перерыв,no_equality
3548,adjourn,переносить,reporter
3549,identically,одинаково,même manière
3550,identically,одинаковым образом,manière identique
3551,identically,одинаковым образом,même manière
3552,identically,одинаковым образом,même façon
3553,identically,идентично,no_equality
3554,problem,проблема,problème
3555,problem,проблема,problématique
3556,problem,проблема,question
3557,problem,проблема,difficulté
3558,problem,проблема,phénomène
3559,problem,проблема,souci
3560,problem,вопрос,problème
3561,problem,вопрос,question
3562,problem,задача,problème
3563,problem,задача,question
3564,problem,задача,difficulté
3565,problem,дело,problème
3566,problem,дело,question
3567,problem,явление,phénomène
3568,problem,явление,fléau
3569,problem,проблемка,souci
3570,problem,трудность,problème
3571,problem,трудность,difficulté
3572,problem,беда,problème
3573,problem,проблемный,no_equality
3574,problem,не так,no_equality
3575,problem,трудности,problème
3576,problem,трудности,difficulté
3577,problem,трудности,mal
3578,problem,проблемных,problème
3579,problem,неприятности,problème
3580,problem,неприятности,mal
3581,problem,забота,no_equality
3582,problem,недостаток,problème
3583,problem,недостаток,inconvénient
3584,damned,проклятый,damné
3585,damned,проклятый,maudit
3586,damned,проклятый,foutu
3587,damned,проклятый,satané
3588,damned,проклятый,fichu
3589,damned,проклятый,sacré
3590,damned,чертовски,sacrément
3591,damned,чертовски,putain
3592,damned,чертов,maudit
3593,damned,чертов,sacré
3594,damned,я проклят,no_equality
3595,damned,я проклята,no_equality
3596,damned,черт возьми,no_equality
3597,damned,чёртово,foutu
3598,damned,проклял,no_equality
3599,damned,проклятому,damné
3600,damned,проклятому,satané
3601,damned,черт меня побери,no_equality
3602,Saratogas,саратоге,saratoga
3603,Saratogas,саратоги,no_equality
3604,Saratogas,саратогу,no_equality
3605,Saratogas,саратога-спрингс,saratoga
3606,Saratogas,саратогский,no_equality
3607,ethnic,этнический,ethnique
3608,ethnic,национальный,no_equality
3609,ethnic,межэтнических,ethnique
3610,ethnic,межэтнических,interethnique
3611,ethnic,межэтнической,ethnique
3612,ethnic,межэтнической,interethnique
3613,ethnic,межэтническим,ethnique
3614,ethnic,межэтническим,interethnique
3615,ethnic,межэтнические,ethnique
3616,ethnic,межэтнические,interethnique
3617,ethnic,межнациональных,no_equality
3618,ethnic,межэтнического,ethnique
3619,ethnic,межэтнического,interethnique
3620,ethnic,межэтническая,interethnique
3621,ethnic,межнациональным,no_equality
3622,ethnic,межнациональной,ethnique
3623,ethnic,межнациональной,interethnique
3624,ethnic,межэтническую,interethnique
3625,ethnic,межэтническими,ethnique
3626,ethnic,межэтническими,interethnique
3627,ethnic,представителей,minorité
3628,passageways,проходы,couloir
3629,passageways,проходах,no_equality
3630,passageways,проходов,no_equality
3631,passageways,проходами,passage
3632,passageways,ходов,no_equality
3633,passageways,туннели,galerie
3634,hallucinatory,галлюцинация,no_equality
3635,hallucinatory,галлюцинаторные,no_equality
3636,petting,петтинг,pelotage
3637,petting,ласка,caresse
3638,petting,нежничанье,no_equality
3639,petting,петтинга,no_equality
3640,petting,гладишь,no_equality
3641,petting,гладит,caresse
3642,petting,погладить,caresser
3643,petting,гладил,no_equality
3644,petting,обжималово,no_equality
3645,petting,петтинге,no_equality
3646,petting,интимные ласки,no_equality
3647,petting,зоопарки,no_equality
3648,queer,странный,bizarre
3649,queer,странный,étrange
3650,queer,странный,drôle
3651,queer,странный,curieux
3652,queer,голубой,queer
3653,queer,голубой,gay
3654,queer,педик,gay
3655,queer,педик,pédé
3656,queer,педик,homo
3657,queer,педик,tapette
3658,queer,педик,pédale
3659,queer,педик,tarlouze
3660,queer,педик,tante
3661,queer,странно,no_equality
3662,queer,гомик,gay
3663,queer,гомик,pédé
3664,queer,гомик,homo
3665,queer,гомик,tapette
3666,queer,гомик,pédale
3667,queer,гомик,tarlouze
3668,queer,педиком,pédé
3669,queer,педиком,tapette
3670,queer,queer,no_equality
3671,queer,пидор,pédé
3672,queer,пидор,homo
3673,queer,пидор,tapette
3674,queer,пидор,pédale
3675,queer,пидор,tarlouze
3676,queer,гей,gay
3677,queer,гей,pédé
3678,queer,гей,homo
3679,regulatings,регулирование,régulation
3680,regulatings,регулирование,réglementation
3681,regulatings,регулирование,réglage
3682,regulatings,регламентирование,réglementation
3683,regulatings,регулирующих,régulation
3684,regulatings,регулирующих,réglementation
3685,regulatings,регулирующие,régulation
3686,regulatings,регулирующие,réglementation
3687,regulatings,регулирующие,règlement
3688,regulatings,регулирующего,réglementation
3689,regulatings,регулирующий,régulateur
3690,regulatings,регулирующий,réglementer
3691,regulatings,регулирующий,régissant
3692,regulatings,регулирующий,réglementant
3693,regulatings,регулирующий,réglant
3694,regulatings,регулирующим,réglementation
3695,regulatings,регулирующее,no_equality
3696,regulatings,регламентирующие,réglementation
3697,regulatings,регулировать,no_equality
3698,regulatings,регламентации,réglementation
3699,regulatings,регламентирующих,réglementation
3700,regulatings,регулирующими,réglementation
3701,regulatings,регулирующей,réglementation
3702,regulatings,регулируют,no_equality
3703,Zeuses,причин,no_equality
3704,Zeuses,причины,no_equality
3705,Zeuses,причинами,no_equality
3706,Zeuses,причинах,no_equality
3707,Zeuses,вызывает,no_equality
3708,Zeuses,причинам,no_equality
3709,Zeuses,приводит,no_equality
3710,Zeuses,причиной,no_equality
3711,Zeuses,причиняет,no_equality
3712,Zeuses,факторов,no_equality
3713,Zeuses,создает,no_equality
3714,Zeuses,заставляет,no_equality
3715,Zeuses,смертью,no_equality
3716,Zeuses,первопричин,no_equality
3717,Zeuses,первопричины,no_equality
3718,die,умереть,mourir
3719,die,умереть,crever
3720,die,умереть,tuer
3721,die,умереть,périr
3722,die,умирать,mourir
3723,die,умирать,crever
3724,die,умирать,décéder
3725,die,погибнуть,mourir
3726,die,погибнуть,périr
3727,die,сдохнуть,mourir
3728,die,сдохнуть,crever
3729,die,помереть,mourir
3730,die,помереть,crever
3731,die,жить,no_equality
3732,die,помирать,mourir
3733,die,помирать,crever
3734,die,подыхать,mourir
3735,die,подыхать,crever
3736,die,смерть,mort
3737,die,смерть,décès
3738,die,конец,mort
3739,die,гибель,mort
3740,die,гибель,décès
3741,die,труп,no_equality
3742,die,погибают,mourir
3743,die,гибнут,mourir
3744,die,подохнуть,mourir
3745,die,подохнуть,crever
3746,die,кость,dé
3747,die,дохнуть,no_equality
3748,obelisks,обелиски,no_equality
3749,obelisks,обелиска,obélisque
3750,overpluses,путепроводов,no_equality
3751,overpluses,эстакады,no_equality
3752,fingerprinting,дактилоскопия,dactyloscopie
3753,fingerprinting,фингерпринтинг,no_equality
3754,faithlessly,неверный,no_equality
3755,faithlessly,неверующих,no_equality
3756,faithlessly,неверующие,no_equality
3757,faithlessly,вероломная,no_equality
3758,faithlessly,вероломной,no_equality
3759,luxury,роскошь,luxe
3760,luxury,люкс,luxe
3761,luxury,роскошный,luxueux
3762,luxury,роскошный,de luxe
3763,luxury,роскошный,de standing
3764,luxury,шикарный,no_equality
3765,luxury,luxury,no_equality
3766,luxury,люксовый,no_equality
3767,luxury,элитных,no_equality
3768,luxury,дорогих,luxe
3769,luxury,элитного,no_equality
3770,luxury,себе позволить,no_equality
3771,luxury,люксовых,no_equality
3772,publicists,публицистов,publicitaire
3773,publicists,рекламщики,no_equality
3774,publicists,публицисты,no_equality
3775,publicists,пресс-атташе,no_equality
3776,grandparents,дедушка и бабушка,grands-parents
3777,grandparents,дедушка и бабушка,grand-parents
3778,grandparents,бабушки и дедушки,grands-parents
3779,grandparents,бабушки и дедушки,grands parents
3780,grandparents,бабушки и дедушки,grand-parents
3781,grandparents,бабушка и дедушка,grands-parents
3782,grandparents,бабушка и дедушка,grand-parents
3783,grandparents,бабушек и дедушек,grands-parents
3784,grandparents,дедушки и бабушки,grands-parents
3785,grandparents,дедушки и бабушки,grand-parents
3786,grandparents,бабушка с дедушкой,grands parents
3787,grandparents,дедушек и бабушек,grands-parents
3788,grandparents,бабушкой и дедушкой,grand-parents
3789,grandparents,дедушка с бабушкой,no_equality
3790,grandparents,бабушки с дедушкой,grands-parents
3791,grandparents,дедушками и бабушками,grands-parents
3792,grandparents,родители,no_equality
3793,grandparents,бабушке и дедушке,no_equality
3794,grandparents,бабушками и дедушками,no_equality
3795,grandparents,бабушку и дедушку,grands-parents
3796,afterward,после этого,ensuite
3797,afterward,после этого,puis
3798,afterward,после этого,ultérieurement
3799,afterward,позже,après
3800,afterward,позже,ensuite
3801,afterward,позже,plus tard
3802,afterward,позже,puis
3803,afterward,позже,ultérieurement
3804,afterward,впоследствии,après
3805,afterward,впоследствии,ensuite
3806,afterward,впоследствии,par la suite
3807,afterward,впоследствии,plus tard
3808,afterward,впоследствии,puis
3809,afterward,впоследствии,ultérieurement
3810,afterward,попозже,après
3811,afterward,попозже,plus tard
3812,afterward,последствии,no_equality
3813,loved,любимый,no_equality
3814,loved,любил,aimé
3815,loved,любил,aimait
3816,loved,любил,aimais
3817,loved,любил,adorait
3818,loved,любил,adorais
3819,loved,любил,aimaient
3820,loved,любил,aimer
3821,loved,любил,aimiez
3822,loved,любил,amour
3823,loved,любила,adoré
3824,loved,любила,aimait
3825,loved,любила,aimais
3826,loved,любила,adorait
3827,loved,любила,adorais
3828,loved,любила,aimer
3829,loved,любила,aimiez
3830,loved,любила,amour
3831,loved,любили,no_equality
3832,loved,любит,amoureux
3833,loved,любит,aimait
3834,loved,любит,aimer
3835,loved,любит,amour
3836,loved,любит,aimez
3837,loved,любит,aiment
3838,loved,люблю,aimais
3839,loved,люблю,adorais
3840,loved,люблю,aimer
3841,loved,люблю,amour
3842,loved,любишь,amoureux
3843,loved,любишь,aimais
3844,loved,любишь,aimer
3845,loved,любишь,aimiez
3846,loved,любишь,amour
3847,loved,любишь,aimez
3848,loved,нравилось,apprécié
3849,loved,нравилось,aimait
3850,loved,нравилось,aimais
3851,loved,нравилось,adorait
3852,loved,нравилось,adorais
3853,loved,нравилось,aimer
3854,loved,понравилось,aimé
3855,loved,понравилось,aimait
3856,loved,понравилось,aimiez
3857,loved,любят,aimé
3858,loved,любят,aimait
3859,loved,любят,aimaient
3860,loved,любят,aimer
3861,loved,любят,amour
3862,loved,любят,aiment
3863,loved,понравилась,no_equality
3864,loved,любви,no_equality
3865,loved,нравится,no_equality
3866,loved,любить,no_equality
3867,loved,обожал,aimait
3868,loved,обожал,aimais
3869,loved,обожал,adorait
3870,loved,обожал,adorais
3871,cools,охлаждается,refroidi
3872,cools,охлаждает,refroidit
3873,cools,охлаждения,refroidir
3874,cools,остынет,refroidit
3875,cools,остынет,refroidissement
3876,cools,остынет,se calme
3877,cools,остывает,no_equality
3878,deadliness,смертоносность,no_equality
3879,signalling,сигнальный,no_equality
3880,signalling,сигнализация,signalisation
3881,signalling,передача сигналов,no_equality
3882,signalling,сигнализирующий,no_equality
3883,favourites,фаворитов,préféré
3884,favourites,любимые,favori
3885,favourites,любимые,préféré
3886,favourites,любимчиков,favori
3887,favourites,любимчиков,préféré
3888,favourites,фавориты,favori
3889,favourites,любимцы,no_equality
3890,favourites,любимое,favori
3891,favourites,любимое,préféré
3892,favourites,избранное,no_equality
3893,favourites,любимцев,favori
3894,favourites,любимчик,favori
3895,favourites,любимчик,préféré
3896,favourites,любимыми,favori
3897,favourites,любимыми,préféré
3898,favourites,самый любимый,favori
3899,favourites,самый любимый,préféré
3900,favourites,избранном,no_equality
3901,sorrowers,заемщиков,no_equality
3902,sorrowers,заемщикам,emprunteur
3903,sorrowers,заемщики,emprunteur
3904,sorrowers,заемщиками,emprunteur
3905,sorrowers,заемщиками,débiteur
3906,sorrowers,заемщика,emprunteur
3907,sorrowers,заемщиках,no_equality
3908,promotive,санитарно-просветительских,no_equality
3909,promotive,профилактические,no_equality
3910,promotive,пропагандистских,promotionnels
3911,promotive,мер по укреплению,no_equality
3912,promotive,просветительские,no_equality
3913,summed,суммированный,no_equality
3914,subornation,подкуп,subornation
3915,subornation,подстрекательство,no_equality
3916,subornation,принуждение,no_equality
3917,destruction,уничтожение,destruction
3918,destruction,уничтожение,anéantissement
3919,destruction,уничтожение,extermination
3920,destruction,уничтожение,détruit
3921,destruction,уничтожение,annihilation
3922,destruction,разрушение,destruction
3923,destruction,разрушение,ruine
3924,destruction,разрушение,démolition
3925,destruction,разрушение,détruit
3926,destruction,разрушение,désintégration
3927,destruction,разрушения,destruction
3928,destruction,разрушения,démolition
3929,destruction,разрушения,dévastation
3930,destruction,разрушения,désolation
3931,destruction,разрушения,détruit
3932,destruction,разрушения,dégât
3933,destruction,разрушения,désintégration
3934,destruction,ликвидация,démantèlement
3935,destruction,ущерб,destruction
3936,destruction,ущерб,perte
3937,destruction,гибель,destruction
3938,destruction,гибель,ruine
3939,destruction,гибель,perte
3940,destruction,разруха,ruine
3941,destruction,разруха,dévastation
3942,destruction,снос,destruction
3943,destruction,снос,démolition
3944,destruction,разрушены,destruction
3945,destruction,разрушены,détruit
3946,destruction,уничтожено,destruction
3947,destruction,уничтожено,détruit
3948,destruction,уничтожены,destruction
3949,destruction,уничтожены,détruit
3950,destruction,разрушена,détruit
3951,destruction,урон,perte
3952,destruction,урон,dégât
3953,destruction,повреждение,no_equality
3954,destruction,истребление,destruction
3955,destruction,истребление,extermination
3956,destruction,истребление,annihilation
3957,destruction,крах,ruine
3958,deputies,депутатов,député
3959,deputies,депутатов,parlementaire
3960,deputies,депутаты,député
3961,deputies,заместителей,adjoint
3962,deputies,заместителей,suppléant
3963,deputies,заместителей,substitut
3964,deputies,заместителей,vice-président
3965,deputies,депутатами,député
3966,deputies,депутатами,parlementaire
3967,deputies,заместители,adjoint
3968,deputies,заместители,suppléant
3969,deputies,заместители,substitut
3970,deputies,заместители,vice-président
3971,deputies,депутата,député
3972,deputies,представителей,député
3973,deputies,представителей,représentant
3974,deputies,помощников,adjoint
3975,deputies,заместителями,adjoint
3976,deputies,заместителями,suppléant
3977,deputies,заместителями,substitut
3978,deputies,заместителями,vice-président
3979,deputies,помощники,adjoint
3980,deputies,депутатам,no_equality
3981,deputies,заместителя,député
3982,deputies,заместителя,adjoint
3983,deputies,заместителя,suppléant
3984,deputies,заместителям,suppléant
3985,deputies,заместителям,vice-président
3986,deputies,помощниками,no_equality
3987,deputies,помощникам,adjoint
3988,authenticity,подлинность,authenticité
3989,authenticity,аутентичность,authenticité
3990,authenticity,достоверность,authenticité
3991,authenticity,достоверность,véracité
3992,authenticity,истинность,authenticité
3993,authenticity,истинность,véracité
3994,authenticity,действительности,no_equality
3995,authenticity,самобытности,no_equality
3996,entrap,подставить,piéger
3997,entrap,завлечь,no_equality
3998,entrap,завлекать,no_equality
3999,entrap,поимки,piéger
4000,entrap,поимки,capturer
4001,medial,медиальный,no_equality
4002,medial,медиальные,no_equality
4003,medial,медиального,no_equality
4004,medial,медиальном,no_equality
4005,medial,медиальную,no_equality
4006,medial,средствами массовой информации,no_equality
4007,medial,медиальных,no_equality
4008,medial,медиальное,no_equality
4009,blackness,чернота,noirceur
4010,blackness,чернота,noir
4011,blackness,тьма,noirceur
4012,blackness,тьма,obscurité
4013,blackness,тьма,noir
4014,blackness,тьма,ténèbre
4015,blackness,темнота,obscurité
4016,blackness,темнота,noir
4017,blackness,темнота,ténèbre
4018,blackness,регулярностью течной,no_equality
4019,blackness,порожденные тьмой...,obscurité
4020,blackness,порожденные тьмой...,ténèbre
4021,fails,провалится,échoue
4022,fails,провалится,échouent
4023,fails,потерпит неудачу,échec
4024,fails,терпит неудачу,échoue
4025,fails,отсутствует,manque
4026,fails,неудачи,échec
4027,fails,отказывается,no_equality
4028,fails,проваливается,échoue
4029,fails,оказывается неспособным,no_equality
4030,fails,подводит,fait défaut
4031,fails,бездействует,no_equality
4032,fails,откажет,refuse
4033,fails,провалился,no_equality
4034,fails,подведет,échoue
4035,sordidness,убогость,no_equality
4036,edits,редактирует,édite
4037,edits,редактирование,édite
4038,edits,редактирование,édition
4039,edits,редактирование,éditer
4040,edits,правки,correction
4041,edits,правки,édition
4042,edits,правки,éditer
4043,edits,редакционные изменения,no_equality
4044,edits,процедур редактирования,no_equality
4045,edits,редактировать,éditer
4046,edits,правок,no_equality
4047,edits,редакционных изменений,no_equality
4048,edits,редактированию,no_equality
4049,edits,монтирует,no_equality
4050,edits,версий,no_equality
4051,edits,издает,publie
4052,edits,монтажа,no_equality
4053,edits,респондентами,no_equality
4054,edits,изменяет,édite
4055,edits,изменяет,modifie
4056,lovages,любит,aime
4057,lovages,любит,adore
4058,lovages,любит,amour
4059,lovages,любит,aimait
4060,lovages,любит,aiment
4061,lovages,любит,aimer
4062,lovages,любит,amoureux
4063,lovages,любит,adorent
4064,lovages,любит,apprécie
4065,lovages,любит,aimera
4066,lovages,любит,préfère
4067,lovages,обожает,aime
4068,lovages,обожает,adore
4069,lovages,обожает,aimait
4070,lovages,обожает,adorait
4071,lovages,обожает,adorent
4072,lovages,любят,adore
4073,lovages,любят,amour
4074,lovages,любят,aimait
4075,lovages,любят,aiment
4076,lovages,любят,aimer
4077,lovages,любят,adorent
4078,lovages,любят,apprécie
4079,lovages,нравится,aime
4080,lovages,нравится,adore
4081,lovages,нравится,aimer
4082,lovages,нравится,adorent
4083,lovages,нравится,apprécie
4084,lovages,нравится,préfère
4085,lovages,любил,adore
4086,lovages,любил,amour
4087,lovages,любил,aimait
4088,lovages,любил,aimer
4089,lovages,любил,adorait
4090,lovages,нравятся,aime
4091,lovages,нравятся,adore
4092,lovages,нравятся,aimait
4093,lovages,нравятся,aiment
4094,lovages,нравятся,aimer
4095,lovages,нравятся,adorent
4096,lovages,нравятся,apprécie
4097,lovages,нравятся,préfère
4098,lovages,любви,amour
4099,lovages,любви,aimer
4100,lovages,любви,amoureux
4101,lovages,любовь,amour
4102,lovages,любовь,amoureux
4103,lovages,любишь,amour
4104,lovages,любишь,aimer
4105,lovages,любишь,amoureux
4106,lovages,любить,amour
4107,lovages,любить,aimer
4108,lovages,обожают,adore
4109,lovages,обожают,aiment
4110,lovages,обожают,adorent
4111,lovages,полюбит,aime
4112,lovages,полюбит,aimera
4113,lovages,любила,amour
4114,lovages,любила,aimait
4115,lovages,любила,aimer
4116,lovages,любила,adorait
4117,lovages,восторге,no_equality
4118,lovages,влюблен,aime
4119,lovages,влюблен,amour
4120,lovages,влюблен,aimait
4121,bahts,батов,baht
4122,scarers,страшилы,terreur
4123,scarers,пугатели,no_equality
4124,scarers,страшилами,no_equality
4125,prominent,видный,éminent
4126,prominent,видный,personnalité
4127,prominent,известный,célèbre
4128,prominent,известный,connu
4129,prominent,выдающийся,éminent
4130,prominent,важных,important
4131,prominent,важных,grand
4132,prominent,важных,majeur
4133,prominent,важным,important
4134,prominent,важным,majeur
4135,prominent,важным,notable
4136,prominent,заметной,notable
4137,prominent,важной,important
4138,prominent,важной,grand
4139,prominent,ведущих,no_equality
4140,prominent,крупных,important
4141,prominent,крупных,grand
4142,prominent,крупных,majeur
4143,prominent,заметным,notable
4144,prominent,заметных,no_equality
4145,prominent,заметными,no_equality
4146,prominent,выступающий,no_equality
4147,prominent,важными,important
4148,prominent,важными,grand
4149,prominent,важными,majeur
4150,prominent,важные,important
4151,prominent,важные,grand
4152,prominent,важные,majeur
4153,prominent,ведущую,prépondérant
4154,frosty,фрости,frosty
4155,frosty,холодный,glacial
4156,frosty,холодный,glacé
4157,frosty,холодный,froid
4158,frosty,морозный,frosty
4159,frosty,ледяной,glacial
4160,frosty,ледяной,glacé
4161,frosty,ледяной,gelé
4162,frosty,холодно,glacial
4163,frosty,снеговика,no_equality
4164,frosty,снеговику,frosty
4165,frosty,снежок,no_equality
4166,frosty,морозко,no_equality
4167,frosty,снеговик,no_equality
4168,frosty,морозную,no_equality
4169,frosty,начеку,no_equality
4170,lagging,отставание,retard
4171,lagging,отстает,no_equality
4172,lagging,отстают,tardent
4173,lagging,отстающих,retard
4174,lagging,отстающие,retardataire
4175,lagging,отстающим,no_equality
4176,lagging,запаздывают,tardent
4177,dissentient,инакомыслящий,no_equality
4178,fitter,слесарь,ajusteur
4179,fitter,слесарь-монтажник,installateur
4180,fitter,установщик,no_equality
4181,fitter,слесарь-сборщик,monteur
4182,fitter,закройщик,no_equality
4183,lorazepams,лоразепама,no_equality
4184,lorazepams,лоразепам,no_equality
4185,deflate,сдуть,no_equality
4186,deflate,выкачивать,no_equality
4187,deflate,дефлятирования,no_equality
4188,deflate,дефлирования,déflater
4189,deflate,сдуется,no_equality
4190,deflate,помогут замедлить раздувание,no_equality
4191,deflate,сдуются,no_equality
4192,deflate,сдуваться,no_equality
4193,deflate,спустить,no_equality
4194,buckled,пристегнута,no_equality
4195,buckled,подкосились,no_equality
4196,buckled,заклинило,no_equality
4197,buckled,пристёгнуты,no_equality
4198,buckled,пристегнут,no_equality
4199,buckled,"застегивания пряжки водителем или пассажиром, занимающим это сиденье",no_equality
4200,spinal,спинномозговой,rachidien
4201,spinal,спинальный,no_equality
4202,spinal,позвоночника,no_equality
4203,spinal,позвоночник,no_equality
4204,spinal,позвоночнике,no_equality
4205,spinal,спинному,no_equality
4206,spinal,спинального,no_equality
4207,spinal,позвоночником,no_equality
4208,spinal,спинным,no_equality
4209,spinal,позвоночный,no_equality
4210,spinal,спинную,no_equality
4211,licensing,лицензирование,concession
4212,licensing,лицензирование,licence
4213,licensing,лицензирование,octroi d'une licence
4214,licensing,лицензирования,agrément
4215,licensing,лицензирования,licence
4216,licensing,лицензионная деятельность,no_equality
4217,licensing,разрешительный порядок,no_equality
4218,licensing,лицензионный,no_equality
4219,licensing,разрешительный,no_equality
4220,licensing,лицензирующий,no_equality
4221,licensing,выдающий лицензии,autorisation
4222,licensing,выдающий лицензии,licence
4223,gratuities,чаевые,pourboire
4224,gratuities,премиальные,gratification
4225,gratuities,премиальные,prime
4226,gratuities,денежное вознаграждение,no_equality
4227,gratuities,премии,gratification
4228,gratuities,премии,prime
4229,accomplishes,выполняет,accomplit
4230,accomplishes,выполняет,exécute
4231,accomplishes,осуществляет,réalise
4232,accomplishes,осуществляет,effectue
4233,accomplishes,осуществляет,exécute
4234,accomplishes,достигает,no_equality
4235,accomplishes,даст,no_equality
4236,accomplishes,сделает,no_equality
4237,accomplishes,решает,no_equality
4238,exposures,воздействия,no_equality
4239,exposures,воздействие,no_equality
4240,exposures,облучения,exposition
4241,exposures,облучения,radioexposition
4242,exposures,воздействии,no_equality
4243,exposures,облучение,exposition
4244,exposures,облучение,radioexposition
4245,exposures,риски,no_equality
4246,exposures,облучении,no_equality
4247,exposures,воздействию,no_equality
4248,exposures,рисков,risque
4249,exposures,подверженности,exposition
4250,exposures,воздействием,no_equality
4251,exposures,дозы,exposition
4252,exposures,дозы,dose
4253,stodgily,нудный,no_equality
4254,stodgily,скучный,no_equality
4255,stodgily,густой,no_equality
4256,culminated,завершился,a abouti
4257,culminated,завершились,no_equality
4258,culminated,завершилась,a abouti
4259,culminated,привели к,no_equality
4260,culminated,увенчались,ont abouti
4261,culminated,завершилось,no_equality
4262,culminated,привело к,no_equality
4263,culminated,увенчалась,a abouti
4264,culminated,увенчался,a abouti
4265,culminated,увенчался,a débouché
4266,culminated,увенчался,ont débouché
4267,culminated,явилось,no_equality
4268,culminated,привел к,no_equality
4269,culminated,увенчалось,no_equality
4270,culminated,завершившихся,no_equality
4271,culminated,кульминацией которых стало,no_equality
4272,culminated,привела к,no_equality
4273,scummy,противный,gluante
4274,scummy,вонючий кракен,no_equality
4275,scummy,грязный,no_equality
4276,bleaching,отбеливание,blanchiment
4277,bleaching,отбеливание,blanchissement
4278,bleaching,отбеливание,blanchir
4279,bleaching,обесцвечиванию,blanchissement
4280,bleaching,отбеливающие,no_equality
4281,unclearness,неясности,no_equality
4282,rowing,гребля,aviron
4283,rowing,гребцов,aviron
4284,rowing,грести,no_equality
4285,rowing,гребной,no_equality
4286,rowing,гребешь,no_equality
4287,rowing,гребные,no_equality
4288,rowing,лодках,no_equality
4289,rowing,ссорятся,no_equality
4290,rowing,на веслах,no_equality
4291,rowing,ругались,no_equality
4292,rowing,гребную,no_equality
4293,rowing,греблю,no_equality
4294,lander,посадочный модуль,no_equality
4295,lander,спускаемый аппарат,no_equality
4296,lander,посадочном модуле,no_equality
4297,lander,посадочного модуля,no_equality
4298,lander,модулем,no_equality
4299,lander,шаттлу,no_equality
4300,lander,спускаемого аппарата,no_equality
4301,lander,ландер,lander
4302,lander,аппарат,no_equality
4303,lander,посадочному модулю,no_equality
4304,lander,лэндер,no_equality
4305,lander,ландо,no_equality
4306,inhaling,вдыхающий,no_equality
4307,inhaling,затяжка,no_equality
4308,inhaling,вдох,no_equality
4309,loose,отпустить,libérer
4310,loose,освободить,détacher
4311,loose,освободить,libérer
4312,loose,потерять,perdre
4313,loose,терять,perdre
4314,loose,свободный,libre
4315,loose,сыпучий,no_equality
4316,loose,свободно,libre
4317,loose,на свободу,libre
4318,loose,на свободу,libéré
4319,loose,на свободу,relâché
4320,loose,освободиться,no_equality
4321,loose,избавиться,perdre
4322,loose,развязать,détacher
4323,loose,развязать,défaire
4324,loose,отпускать,no_equality
4325,loose,рыхлый,no_equality
4326,loose,развязанный,no_equality
4327,loose,болтается,no_equality
4328,loose,рыхлой,no_equality
4329,loose,насыпью,en vrac
4330,classification,классификация,classification
4331,classification,классификация,classement
4332,classification,классификация,nomenclature
4333,classification,классификация,typologie
4334,classification,квалификация,qualification
4335,classification,отнесение,classification
4336,classification,отнесение,classement
4337,classification,отнесение,qualification
4338,classification,классификатор,classification
4339,classification,классификатор,classificateur
4340,classification,классификационный,no_equality
4341,classification,классификационных,no_equality
4342,classification,классификационное,no_equality
4343,classification,классифицирование,no_equality
4344,classification,секретности,no_equality
4345,classification,классификатором,no_equality
4346,hamstringing,подрезание крыльев,no_equality
4347,park,парк,parc
4348,park,парк,park
4349,park,парка,parc
4350,park,парка,park
4351,park,стоянка,stationnement
4352,park,парки,parc
4353,park,парковаться,stationner
4354,park,парковаться,se garer
4355,park,припарковаться,gare-toi
4356,park,припарковаться,se garer
4357,park,припарковать,no_equality
4358,park,парковать,garer
4359,park,парковке,stationnement
4360,park,парковки,stationnement
4361,park,пак,park
4362,park,пака,park
4363,park,park,no_equality
4364,park,рагк,no_equality
4365,park,оставлять,laisser
4366,park,запарковать,no_equality
4367,park,парковый,no_equality
4368,corpuscular,корпускулярных,no_equality
4369,metastasize,метастазировать,no_equality
4370,metastasize,дать метастазы,no_equality
4371,determine,определить,déterminer
4372,determine,определить,établir
4373,determine,определить,décider
4374,determine,определить,définir
4375,determine,определить,savoir
4376,determine,определить,fixer
4377,determine,определить,évaluer
4378,determine,определить,mesurer
4379,determine,определить,cerner
4380,determine,определять,déterminer
4381,determine,определять,établir
4382,determine,определять,décider
4383,determine,определять,définir
4384,determine,определять,fixer
4385,determine,определять,évaluer
4386,determine,определять,mesurer
4387,determine,определять,préciser
4388,determine,установить,déterminer
4389,determine,установить,établir
4390,determine,установить,définir
4391,determine,установить,fixer
4392,determine,установить,vérifier
4393,determine,определяться,déterminer
4394,determine,выяснить,déterminer
4395,determine,выяснить,savoir
4396,determine,выяснить,vérifier
4397,determine,выяснить,connaître
4398,determine,устанавливать,déterminer
4399,determine,устанавливать,établir
4400,determine,устанавливать,décider
4401,determine,устанавливать,définir
4402,determine,устанавливать,fixer
4403,determine,устанавливать,vérifier
4404,determine,зависеть,no_equality
4405,determine,решать,décider
4406,determine,решать,juger
4407,determine,решать,résoudre
4408,determine,решить,déterminer
4409,determine,решить,décider
4410,determine,решить,savoir
4411,determine,решить,résoudre
4412,determine,выявить,déterminer
4413,determine,выявить,définir
4414,determine,выявить,évaluer
4415,determine,выявить,cerner
4416,determine,оценить,déterminer
4417,determine,оценить,évaluer
4418,determine,оценить,vérifier
4419,determine,оценить,mesurer
4420,determine,оценить,juger
4421,determine,определиться,déterminer
4422,determine,определиться,décider
4423,determine,определиться,définir
4424,determine,определении,no_equality
4425,determine,определению,no_equality
4426,determine,выяснения,déterminer
4427,determine,выяснения,vérifier
4428,determine,выяснения,connaître
4429,invented,изобретенный,no_equality
4430,invented,вымышленный,no_equality
4431,embalm,бальзамировать,no_equality
4432,embalm,забальзамировать,no_equality
4433,gorillas,гориллы,no_equality
4434,gorillas,горилл,gorille
4435,gorillas,гориллами,gorille
4436,gorillas,гориллам,gorille
4437,gorillas,гориллах,no_equality
4438,grinding,измельчение,no_equality
4439,grinding,помол,no_equality
4440,grinding,шлифование,no_equality
4441,grinding,точильный,no_equality
4442,grinding,шлифовки,no_equality
4443,grinding,заточки,no_equality
4444,grinding,шлифовальных,no_equality
4445,grinding,шлифовальные,no_equality
4446,grinding,мелющих,no_equality
4447,grinding,молоть,no_equality
4448,grinding,крайней,no_equality
4449,grinding,шлифовка,polissage
4450,actualized,актуализирован,no_equality
4451,satisfiers,удовлетворяет,no_equality
4452,satisfiers,отвечает,no_equality
4453,satisfiers,соответствует,no_equality
4454,satisfiers,удовлетворяющее,no_equality
4455,satisfiers,удовлетворял бы,no_equality
4456,satisfiers,удовлетворяло бы,no_equality
4457,satisfiers,удовлетворит,no_equality
4458,satisfiers,утоляет,no_equality
4459,satisfiers,удовлетворяла бы,no_equality
4460,satisfiers,удовлетворяют,no_equality
4461,smokescreens,дымовую завесу,écran de fumée
4462,Nazis,нацистам,nazi
4463,Nazis,нацисты,nazi
4464,Nazis,нацистов,no_equality
4465,Nazis,нацистами,no_equality
4466,Nazis,фашистов,nazi
4467,Nazis,фашистов,fasciste
4468,Nazis,фашисты,fasciste
4469,Nazis,нацистах,no_equality
4470,Nazis,нацизм,nazisme
4471,Nazis,нациков,no_equality
4472,Nazis,нацизма,nazisme
4473,Nazis,фашистами,no_equality
4474,Nazis,фашистам,fasciste
4475,Nazis,наци,nazi
4476,alkalifying,подщелачивание,no_equality
4477,mockers,насмешников,no_equality
4478,finish,заканчивать,finir
4479,finish,заканчивать,terminer
4480,finish,заканчивать,achever
4481,finish,кончать,finir
4482,finish,прикончить,achever
4483,finish,финишировать,no_equality
4484,finish,допить,finir
4485,finish,довести,achever
4486,finish,договорить,finir
4487,finish,дочитать,finir
4488,finish,дописать,finir
4489,finish,отделка,no_equality
4490,finish,окончание,fin
4491,finish,окончание,final
4492,finish,финиш,arrivée
4493,finish,финиш,finish
4494,finish,послевкусие,no_equality
4495,finish,готово,no_equality
4496,finish,финишный,no_equality
4497,translucence,прозрачность,no_equality
4498,followings,ниже перечислены,suivant
4499,infarctions,миокарда,no_equality
4500,precession,прецессия,no_equality
4501,precession,предуступка,no_equality
4502,precession,прецессионный,no_equality
4503,trial,суд,procès
4504,trial,суд,jugement
4505,trial,суд,tribunal
4506,trial,суд,justice
4507,trial,суд,audience
4508,trial,судебное разбирательство,procès
4509,trial,судебное разбирательство,jugement
4510,trial,судебный процесс,procès
4511,trial,разбирательство,procédure
4512,trial,разбирательство,audience
4513,trial,дело,procès
4514,trial,испытание,no_equality
4515,trial,судопроизводство,procès
4516,trial,судопроизводство,tribunal
4517,trial,судопроизводство,justice
4518,trial,судопроизводство,procédure
4519,trial,слушание,procès
4520,trial,слушание,tribunal
4521,trial,слушание,audience
4522,trial,экспериментальный,expérimental
4523,trial,пробный,expérimental
4524,trial,судебного разбирательства,procès
4525,trial,судебного разбирательства,jugement
4526,trial,судебного разбирательства,juger
4527,trial,судебной,no_equality
4528,trial,судебных,procès
4529,trial,судебных,tribunal
4530,trial,судебного процесса,procès
4531,trial,дела,procès
4532,trial,дела,procédure
4533,trial,дела,audience
4534,trial,перед судом,no_equality
4535,trial,триал,no_equality
4536,disqualification,дисквалификация,disqualification
4537,disqualification,лишение права,no_equality
4538,disqualification,изъятие прав,no_equality
4539,disqualification,деквалификация,no_equality
4540,recurs,возобновляются,no_equality
4541,recurs,повторяется,se reproduit
4542,recurs,повторяется,se répète
4543,recurs,возобновляется,no_equality
4544,establishment,создание,création
4545,establishment,создание,établissement
4546,establishment,создание,instauration
4547,establishment,учреждение,établissement
4548,establishment,учреждение,mise en place
4549,establishment,учреждение,institution
4550,establishment,учреждение,installation
4551,establishment,учреждение,fondation
4552,establishment,установление,établissement
4553,establishment,установление,instauration
4554,establishment,установление,installation
4555,establishment,установление,adoption
4556,establishment,установление,fixation
4557,establishment,разработка,création
4558,establishment,разработка,établissement
4559,establishment,разработка,mise en place
4560,establishment,разработка,élaboration
4561,establishment,формирование,établissement
4562,establishment,формирование,élaboration
4563,establishment,введение,établissement
4564,establishment,введение,mise en place
4565,establishment,введение,instauration
4566,establishment,введение,institution
4567,establishment,введение,adoption
4568,establishment,налаживание,établissement
4569,establishment,налаживание,mise en place
4570,establishment,налаживание,instauration
4571,establishment,заведение,établissement
4572,establishment,заведение,institution
4573,establishment,организация,institution
4574,establishment,организация,fondation
4575,establishment,предприятие,établissement
4576,establishment,определение,établissement
4577,establishment,внедрение,mise en place
4578,establishment,внедрение,instauration
4579,establishment,внедрение,installation
4580,establishment,внедрение,implantation
4581,establishment,внедрение,adoption
4582,establishment,составление,établissement
4583,establishment,составление,élaboration
4584,establishment,основания,création
4585,establishment,основания,fondation
4586,establishment,истеблишмент,establishment
4587,establishment,создан,no_equality
4588,establishment,установка,no_equality
4589,establishment,истэблишмент,establishment
4590,establishment,основание,établissement
4591,establishment,основание,fondation
4592,pawnbrokers,ломбарды,no_equality
4593,electrolysis,электролиз,électrolyse
4594,electrolysis,электроэпиляция,no_equality
4595,electrolysis,электролизом,no_equality
4596,gasolines,товарных бензинов,no_equality
4597,parlors,салонов,no_equality
4598,parlors,салоны,no_equality
4599,parlors,салонах,massage
4600,parlors,гостиные,no_equality
4601,parlors,тату-салоны,no_equality
4602,conceals,скрывает,cache
4603,conceals,скрывает,dissimule
4604,conceals,скрывает,masque
4605,conceals,скрывает,cachant
4606,conceals,скрываются,no_equality
4607,conceals,укрывает,no_equality
4608,conceals,скрывающее,no_equality
4609,conceals,прячет,cache
4610,conceals,прячет,dissimule
4611,conceals,прячет,cachant
4612,conceals,затушевывает,no_equality
4613,conceals,скроет,no_equality
4614,conceals,маскирует,cache
4615,conceals,маскирует,masque
4616,conceals,таит,recèle
4617,conceals,умалчивает,no_equality
4618,conceals,скрыто,no_equality
4619,starched,накрахмаленные,no_equality
4620,starched,накрахмаленными,no_equality
4621,enmities,вражда,inimitié
4622,enmities,вражда,hostilité
4623,enmities,вражду,inimitié
4624,enmities,вражду,hostilité
4625,enmities,вражды,inimitié
4626,enmities,вражды,hostilité
4627,enmities,вражды,antagonisme
4628,ovulating,меня овуляция,ovule
4629,ovulating,время овуляции,no_equality
4630,ovulating,период их овуляции,no_equality
4631,hallucinogens,галлюциногенов,hallucinogène
4632,hallucinogens,галлюциногены,hallucinogène
4633,hallucinogens,галлюциногенами,no_equality
4634,hallucinogens,галлюциногенам,no_equality
4635,hallucinogens,галлюциногенах,no_equality
4636,hallucinogens,транквилизаторы,no_equality
4637,advises,консультирует,conseille
4638,advises,консультирует,conseiller
4639,advises,рекомендует,conseille
4640,advises,рекомендует,préconise
4641,advises,сообщает,informe
4642,advises,сообщает,indique
4643,advises,сообщает,signale
4644,advises,советует,no_equality
4645,advises,дает рекомендации,conseille
4646,advises,информирует,informe
4647,advises,предоставляет консультации,donne des avis
4648,advises,предоставляет консультации,donne des conseils
4649,advises,выносит рекомендации,donne des avis
4650,advises,уведомляет,informe
4651,advises,уведомляет,avise
4652,advises,представляет рекомендации,no_equality
4653,advises,дает консультации,donne des avis
4654,advises,дает консультации,donne des conseils
4655,advises,оказывает консультативные услуги,conseille
4656,advises,оказывает консультативные услуги,donne des conseils
4657,advises,оказывает консультативную помощь,conseille
4658,advises,рекомендуется,recommande
4659,illegality,незаконность,no_equality
4660,illegality,беззаконие,illégalité
4661,illegality,беззаконность,no_equality
4662,illegality,неконституционность,no_equality
4663,experienced,опытный,expérimenté
4664,experienced,опытный,chevronné
4665,experienced,опыт,no_equality
4666,experienced,которыми сталкиваются,no_equality
4667,experienced,наблюдался,no_equality
4668,experienced,испытывают,no_equality
4669,experienced,пережил,no_equality
4670,experienced,произошло,no_equality
4671,experienced,сталкиваются с,no_equality
4672,experienced,испытывали,éprouvé
4673,experienced,наблюдалось,no_equality
4674,experienced,наблюдается,no_equality
4675,experienced,испытал,expérimenté
4676,experienced,подвергаются,no_equality
4677,experienced,испытывает,no_equality
4678,Suezzes,пользуется,no_equality
4679,Suezzes,захватывает,s'empare
4680,Suezzes,изымает,no_equality
4681,Suezzes,арестовывает,no_equality
4682,Suezzes,конфискует,no_equality
4683,islanders,островов,île
4684,islanders,островитян,no_equality
4685,islanders,островитяне,insulaire
4686,islanders,жители острова,îlien
4687,islanders,жителей острова,insulaire
4688,islanders,жителей острова,habitants de l'île
4689,islanders,островитянам,no_equality
4690,islanders,островитянами,no_equality
4691,malignancies,злокачественные новообразования,tumeurs malignes
4692,malignancies,злокачественных новообразований,tumeurs malignes
4693,irritable,раздражительный,irritable
4694,irritable,раздражительность,no_equality
4695,irritable,раздражен,no_equality
4696,irritable,раздражённый,no_equality
4697,irritable,раздражение,no_equality
4698,irritable,слизистый,no_equality
4699,rubber-necked,резиновый,en caoutchouc
4700,rubber-necked,резиновый,de caoutchouc
4701,rubber-necked,каучук,caoutchouc
4702,rubber-necked,резина,caoutchouc
4703,rubber-necked,резинка,no_equality
4704,rubber-necked,каучуковых,no_equality
4705,rubber-necked,шея,no_equality
4706,pinning,вешаю,no_equality
4707,pinning,повесите,no_equality
4708,pinning,возлагаю,no_equality
4709,pinning,вешать,no_equality
4710,pinning,вешают,no_equality
4711,pinning,возлагаешь,no_equality
4712,pinning,повесив,no_equality
4713,pinning,возлагает,no_equality
4714,pinning,повесить,no_equality
4715,pinning,возлагаем,no_equality
4716,pinning,пришпиливания,no_equality
4717,pinning,возлагают,placent
4718,propagated,пропагандируемый,no_equality
4719,propagated,распространенный,no_equality
4720,propagated,размножаемый,no_equality
4721,bristle,щетина,no_equality
4722,bristle,сердиться,no_equality
4723,bristle,ощетиниться,no_equality
4724,bristle,натуральной щетины,no_equality
4725,morbidly,болезненно,morbide
4726,morbidly,патологически,no_equality
4727,Dubais,дубай,no_equality
4728,Dubais,дубаи,no_equality
4729,Dubais,дубае,no_equality
4730,Dubais,дубай,no_equality
4731,Dubais,дубая,no_equality
4732,Dubais,дубайской,no_equality
4733,Dubais,дубайская,no_equality
4734,Dubais,дубайский,no_equality
4735,Dubais,дубайского,no_equality
4736,Dubais,дубайском,no_equality
4737,Dubais,дубайскую,no_equality
4738,Dubais,дубаем,no_equality
4739,Dubais,дубаях,no_equality
4740,Dubais,дубайских,no_equality
4741,Dubais,dubai,no_equality
4742,locator,локатор,no_equality
4743,locator,указатель,no_equality
4744,locator,маячок,localisateur
4745,locator,приводных,no_equality
4746,locator,автотранспортными,no_equality
4747,locator,приводными,no_equality
4748,locator,приводные,no_equality
4749,locator,местонахождения,localisation
4750,locator,locator,no_equality
4751,locator,самолетах аварийных радиобуев,balise
4752,locator,чип-локатор,no_equality
4753,tension,напряжение,tension
4754,tension,напряжение,pression
4755,tension,напряженность,no_equality
4756,tension,натяжение,tension
4757,tension,натянутость,no_equality
4758,tension,противоречие,tension
4759,tension,накал,no_equality
4760,tension,натяг,no_equality
4761,tension,напряженный,no_equality
4762,tension,натяжной,no_equality
4763,hungering,голод,faim
4764,hungering,голод,soif
4765,hungering,голод,affamé
4766,retroactive,ретроактивного,rétroactivité
4767,retroactive,ретроактивного,rétroactivement
4768,retroactive,ретроактивное,rétroactivité
4769,retroactive,обратной,no_equality
4770,retroactive,ретроактивной,rétroactif
4771,retroactive,ретроактивные,rétroactif
4772,retroactive,ретроактивных,no_equality
4773,retroactive,ретроактивно,no_equality
4774,retroactive,ретроактивным,no_equality
4775,retroactive,ретроактивная,no_equality
4776,retroactive,ретроактивную,no_equality
4777,retroactive,ретроактивному,no_equality
4778,retroactive,ретроактивный характер,no_equality
4779,retroactive,задним числом,no_equality
4780,retroactive,ретроактивными,no_equality
4781,retroactive,ретроактивном порядке,no_equality
4782,paved,проложила,no_equality
4783,paved,твердым покрытием,bitumée
4784,paved,проложили,tracé
4785,paved,проложил,no_equality
4786,paved,вымощены,no_equality
4787,paved,вымощена,no_equality
4788,paved,твердое покрытие,revêtue
4789,paved,асфальтированных,no_equality
4790,paved,мощеных,no_equality
4791,paved,асфальтированной,no_equality
4792,paved,мощеные,no_equality
4793,paved,асфальтированные,no_equality
4794,paved,вымощен,no_equality
4795,claiming,утверждая,alléguant
4796,claiming,заявив,prétendant
4797,claiming,заявив,affirmant
4798,claiming,заявляя,no_equality
4799,claiming,утверждающих,affirmant
4800,claiming,"утверждает, что",no_equality
4801,claiming,требовать,demander
4802,claiming,требовать,prétendre
4803,claiming,требовать,réclamer
4804,claiming,требовать,revendiquer
4805,claiming,которые утверждают,affirmant
4806,claiming,заявляет,no_equality
4807,claiming,требуя,réclamer
4808,claiming,заявил,no_equality
4809,claiming,утверждающие,no_equality
4810,claiming,утверждающее,no_equality
4811,claiming,утверждать,prétendre
4812,claiming,требование,demande
4813,claiming,требование,revendication
4814,claiming,утверждающий,no_equality
4815,crawling,ползающий,no_equality
4816,crawling,выползающий,no_equality
4817,crawling,кишащий,no_equality
4818,crawling,наползающий,no_equality
4819,crawling,ползание,no_equality
4820,crawling,переползание,no_equality
4821,crawling,сползание,no_equality
4822,crawling,ползком,rampant
4823,crawling,ползком,rampe
4824,polarities,полярностей,no_equality
4825,shepherds,пастухов,berger
4826,shepherds,пастухов,pasteur
4827,shepherds,пастухов,éleveur
4828,shepherds,пастухи,berger
4829,shepherds,пастухи,éleveur
4830,shepherds,пастухами,berger
4831,shepherds,пастухами,pasteur
4832,shepherds,пастухами,pâtre
4833,shepherds,пастуха,berger
4834,shepherds,овчарок,no_equality
4835,shepherds,пастухам,no_equality
4836,shepherds,пастыри,no_equality
4837,shepherds,пастырей,no_equality
4838,shepherds,скотоводов,berger
4839,shepherds,скотоводов,pasteur
4840,shepherds,скотоводов,éleveur
4841,padded,обитый,no_equality
4842,padded,проложенный,no_equality
4843,padded,дополненный,no_equality
4844,padded,набитый,no_equality
4845,padded,набивной,no_equality
4846,padded,раздутый,no_equality
4847,padded,пухлый,no_equality
4848,demons,демонов,démon
4849,demons,демоны,démon
4850,demons,демонами,démon
4851,demons,демонам,démon
4852,demons,демонах,démon
4853,demons,демона,démon
4854,demons,бесов,démon
4855,demons,демон,démon
4856,demons,демон,diable
4857,demons,бесы,démon
4858,demons,бесами,no_equality
4859,demons,страхами,no_equality
4860,demons,чертей,no_equality
4861,knee,колено,genou
4862,knee,коленка,genou
4863,knee,колени,genou
4864,knee,колени,agenouiller
4865,knee,коленный,no_equality
4866,knee,на коленях,no_equality
4867,knee,наколенники,genouillère
4868,constitutes,представляет собой,constituent
4869,constitutes,представляет собой,constituait
4870,constitutes,представляет собой,représentent
4871,constitutes,представляет собой,constituer
4872,constitutes,составляет,constitue
4873,constitutes,составляет,représente
4874,constitutes,составляет,constituent
4875,constitutes,составляет,représentent
4876,constitutes,представляют собой,représente
4877,constitutes,представляют собой,constituent
4878,constitutes,представляют собой,représentent
4879,constitutes,являются,constitue
4880,constitutes,являются,constituent
4881,constitutes,являются,représentent
4882,constitutes,создает,constitue
4883,constitutes,создает,représente
4884,constitutes,создает,constituent
4885,constitutes,служит,constitue
4886,constitutes,служит,représente
4887,constitutes,служит,constituent
4888,constitutes,служит,constituait
4889,constitutes,составляют,constitue
4890,constitutes,составляют,représente
4891,constitutes,составляют,constituent
4892,constitutes,составляют,représentent
4893,constitutes,приходится,représente
4894,constitutes,приходится,constituent
4895,constitutes,приходится,représentent
4896,constitutes,означает,représente
4897,constitutes,образует,constitue
4898,constitutes,образует,constituait
4899,constitutes,образует,forme
4900,constitutes,обеспечивает,constitue
4901,constitutes,обеспечивает,représente
4902,constitutes,свидетельствует,représente
4903,constitutes,квалифицируется,constitue
4904,constitutes,считается,constitue
4905,constitutes,следует считать,no_equality
4906,incisure,застраховать,no_equality
4907,incisure,страховать,no_equality
4908,incisure,обеспечения,no_equality
4909,incisure,обеспечить,no_equality
4910,incisure,обеспечивать,no_equality
4911,incisure,гарантировать,no_equality
4912,incisure,страховаться,no_equality
4913,incisure,страхования,no_equality
4914,incisure,страховании,no_equality
4915,incisure,обеспечению того,no_equality
4916,incisure,страхование,no_equality
4917,horizontally,горизонтально,horizontalement
4918,horizontally,горизонтально,horizontale
4919,horizontally,горизонтально,latéralement
4920,horizontally,по горизонтали,horizontalement
4921,horizontally,по горизонтали,horizontal
4922,horizontally,горизонтальной плоскости,no_equality
4923,horizontally,горизонтального,no_equality
4924,horizontally,горизонтальном уровне,horizontale
4925,horizontally,горизонтальном уровне,horizontal
4926,horizontally,горизонтальном уровне,plan
4927,horizontally,горизонтальном плане,horizontale
4928,horizontally,горизонтальном плане,horizontal
4929,horizontally,горизонтальном плане,plan
4930,horizontally,горизонтальные связи,no_equality
4931,horizontally,"горизонтальную, так",horizontalement
4932,horizontally,"горизонтальную, так",horizontale
4933,horizontally,"горизонтальную, так",horizontaux
4934,horizontally,"горизонтальную, так",horizontal
4935,horizontally,горизонтальном направлении,horizontalement
4936,horizontally,горизонтальное,no_equality
4937,dough,тесто,pâte
4938,dough,бабло,fric
4939,dough,бабло,argent
4940,dough,бабло,pognon
4941,dough,бабло,thune
4942,dough,паста,pâte
4943,dough,замес,no_equality
4944,dough,замес теста,pâte
4945,dough,тестообразная масса,no_equality
4946,dough,тестоделительный,no_equality
4947,decompress,расслабиться,no_equality
4948,decompress,распаковать,décompresser
4949,decompress,распаковаться,no_equality
4950,decompress,развертывать,no_equality
4951,decompress,распаковывать,décompresser
4952,decompress,снизить давление,no_equality
4953,decompress,декомпрессии,no_equality
4954,decompress,снять напряжение,décompresser
4955,decompress,отойти от стресса,no_equality
4956,decompress,снижу давление,no_equality
4957,counteracting,противодействие,lutte contre
4958,counteracting,противодействие,lutter contre
4959,counteracting,противодействие,contrer
4960,counteracting,противодействие,contrecarrer
4961,counteracting,противодействие,combattre
4962,counteracting,борьбе с,lutte contre
4963,counteracting,борьбе с,lutter contre
4964,counteracting,борьбе с,contrer
4965,counteracting,борьбе с,combattre
4966,counteracting,борьбы с,lutter contre
4967,counteracting,борьбы с,contrer
4968,counteracting,борьбы с,combattre
4969,counteracting,борьбу с,lutter contre
4970,counteracting,борьбу с,combattre
4971,predicts,предсказывает,prédit
4972,predicts,предсказывает,prévoit
4973,predicts,предсказывает,prédire
4974,predicts,предсказывает,prédisent
4975,predicts,прогнозирует,prévoit
4976,predicts,прогнозируется,permet de prévoir
4977,predicts,предсказывают,prédisent
4978,predicts,предопределяет,no_equality
4979,predicts,предсказывается,no_equality
4980,predicts,согласно прогнозам,no_equality
4981,predicts,прогноз,prévision
4982,predicts,прогноз,pronostique
4983,predicts,прогноз,pronostic
4984,predicts,предскажет,no_equality
4985,cheekiness,нахальство,no_equality
4986,Oxonian,оксфордец,no_equality
4987,Oxonian,жительница оксфорда,no_equality
4988,Apostle,апостол,apôtre
4989,Apostle,апостолом,no_equality
4990,Apostle,апостоле,no_equality
4991,Apostle,поборника,no_equality
4992,Apostle,ранних лет святой карьерой движим,no_equality
4993,start_up,развертывание,lancement
4994,start_up,начала,démarrage
4995,start_up,начала,début
4996,start_up,начало,démarrage
4997,start_up,начало,lancement
4998,start_up,начало,départ
4999,start_up,начало,début
5000,start_up,запуск,démarrage
5001,start_up,запуск,lancement
5002,start_up,запуск,mise en marche
5003,start_up,начальных,initial
5004,start_up,начальные,no_equality
5005,start_up,первоначальных,initial
5006,start_up,первоначальные,initial
5007,start_up,стартового,amorçage
5008,start_up,создания,création
5009,start_up,создания,établissement
5010,start_up,стартап,no_equality
5011,start_up,пуск,démarrage
5012,start_up,первоначальный,initial
5013,start_up,начальной,no_equality
5014,start_up,начинающих,no_equality
5015,markets,рынки,marché
5016,markets,рынки,débouché
5017,markets,рынков,marché
5018,markets,рынков,débouché
5019,markets,рынках,marché
5020,markets,рынках,produit
5021,markets,рынкам,marché
5022,markets,рынками,marché
5023,markets,рынка,marché
5024,markets,рынка,débouché
5025,markets,рынка,créneau
5026,markets,рынка,bourse
5027,markets,рынке,marché
5028,markets,рынке,bourse
5029,markets,рынок,marché
5030,markets,рынок,bourse
5031,markets,бирж,no_equality
5032,markets,markets,no_equality
5033,markets,рынком,marché
5034,markets,странах,pays
5035,markets,стран,pays
5036,markets,рынку,marché
5037,markets,рыночных,marché
5038,markets,рыночных,débouché
5039,audits,ревизий,no_equality
5040,audits,проверок,vérification
5041,audits,проверок,contrôle
5042,audits,проверок,mission
5043,audits,проверки,vérification
5044,audits,проверки,contrôle
5045,audits,проверки,vérifier
5046,audits,аудита,audit
5047,audits,аудит,audit
5048,audits,ревизиями,audit
5049,audits,аудиты,audit
5050,audits,ревизия,audit
5051,audits,ревизия,contrôle
5052,audits,ревизия,compte
5053,audits,аудитов,no_equality
5054,audits,ревизиям,audit
5055,audits,ревизиях,audit
5056,audits,ревизию,audit
5057,audits,проверку,vérification
5058,audits,проверку,vérifier
5059,audits,ревизии деятельности,no_equality
5060,audits,проверка,vérification
5061,audits,проверка,contrôle
5062,audits,проверка,vérifier
5063,zygomatics,скуловых,no_equality
5064,welds,стыки,no_equality
5065,subserve,содействовать,favoriser
5066,film,фильм,film
5067,film,фильм,tournage
5068,film,фильм,documentaire
5069,film,пленка,film
5070,film,пленка,pellicule
5071,film,кино,film
5072,film,кино,cinéma
5073,film,фильмы,film
5074,film,фильмы,cinéma
5075,film,фильмы,documentaire
5076,film,кинофильм,film
5077,film,видео,film
5078,film,снимать,filmer
5079,film,снимать,tourner
5080,film,снять,filmer
5081,film,снять,tourner
5082,film,заснять,filmer
5083,film,заснять,enregistrer
5084,film,кинематографии,no_equality
5085,film,кино-,film
5086,film,кино-,cinéma
5087,film,съёмки,no_equality
5088,film,съемочной,no_equality
5089,film,запись,enregistrer
5090,film,кинопленка,no_equality
5091,film,кинолента,film
5092,film,сниматься,filmer
5093,film,сниматься,tourner
5094,film,снимать на пленку,no_equality
5095,resemblances,семейные сходства,ressemblance
5096,resemblances,семейные сходства,similitude
5097,rumps,зады,no_equality
5098,demeaned,унизил,no_equality
5099,demeaned,унижал,no_equality
5100,demeaned,униженным,no_equality
5101,dethroned,смещена,no_equality
5102,dethroned,свергли с трона,no_equality
5103,dethroned,свергнут,no_equality
5104,resister,партизан,no_equality
5105,Mozambican,мозамбикский,mozambicain
5106,Mozambican,мозамбика,no_equality
5107,Mozambican,мозамбикская,no_equality
5108,Mozambican,мозамбикские,no_equality
5109,Mozambican,мозамбикцев,mozambicain
5110,Mozambican,мозамбикскими,no_equality
5111,Mozambican,мозамбике,no_equality
5112,regretted,сожалеет о том,regrette
5113,regretted,сожалеет о том,déplore
5114,regretted,выражает сожаление по поводу того,no_equality
5115,regretted,выразил сожаление по поводу того,a regretté
5116,regretted,выразил сожаление по поводу того,a déploré
5117,regretted,выразила сожаление по поводу того,a regretté
5118,regretted,с сожалением отмечает,regrette
5119,regretted,с сожалением отмечает,déplore
5120,regretted,выразили сожаление по поводу того,ont regretté
5121,regretted,с сожалением отметил,a regretté
5122,regretted,с сожалением отметил,a déploré
5123,regretted,сожалению,regrette
5124,regretted,сожалению,déplorer
5125,regretted,с сожалением отметила,a regretté
5126,regretted,с сожалением отметила,a déploré
5127,regretted,с сожалением отметили,ont regretté
5128,regretted,пожалела об,a regretté
5129,regretted,сожалеют о том,regrettent
5130,regretted,сожалел об,no_equality
5131,regretted,пожалел об,regrette
5132,regretted,пожалел об,ai regretté
5133,regretted,пожалел о,ai regretté
5134,seafarers,моряков,marin
5135,seafarers,моряков,gens de mer
5136,seafarers,моряки,marin
5137,seafarers,моряки,gens de mer
5138,seafarers,моряки,navigateur
5139,seafarers,морякам,marin
5140,seafarers,морякам,gens de mer
5141,seafarers,моряками,no_equality
5142,seafarers,мореплавателей,gens de mer
5143,seafarers,моряка,marin
5144,seafarers,моряках,marin
5145,seafarers,мореплавателям,no_equality
5146,seafarers,мореплаватели,navigateur
5147,seafarers,мореплавателями,no_equality
5148,riced,рис,no_equality
5149,riced,рисовый,no_equality
5150,riced,рисовые,no_equality
5151,riced,рисовых,no_equality
5152,riced,рисовой,no_equality
5153,riced,рисовое,no_equality
5154,riced,рисового,no_equality
5155,riced,рисовая,no_equality
5156,riced,рисоводства,no_equality
5157,riced,рисовую,no_equality
5158,riced,райс,no_equality
5159,riced,райса,no_equality
5160,riced,рисовым,no_equality
5161,riced,рисовом,no_equality
5162,riced,райсом,no_equality
5163,gritted,зубы,no_equality
5164,armourer,оружейник,no_equality
5165,arthropodous,членистоногих,no_equality
5166,arthropodous,членистоногие,no_equality
5167,arthropodous,артроподы,no_equality
5168,menstruate,быть в период,no_equality
5169,menstruate,менструировать,no_equality
5170,menstruate,месячные,no_equality
5171,menstruate,бывает менструаций,no_equality
5172,menstruate,нет менструаций,no_equality
5173,origination,происхождение,origine
5174,origination,порождение,no_equality
5175,origination,образование,no_equality
5176,origination,инициирование,no_equality
5177,dualist,дуалист,no_equality
5178,dualist,дуалистический,dualiste
5179,autumn,осень,automne
5180,autumn,осенний,no_equality
5181,autumn,отом,no_equality
5182,autumn,отэм,automne
5183,autumn,отум,no_equality
5184,forger,фальсификатор,faussaire
5185,forger,фальсификатор,falsificateur
5186,forger,фальшивомонетчик,faussaire
5187,forger,фальшивомонетчик,contrefacteur
5188,forger,фальшивомонетчик,faux-monnayeur
5189,forger,мошенник,no_equality
5190,forger,поддельщика,no_equality
5191,forger,копиист,no_equality
5192,forger,копииста,no_equality
5193,forger,автор подделки,no_equality
5194,forger,фальсификатором,no_equality
5195,forger,фальшивомонетчиком,faussaire
5196,boys,мальчиков,garçon
5197,boys,мальчиков,gars
5198,boys,мальчиков,enfant
5199,boys,мальчиков,homme
5200,boys,мальчиков,fil
5201,boys,мальчиков,fille
5202,boys,мальчиков,jeune
5203,boys,мальчиков,adolescent
5204,boys,мальчиков,gamin
5205,boys,мальчики,garçon
5206,boys,мальчики,gars
5207,boys,мальчики,homme
5208,boys,мальчики,fil
5209,boys,мальчики,fille
5210,boys,мальчики,Monsieur
5211,boys,парни,gars
5212,boys,парни,mec
5213,boys,парни,homme
5214,boys,парни,pote
5215,boys,парни,Monsieur
5216,boys,ребята,gars
5217,boys,мальчиками,garçon
5218,boys,парней,garçon
5219,boys,парней,gars
5220,boys,парней,mec
5221,boys,парней,homme
5222,boys,парней,jeune
5223,boys,парней,gamin
5224,boys,парней,pote
5225,boys,мальчикам,no_equality
5226,boys,юношей,garçon
5227,boys,юношей,adolescent
5228,boys,ребят,garçon
5229,boys,ребят,gars
5230,boys,ребят,enfant
5231,boys,ребят,mec
5232,boys,ребят,homme
5233,boys,ребят,jeune
5234,boys,ребят,gamin
5235,boys,мальчика,garçon
5236,boys,мальчика,gars
5237,boys,мальчика,enfant
5238,boys,мальчика,fil
5239,boys,мальчика,gamin
5240,boys,мальчишки,garçon
5241,boys,мальчишки,gars
5242,boys,мальчишки,gamin
5243,boys,парнями,garçon
5244,boys,парнями,gars
5245,boys,парнями,mec
5246,boys,парнями,homme
5247,boys,мальчишек,garçon
5248,boys,детей,garçon
5249,boys,детей,enfant
5250,boys,детей,fille
5251,boys,детей,gamin
5252,boys,парням,mec
5253,boys,парням,homme
5254,bicyclings,на велосипедах,no_equality
5255,bicyclings,велосипедистов,no_equality
5256,bicyclings,на велосипеде,cyclisme
5257,bicyclings,велосипедное движение,no_equality
5258,bicyclings,велоспорт,vélo
5259,endeavours,усилия,effort
5260,endeavours,усилий,effort
5261,endeavours,усилиях,effort
5262,endeavours,деятельности,action
5263,endeavours,стремится,no_equality
5264,endeavours,усилиям,effort
5265,endeavours,начинаниях,no_equality
5266,endeavours,деятельность,initiative
5267,endeavours,деятельность,action
5268,endeavours,работе,no_equality
5269,endeavours,мероприятий,effort
5270,endeavours,мероприятий,initiative
5271,endeavours,мероприятий,action
5272,endeavours,усилиями,action
5273,endeavours,начинаний,initiative
5274,endeavours,начинания,entreprise
5275,endeavours,мероприятия,effort
5276,endeavours,мероприятия,action
5277,endeavours,инициативы,initiative
5278,jailor,тюремщик,geôlier
5279,jailor,тюремный надзиратель,no_equality
5280,itinerating,сжигания,no_equality
5281,itinerating,сожжение,no_equality
5282,itinerating,сжигать,no_equality
5283,vetoes,вето,veto
5284,injustices,несправедливости,injustice
5285,injustices,несправедливости,iniquité
5286,injustices,несправедливость,injustice
5287,injustices,несправедливость,iniquité
5288,injustices,несправедливостей,injustice
5289,injustices,несправедливостью,injustice
5290,injustices,несправедливостью,iniquité
5291,injustices,несправедливостях,injustice
5292,injustices,несправедливостями,injustice
5293,injustices,несправедливостям,no_equality
5294,injustices,неравенства,iniquité
5295,injustices,справедливости,injustice
5296,unclothed,без одежды,nu
5297,unclothed,раздета,no_equality
5298,devisal,отказ,no_equality
5299,devisal,отрицание,no_equality
5300,devisal,лишение,no_equality
5301,devisal,ущемление,no_equality
5302,devisal,опровержение,no_equality
5303,devisal,нарушение,no_equality
5304,devisal,попрание,no_equality
5305,devisal,отсутствие,no_equality
5306,devisal,об отказе,no_equality
5307,devisal,отрицает,no_equality
5308,devisal,отклонения,no_equality
5309,devisal,отклонение,no_equality
5310,devisal,умаление,no_equality
5311,devisal,нежелание,no_equality
5312,devisal,непризнание,no_equality
5313,reflectivity,отражательной способности,réflectivité
5314,reflectivity,отражательную способность,no_equality
5315,cognitive,когнитивный,cognitif
5316,cognitive,познавательный,cognitif
5317,cognitive,когнитивными,no_equality
5318,cognitive,когнитивным,no_equality
5319,cognitive,когнитивному,no_equality
5320,cognitive,умственных,intellectuel
5321,cognitive,умственных,mental
5322,cognitive,умственного,cognitif
5323,cognitive,умственного,intellectuel
5324,cognitive,умственного,mental
5325,cognitive,познания,no_equality
5326,cognitive,умственному,intellectuel
5327,cognitive,умственному,mental
5328,cognitive,процесс познания,connaissance
5329,shadower,сопровождали,no_equality
5330,shadower,затененный,no_equality
5331,combings,взрывов,no_equality
5332,combings,бомбардировок,no_equality
5333,combings,бомбардировки,no_equality
5334,combings,взрывами,no_equality
5335,combings,взрывы бомб,no_equality
5336,combings,бомбежек,no_equality
5337,combings,бомбардировками,no_equality
5338,combings,взрывам,no_equality
5339,combings,бомбардировках,no_equality
5340,combings,обстрелов,no_equality
5341,combings,взрыва,no_equality
5342,combings,бомбардировке,no_equality
5343,combings,бомбежки,no_equality
5344,combings,теракты,no_equality
5345,combings,бомб смертниками,no_equality
5346,agency,агентство,agence
5347,agency,агентство,organisme
5348,agency,агентство,institution
5349,agency,агентство,bureau
5350,agency,агентство,office
5351,agency,агентство,agency
5352,agency,учреждение,agence
5353,agency,учреждение,organisme
5354,agency,учреждение,institution
5355,agency,учреждение,organe
5356,agency,управление,agence
5357,agency,управление,organisme
5358,agency,управление,bureau
5359,agency,управление,office
5360,agency,управление,service
5361,agency,орган,organisme
5362,agency,орган,institution
5363,agency,орган,organe
5364,agency,орган,bureau
5365,agency,орган,instance
5366,agency,орган,office
5367,agency,орган,service
5368,agency,ведомство,agence
5369,agency,ведомство,organisme
5370,agency,организация,organisme
5371,agency,организация,institution
5372,agency,организация,organisation
5373,agency,агенство,agence
5374,agency,бюро,agence
5375,agency,бюро,institution
5376,agency,бюро,bureau
5377,agency,бюро,office
5378,agency,бюро,service
5379,agency,служба,no_equality
5380,agency,агенства,agence
5381,agency,агенстве,no_equality
5382,agency,агентских,no_equality
5383,agency,агентский,no_equality
5384,agency,агентству,no_equality
5385,agency,деятельность,action
5386,agency,посредничество,no_equality
5387,agency,содействие,no_equality
5388,agency,агентура,no_equality
5389,need,потребность,besoin
5390,need,потребность,nécessité
5391,need,потребность,exigence
5392,need,запрос,no_equality
5393,need,требоваться,avoir besoin
5394,need,требоваться,nécessiter
5395,need,следовать,no_equality
5396,need,быть необходимым,no_equality
5397,need,пригодиться,avoir besoin
5398,need,нужно,no_equality
5399,need,надо,devoir
5400,need,надо,falloir
5401,immunizing,иммунизация,immunisation
5402,immunizing,иммунизация,vaccination
5403,sauces,соусы,no_equality
5404,sauces,соусов,sauce
5405,sauces,соус,sauce
5406,sauces,соусами,sauce
5407,sauces,соуса,no_equality
5408,sauces,соусом,sauce
5409,sauces,готовых томатных соусах,sauce
5410,disinheritance,лишение наследства,déshériter
5411,disinheritance,лишения наследства,déshériter
5412,saddles,седлами,no_equality
5413,saddles,седле,selle
5414,saddles,седел,no_equality
5415,saddles,"""сверкающие седла""",selle
5416,saddles,седловинах,no_equality
5417,guarded,охраняемый,protégé
5418,guarded,огражденный,no_equality
5419,guarded,охраненный,no_equality
5420,guarded,осторожный,prudent
5421,blood_vessel,кровеносный сосуд,vaisseau sanguin
5422,blood_vessel,кровеносных сосудов,vaisseaux sanguins
5423,blood_vessel,артерию,vaisseau sanguin
5424,blood_vessel,кровеносного сосуда,no_equality
5425,blood_vessel,кровеносные сосуды,vaisseaux sanguins
5426,blood_vessel,кровоизлияние,no_equality
5427,blood_vessel,кровоснабжение,no_equality
5428,predetermining,предопределяющей,no_equality
5429,predetermining,предопределение,no_equality
5430,advance,аванс,avance
5431,advance,аванс,acompte
5432,advance,содействие,no_equality
5433,advance,достижения,progrès
5434,advance,прогресс,no_equality
5435,advance,продвижение,avance
5436,advance,продвижение,progrès
5437,advance,продвижение,avancée
5438,advance,продвижение,avancement
5439,advance,продвижение,progression
5440,advance,наступление,no_equality
5441,advance,предварительный,préalable
5442,advance,передовой,avancée
5443,advance,авансовый,anticipé
5444,advance,содействовать,promouvoir
5445,advance,содействовать,favoriser
5446,advance,содействовать,améliorer
5447,advance,способствовать,promouvoir
5448,advance,способствовать,favoriser
5449,advance,способствовать,améliorer
5450,advance,продвигать,faire avancer
5451,advance,продвигать,promouvoir
5452,advance,продвинуть,no_equality
5453,advance,развивать,promouvoir
5454,advance,развивать,favoriser
5455,advance,развивать,améliorer
5456,advance,продвигаться,avancer
5457,advance,продвигаться,progresser
5458,advance,продвигаться вперед,avancer
5459,advance,продвигаться вперед,progresser
5460,advance,продвигаться вперед,faire des progrès
5461,advance,продвигать вперед,faire avancer
5462,advance,до,no_equality
5463,advance,успех,progrès
5464,advance,движение вперед,avance
5465,advance,авансировать,avancer
5466,advance,совершенствоваться,no_equality
5467,advance,расти,progresser
5468,crazes,мании,manie
5469,charinesses,аркан,harnais
5470,charinesses,арканов,harnais
5471,charinesses,жгуты,no_equality
5472,charinesses,ремни безопасности,no_equality
5473,charinesses,жгутов,no_equality
5474,charinesses,арканы,no_equality
5475,embryos,эмбрионов,embryon
5476,embryos,эмбрионы,embryon
5477,embryos,зародышей,embryon
5478,embryos,эмбрионами,embryon
5479,embryos,зародыши,embryon
5480,embryos,зародышами,no_equality
5481,embryos,эмбриона,embryon
5482,embryos,эмбриона,embryonnaire
5483,embryos,эмбрионам,no_equality
5484,irritation,раздражение,irritation
5485,irritation,раздражение,agacement
5486,irritation,возбуждение,no_equality
5487,irritation,раздражении,no_equality
5488,Erins,эрин,no_equality
5489,Erins,эйрин,no_equality
5490,heralded,объявленный,no_equality
5491,harvesting,уборка урожая,récolte
5492,harvesting,уборка,no_equality
5493,harvesting,заготовка,récolte
5494,harvesting,заготовка,exploitation
5495,harvesting,сбор,no_equality
5496,harvesting,уборочная,no_equality
5497,harvesting,добыча,exploitation
5498,harvesting,промысел,no_equality
5499,harvesting,лесозаготовительный,no_equality
5500,harvesting,собирающий,no_equality
5501,murderous,смертоносный,meurtrier
5502,murderous,убийца,no_equality
5503,murderous,убийственной,no_equality
5504,murderous,кровавых,no_equality
5505,murderous,кровожадные,no_equality
5506,murderous,убийства,no_equality
5507,murderous,жестоких,no_equality
5508,murderous,кровавого,sanguinaire
5509,murderous,кровавого,sanglant
5510,murderous,убийственного,no_equality
5511,murderous,убийств,no_equality
5512,murderous,кровавой,sanglant
5513,defeated,поражение,no_equality
5514,defeated,победил,a battu
5515,defeated,победить,no_equality
5516,defeated,побежден,no_equality
5517,defeated,победили,no_equality
5518,defeated,победила,a battu
5519,defeated,побеждены,vaincu
5520,defeated,повержен,vaincu
5521,defeated,побежденным,no_equality
5522,defeated,разбиты,vaincu
5523,defeated,отклонено,rejeté
5524,defeated,побежденных,vaincu
5525,defeated,разгромили,no_equality
5526,defeated,побежденные,vaincu
5527,defeated,повержены,vaincu
5528,Wallaces,уоллесы,no_equality
5529,bitty,песенного,no_equality
5530,bitty,песенный,no_equality
5531,bitty,крошечные,no_equality
5532,troop,войска,contingent
5533,troop,войска,troupe
5534,troop,войска,soldat
5535,troop,войска,armée
5536,troop,отряд,troupe
5537,troop,отряд,groupe
5538,troop,отряд,peloton
5539,troop,отряд,bande
5540,troop,войск,contingent
5541,troop,войск,effectif
5542,troop,войск,militaire
5543,troop,войск,soldat
5544,troop,войск,armée
5545,troop,военнослужащих,contingent
5546,troop,военнослужащих,effectif
5547,troop,военнослужащих,militaire
5548,troop,военнослужащих,soldat
5549,troop,военнослужащих,armée
5550,troop,военнослужащих,homme
5551,troop,воинские контингенты,contingent
5552,troop,воинских контингентов,contingent
5553,troop,воинских контингентов,soldat
5554,troop,человеко-дней,jours-homme
5555,troop,стая,troupe
5556,troop,стая,bande
5557,troop,войсками,contingent
5558,troop,войсками,armée
5559,troop,воинского,militaire
5560,troop,войсковых,no_equality
5561,troop,воинскими контингентами,no_equality
5562,troop,военных,militaire
5563,troop,военных,soldat
5564,troop,военных,armée
5565,troop,военнослужащим,soldat
5566,troop,военнослужащим,armée
5567,torrents,торренты,no_equality
5568,torrents,торрентов,torrent
5569,torrents,селевые потоки,no_equality
5570,torrents,селевых потоков,no_equality
5571,pacification,умиротворение,pacification
5572,pacification,умиротворение,apaisement
5573,pacification,установления мира,pacification
5574,pacification,примирения,pacification
5575,pacification,примирения,apaisement
5576,pacification,установлению мира,no_equality
5577,pacification,по примирению,no_equality
5578,pacification,восстановления мира,no_equality
5579,rolled,прокатный,no_equality
5580,rolled,рулонный,no_equality
5581,rolled,листовой,no_equality
5582,rolled,свернутый,no_equality
5583,rolled,скрученный,no_equality
5584,rolled,закатанный,no_equality
5585,rolled,вальцованный,no_equality
5586,rolled,раскатанный,no_equality
5587,rolled,укатанный,no_equality
5588,rolled,обкатанный,no_equality
5589,rolled,перекатывающийся,no_equality
5590,uneven,неравномерный,inégal
5591,uneven,неодинаковый,inégal
5592,uneven,неровный,inégal
5593,uneven,неровный,irrégulier
5594,uneven,неравномерно,irrégulier
5595,uneven,неравномерность,no_equality
5596,uneven,неоднозначным,no_equality
5597,uneven,неровно,irrégulier
5598,uneven,неоднородным,hétérogène
5599,uneven,неоднозначными,variable
5600,uneven,неравное,inégalité
5601,uneven,нестабильным,no_equality
5602,uneven,неоднородными,no_equality
5603,uneven,неоднородной,hétérogène
5604,uneven,неравного,inégalité
5605,uneven,неравного,inégalitaire
5606,uneven,неоднородностью,no_equality
5607,curtains,шторы,rideau
5608,curtains,шторы,store
5609,curtains,занавески,rideau
5610,curtains,занавесками,rideau
5611,curtains,штор,rideau
5612,curtains,занавесок,rideau
5613,curtains,занавес,no_equality
5614,curtains,шторами,rideau
5615,curtains,шторах,rideau
5616,curtains,портьеры,rideau
5617,curtains,занавеси,rideau
5618,curtains,гардины,no_equality
5619,curtains,занавескам,rideau
5620,curtains,занавеска,rideau
5621,coves,бухты,no_equality
5622,coves,бухт,baie
5623,coves,бухтах,no_equality
5624,coves,пещере,grotte
5625,coves,бухточек,no_equality
5626,incomings,доходы,no_equality
5627,wandering,блуждающий,errant
5628,wandering,бродячий,errant
5629,wandering,сальный,no_equality
5630,wandering,странствующий,errant
5631,wandering,бродил по,no_equality
5632,wandering,блуждал,no_equality
5633,wandering,бродили,no_equality
5634,wandering,скитания,no_equality
5635,wandering,блуждать,no_equality
5636,wandering,блуждания,no_equality
5637,wandering,вечный,no_equality
5638,wandering,бродит по,no_equality
5639,wandering,бродить по,no_equality
5640,wandering,бродила,no_equality
5641,clincher,решающий довод,no_equality
5642,clincher,болт,no_equality
5643,clincher,соб,no_equality
5644,expeditions,экспедиции,expédition
5645,expeditions,экспедициях,no_equality
5646,expeditions,экспедициями,no_equality
5647,expeditions,экспедициям,no_equality
5648,sumps,отстойниках,no_equality
5649,sumps,отстойники,no_equality
5650,sumps,отстойников,no_equality
5651,dermis,кожа,no_equality
5652,dermis,дермы,no_equality
5653,dermis,кожный покров,derme
5654,dermis,дерму,no_equality
5655,dermis,дерма,no_equality
5656,wrestler,борец,lutteur
5657,wrestler,борец,catcheur
5658,wrestler,рестлер,catcheur
5659,wrestler,рестлером,catcheur
5660,wrestler,рестлера,catcheur
5661,wrestler,реслер,no_equality
5662,wrestler,играх,no_equality
5663,wrestler,сумо,sumo
5664,wrestler,сумоиста,no_equality
5665,wrestler,кетчистка,no_equality
5666,wrestler,сумоист,no_equality
5667,wrestler,реслером,no_equality
5668,demolishing,снос,démolir
5669,demolishing,снос,démolition
5670,demolishing,снос,destruction
5671,demolishing,разрушения,démolition
5672,demolishing,разрушения,détruire
5673,demolishing,разрушения,destruction
5674,demolishing,разрушая,no_equality
5675,demolishing,разрушив,démolissant
5676,demolishing,снести,démolir
5677,demolishing,снести,détruire
5678,demolishing,сносить,démolir
5679,demolishing,уничтожив,détruire
5680,demolishing,сносят,démolir
5681,demolishing,сносят,démolition
5682,demolishing,сносят,démolit
5683,demolishing,сносят,démolissent
5684,demolishing,разрушают,détruire
5685,demolishing,сносит,démolit
5686,demolishing,разрушили,no_equality
5687,demolishing,уничтожая,démolissant
5688,demolishing,уничтожая,détruire
5689,demolishing,разрушении,démolition
5690,demolishing,уничтожение,détruire
5691,demolishing,уничтожение,destruction
5692,grads,выпускники,diplômé
5693,grads,выпускников,diplômé
5694,grads,«град»,no_equality
5695,stalker,преследователь,harceleur
5696,stalker,сталкер,harceleur
5697,stalker,сталкер,rôdeur
5698,stalker,сталкер,stalker
5699,stalker,маньяк,maniaque
5700,stalker,маньяк,pervers
5701,stalker,преследовательница,no_equality
5702,stalker,охотник,traqueur
5703,stalker,стокер,stalker
5704,stalker,следопыт,no_equality
5705,stalker,преследую,no_equality
5706,caddies,кэдди,caddie
5707,fractionating,разделения,no_equality
5708,blotting,промокашки,buvard
5709,blotting,промокательной,no_equality
5710,misalign,неправильно выравнивать,no_equality
5711,tasks,задач,tâche
5712,tasks,задач,fonction
5713,tasks,задач,activité
5714,tasks,задач,mission
5715,tasks,задач,travail
5716,tasks,задач,objectif
5717,tasks,задач,mandat
5718,tasks,задачи,tâche
5719,tasks,задачи,activité
5720,tasks,задачи,travail
5721,tasks,задачи,objectif
5722,tasks,задачи,mandat
5723,tasks,функций,tâche
5724,tasks,функций,fonction
5725,tasks,функций,activité
5726,tasks,функций,mission
5727,tasks,функций,travail
5728,tasks,функций,attribution
5729,tasks,функций,mandat
5730,tasks,функций,responsabilité
5731,tasks,задачами,tâche
5732,tasks,задачами,fonction
5733,tasks,задачами,mission
5734,tasks,задачами,objectif
5735,tasks,задачам,tâche
5736,tasks,задачам,mission
5737,tasks,задачам,objectif
5738,tasks,задачах,tâche
5739,tasks,задачах,mission
5740,tasks,задачах,objectif
5741,tasks,обязанностей,fonction
5742,tasks,обязанностей,mission
5743,tasks,обязанностей,responsabilité
5744,tasks,задания,tâche
5745,tasks,задания,mission
5746,tasks,задания,devoir
5747,tasks,задания,objectif
5748,tasks,заданий,tâche
5749,tasks,заданий,mission
5750,tasks,заданий,devoir
5751,tasks,заданий,objectif
5752,tasks,обязанности,tâche
5753,tasks,обязанности,fonction
5754,tasks,обязанности,mission
5755,tasks,обязанности,attribution
5756,tasks,обязанности,responsabilité
5757,tasks,работы,travail
5758,tasks,работы,mandat
5759,tasks,работ,travail
5760,tasks,возложенных,responsabilité
5761,tasks,функциями,tâche
5762,tasks,функциями,fonction
5763,tasks,функциями,attribution
5764,tasks,функциями,responsabilité
5765,tasks,работах,tâche
5766,tasks,работах,travaux
5767,tasks,работах,travail
5768,redirected,перенаправлены на,redirigés vers
5769,redirected,переориентировать,no_equality
5770,redirected,перенаправлен,no_equality
5771,redirected,перенаправил,no_equality
5772,redirected,переадресованы,no_equality
5773,redirected,перенаправлена,no_equality
5774,redirected,перенаправляются на,no_equality
5775,redirected,перенаправлено,no_equality
5776,redirected,переориентирована на,réorienté
5777,redirected,перенаправить,no_equality
5778,redirected,перенаправили,redirigé vers
5779,redirected,направить на,no_equality
5780,redirected,перенаправления,no_equality
5781,redirected,переориентированы,réorienté
5782,redirected,переориентированы,réorientés vers
5783,costing,стоимость,coût
5784,costing,стоимость,dépense
5785,costing,калькуляции расходов,calcul des coûts
5786,costing,стоит,no_equality
5787,costing,обходится,no_equality
5788,costing,калькуляции затрат,calcul des coûts
5789,costing,исчисления расходов,calcul des coûts
5790,costing,определения расходов,no_equality
5791,costing,расходы,coût
5792,costing,расходы,dépense
5793,costing,расчета затрат,no_equality
5794,costing,расходах,coût
5795,costing,расходах,dépense
5796,costing,определения стоимости,no_equality
5797,costing,обойдется,coût
5798,costing,калькуляции издержек,coût
5799,costing,калькуляции издержек,dépense
5800,costing,на сумму,no_equality
5801,costing,будет стоить,no_equality
5802,shams,мадждал-шамса,no_equality
5803,shams,шамса,no_equality
5804,shams,мадждаль-шамс,no_equality
5805,shams,нур-шамса,no_equality
5806,shams,айн-шамс,shams
5807,shams,кафр-шамсе,no_equality
5808,shams,шамсом,no_equality
5809,receivership,администрация доходов,no_equality
5810,receivership,конкурсное производство,no_equality
5811,receivership,имущественный спор,no_equality
5812,receivership,преемственность,no_equality
5813,treelet,тримлетт,no_equality
5814,jimmied,взломал,a fracturé
5815,jimmied,взломал,a forcé
5816,jimmied,взломан,no_equality
5817,jimmied,вскрыл,a forcé
5818,ineligible,не имеют права,no_equality
5819,ineligible,не имеет права,no_equality
5820,ineligible,непригодной,no_equality
5821,ineligible,неправомочных,no_equality
5822,ineligible,непригодными,no_equality
5823,ineligible,неприемлемые,no_equality
5824,ineligible,непригодным,no_equality
5825,ineligible,теряют право,no_equality
5826,ineligible,теряет право,no_equality
5827,Africas,африке,afrique
5828,writings,труды,no_equality
5829,writings,трудах,écrit
5830,writings,трудах,ouvrage
5831,writings,трудах,doctrine
5832,writings,трудов,ouvrage
5833,writings,работ,no_equality
5834,writings,писания,no_equality
5835,writings,работах,œuvres
5836,writings,публикации,ouvrage
5837,writings,публикации,publication
5838,writings,произведений,œuvres
5839,writings,произведения,écrit
5840,writings,произведения,littérature
5841,writings,надписи,écriture
5842,writings,надписи,inscription
5843,writings,надписей,inscription
5844,writings,записи,document
5845,writings,публикациях,publication
5846,writings,сочинения,écrit
5847,saturating,насыщающей,no_equality
5848,saturating,насыщения ее,saturation
5849,reliant,зависят от,dépendant
5850,reliant,полагается,no_equality
5851,reliant,полагаются,dépendent
5852,reliant,зависимости,no_equality
5853,reliant,"""уверенный""",no_equality
5854,reliant,полагаемся,dépendons
5855,reliant,степени опираются,no_equality
5856,reliant,зависящая,tributaire
5857,reliant,полагалась,no_equality
5858,reliant,опирающиеся,no_equality
5859,reliant,зависели,dépendant
5860,reliant,зависели,dépendent
5861,reliant,зависели,dépendaient
5862,reliant,полагаться,no_equality
5863,reliant,опирается,dépendent
5864,reliant,опирается,dépend
5865,reliant,"""уверенного""",no_equality
5866,reliant,опираться,no_equality
5867,phosphorescent,светящиеся,no_equality
5868,phosphorescent,фосфоресцирующий,no_equality
5869,phosphorescent,фосфоресцирующей,no_equality
5870,leftovers,остатки,reste
5871,leftovers,остатки,résidu
5872,leftovers,объедки,reste
5873,leftovers,объедков,reste
5874,leftovers,остатков,reste
5875,leftovers,остатков,résidu
5876,leftovers,объедками,reste
5877,leftovers,объедках,no_equality
5878,leftovers,остатками,reste
5879,leftovers,остатками,résidu
5880,leftovers,еды,reste
5881,bookkeepings,бухгалтерия,comptabilité
5882,bookkeepings,бухгалтерского учета,comptabilité
5883,bookkeepings,бухгалтерского учета,comptable
5884,bookkeepings,бухгалтерский учёт,comptabilité
5885,bookkeepings,бухгалтерский,comptabilité
5886,bookkeepings,бухгалтерский,comptable
5887,bookkeepings,бухгалтерских книгах,no_equality
5888,bookkeepings,бухгалтера,no_equality
5889,bookkeepings,бухгалтерские книги,comptabilité
5890,bookkeepings,бухгалтерскому учету,comptabilité
5891,bookkeepings,бухгалтерскому учету,comptable
5892,bookkeepings,счетоводства,no_equality
5893,bookkeepings,ведения учета,comptabilité
5894,bookkeepings,счетоводству,no_equality
5895,expeditiously,быстро,rapidement
5896,expeditiously,быстро,promptement
5897,expeditiously,быстро,sans tarder
5898,expeditiously,быстро,avec diligence
5899,expeditiously,быстро,sans délai
5900,expeditiously,быстро,rapide
5901,interracially,межрасовый,no_equality
5902,interracially,межрасовая,no_equality
5903,interracially,межрасовым,no_equality
5904,interracially,рас,no_equality
5905,interracially,смешанная,mixte
5906,interracially,межрасовыми,no_equality
5907,interracially,межрасовом,entre les races
5908,earmarked,целевых,no_equality
5909,earmarked,целевые,no_equality
5910,earmarked,выделенных,affecté
5911,earmarked,выделенных,alloué
5912,earmarked,выделено,affecté
5913,earmarked,выделено,consacré
5914,earmarked,выделено,alloué
5915,earmarked,выделены,affecté
5916,earmarked,выделены,alloué
5917,earmarked,предназначены,no_equality
5918,earmarked,целевыми,no_equality
5919,earmarked,выделяемых,affecté
5920,earmarked,выделяемых,consacré
5921,earmarked,выделяемых,alloué
5922,earmarked,выделяется,no_equality
5923,earmarked,выделяются,no_equality
5924,earmarked,целевого,no_equality
5925,earmarked,зарезервированных,no_equality
5926,earmarked,зарезервированы,no_equality
5927,earmarked,выделить,no_equality
5928,earmarked,выделяться,no_equality
5929,puffiness,отечность,no_equality
5930,mistreatments,жестокое обращение,no_equality
5931,kphs,кпс,no_equality
5932,kphs,косовской полицейской службы,no_equality
5933,Corinthians,коринфяне,no_equality
5934,Corinthians,послание к коринфянам,corinthiens
5935,diverse,различный,divers
5936,diverse,различный,différent
5937,diverse,различный,diversité
5938,diverse,разнообразный,divers
5939,diverse,разнообразный,diversifié
5940,diverse,разнообразный,varié
5941,diverse,разнообразный,diversifiée
5942,diverse,разный,différent
5943,diverse,многообразный,no_equality
5944,diverse,широкий,large
5945,diverse,широкий,vaste
5946,diverse,широкий,grand
5947,diverse,широкий,diversité
5948,diverse,широкий,multiple
5949,diverse,разнородный,hétérogène
5950,diverse,разноплановый,no_equality
5951,diverse,разнообразие,no_equality
5952,diverse,многообразие,no_equality
5953,diverse,различия,no_equality
5954,diverse,разносторонний,no_equality
5955,diverse,неоднородной,hétérogène
5956,diverse,диверсифицированной,no_equality
5957,diverse,многообразная,no_equality
5958,diverse,неоднородным,hétérogène
5959,steward,стюард,steward
5960,steward,стюард,intendant
5961,steward,управляющий,administrateur
5962,steward,управляющий,régisseur
5963,steward,управляющий,gestionnaire
5964,steward,управляющий,responsable
5965,steward,стюарт,steward
5966,steward,наместник,intendant
5967,steward,распорядитель,no_equality
5968,steward,бортпроводник,steward
5969,steward,стюарду,no_equality
5970,steward,стьюард,steward
5971,steward,стьюард,intendant
5972,executes,осуществляет,exécute
5973,executes,осуществляет,effectue
5974,executes,осуществляет,réalise
5975,executes,осуществляет,applique
5976,executes,выполняет,exécute
5977,executes,выполняет,applique
5978,executes,выполняет,accomplit
5979,executes,выполняет,s'acquitte
5980,executes,исполняет,exécute
5981,executes,исполняет,accomplit
5982,executes,исполняет,s'acquitte
5983,executes,реализует,exécute
5984,executes,реализует,réalise
5985,executes,реализует,applique
5986,executes,казнит,no_equality
5987,martyrs,мучеников,martyr
5988,martyrs,мученики,martyr
5989,martyrs,погибших,martyr
5990,martyrs,мучениками,no_equality
5991,martyrs,мученикам,martyr
5992,martyrs,делам жертв войны,no_equality
5993,martyrs,великомучеников,no_equality
5994,martyrs,мученической смертью,martyr
5995,martyrs,павшим,no_equality
5996,martyrs,мученичество,martyr
5997,martyrs,мученичество,martyre
5998,martyrs,погибли,no_equality
5999,aborigine,абориген,no_equality
6000,aborigine,аборигенка,no_equality
6001,aborigine,аборигена,no_equality
6002,principals,руководителей,no_equality
6003,principals,руководители,no_equality
6004,principals,директоров школ,directeurs d'école
6005,principals,директоров школ,chefs d'établissement
6006,principals,принципов,principe
6007,principals,директора школ,directeurs d'école
6008,principals,руководителями,dirigeant
6009,principals,руководителям,no_equality
6010,principals,четверки,no_equality
6011,principals,принципалов,donneurs d'ordre
6012,principals,директор школы,principal
6013,principals,директор школы,proviseur
6014,principals,принципы,principe
6015,principals,директорам школ,directeurs d'école
6016,principals,принципам,principe
6017,principals,главные должностные лица,principal
6018,principals,директорами школ,directeurs d'école
6019,basifies,ратифицирует,no_equality
6020,basifies,ратификации,no_equality
6021,basifies,ратифицирующее,no_equality
6022,basifies,ратифицируемые,no_equality
6023,heading,заголовок,rubrique
6024,heading,заголовок,titre
6025,heading,заголовок,intitulé
6026,heading,заголовок,en-tête
6027,heading,раздел,rubrique
6028,heading,раздел,titre
6029,heading,раздел,chapitre
6030,heading,раздел,section
6031,heading,рубрика,rubrique
6032,heading,название,titre
6033,heading,название,intitulé
6034,heading,направление,no_equality
6035,heading,курс,cap
6036,heading,курс,ligne
6037,heading,направляется,no_equality
6038,heading,направляются,no_equality
6039,heading,направляемся,no_equality
6040,heading,движется,no_equality
6041,heading,едем,no_equality
6042,heading,направлялся,no_equality
6043,heading,категории,titre
6044,heading,категории,catégorie
6045,heading,иду,no_equality
6046,heading,еду,no_equality
6047,heading,надпись,no_equality
6048,littering,мусор,ordure
6049,littering,засорение,no_equality
6050,littering,мусорить,no_equality
6051,littering,мусорят,no_equality
6052,littering,разбрасывание мусора,ordure
6053,littering,сорить,no_equality
6054,littering,мусоришь,no_equality
6055,littering,мусорящих,no_equality
6056,Flanders,фландрия,flandre
6057,Flanders,во фландрии,flamand
6058,Flanders,фландерса,flanders
6059,Flanders,фландрию,flandre
6060,Flanders,флэндерс,no_equality
6061,Flanders,фландрией,no_equality
6062,Flanders,фландерсу,no_equality
6063,Flanders,фландерсом,no_equality
6064,Flanders,фландерсов,flanders
6065,Flanders,фламандские,flamand
6066,lecture,лекция,conférence
6067,lecture,лекция,cour
6068,lecture,лекция,sermon
6069,lecture,нотация,no_equality
6070,lecture,поучение,no_equality
6071,lecture,доклад,exposé
6072,lecture,доклад,présentation
6073,lecture,занятие,cour
6074,lecture,чтение лекций,conférence
6075,lecture,лектор,conférencier
6076,lecture,лекционное занятие,no_equality
6077,lecture,беседа,no_equality
6078,lecture,преподавать,enseigner
6079,lecture,читать лекцию,sermonner
6080,lecture,отчитывать,réprimander
6081,lecture,лекционный,no_equality
6082,lecture,лекторский,no_equality
6083,drowsiness,сонливость,somnolence
6084,drowsiness,сонливости,no_equality
6085,rhymer,раймер,no_equality
6086,rhymer,умеем рифмовать,no_equality
6087,dismally,значительно отстает,no_equality
6088,poppets,марионетки,no_equality
6089,quarrelling,ссора,dispute
6090,quarrelling,ссора,querelle
6091,quarrelling,ссориться,no_equality
6092,quarrelling,ссорились между собой,dispute
6093,quarrelling,ссорились между собой,se disputer
6094,quarrelling,ссоры,dispute
6095,punting,плавание на плоскодонке,no_equality
6096,punting,"""сладкое фантастическое плавание""",no_equality
6097,banqueting,банкетные,no_equality
6098,banqueting,банкетный зал,no_equality
6099,banqueting,зал для банкетов,no_equality
6100,wringing,выкручивание,no_equality
6101,wringing,скручивание,no_equality
6102,wringing,заламывать,no_equality
6103,wringing,заламывая,no_equality
6104,baronies,баронств,no_equality
6105,10S,десятки,dizaine
6106,10S,на десятках,no_equality
6107,10S,десятками,dizaine
6108,10S,десяток,dizaine
6109,bushings,втулки,no_equality
6110,bushings,втулок,no_equality
6111,possessiveness,собственничество,no_equality
6112,possessiveness,чувство собственности,no_equality
6113,involve,предусматривать,impliquer
6114,involve,предусматривать,comporter
6115,involve,предусматривать,comprendre
6116,involve,предусматривать,inclure
6117,involve,предполагать,impliquer
6118,involve,предполагать,inclure
6119,involve,привлекать,impliquer
6120,involve,привлекать,associer
6121,involve,привлекать,faire participer
6122,involve,привлекать,faire intervenir
6123,involve,привлекать,inclure
6124,involve,привлекать,engager
6125,involve,включать,comporter
6126,involve,включать,comprendre
6127,involve,включать,inclure
6128,involve,включать,porter sur
6129,involve,участвовать,associer
6130,involve,привлечь,impliquer
6131,involve,привлечь,associer
6132,involve,привлечь,faire participer
6133,involve,привлечь,engager
6134,involve,вовлекать,impliquer
6135,involve,вовлекать,associer
6136,involve,вовлекать,faire participer
6137,involve,вовлекать,entraîner
6138,involve,вовлекать,engager
6139,involve,вовлекать,mêler
6140,involve,касаться,concerner
6141,involve,касаться,porter sur
6142,involve,охватывать,impliquer
6143,involve,охватывать,associer
6144,involve,охватывать,comporter
6145,involve,охватывать,concerner
6146,involve,охватывать,comprendre
6147,involve,охватывать,inclure
6148,involve,охватывать,porter sur
6149,involve,потребовать,entraîner
6150,involve,потребовать,nécessiter
6151,involve,вовлечь,impliquer
6152,involve,вовлечь,associer
6153,involve,вовлечь,faire participer
6154,involve,вовлечь,entraîner
6155,involve,вовлечь,faire intervenir
6156,involve,вовлечь,engager
6157,involve,вовлечь,mêler
6158,involve,затрагивать,concerner
6159,involve,затрагивать,porter sur
6160,involve,подразумевать,impliquer
6161,involve,задействовать,impliquer
6162,involve,задействовать,associer
6163,involve,задействовать,faire participer
6164,involve,задействовать,engager
6165,involve,влечь за собой,entraîner
6166,involve,втягивать,impliquer
6167,involve,втягивать,entraîner
6168,involve,втягивать,mêler
6169,involve,связаны с,no_equality
6170,involve,привлечения,no_equality
6171,involve,содержать,comporter
6172,involve,содержать,comprendre
6173,involve,содержать,inclure
6174,involve,включить,comporter
6175,involve,включить,comprendre
6176,involve,включить,inclure
6177,involve,вызывать,entraîner
6178,involve,окутывать,no_equality
6179,otters,выдр,no_equality
6180,otters,выдры,loutre
6181,otters,выдрами,no_equality
6182,otters,выдра,loutre
6183,otters,каланов,no_equality
6184,petrification,окаменение,no_equality
6185,petrification,окаменелость,no_equality
6186,contester,оспаривается,no_equality
6187,contester,оспариваемых,no_equality
6188,contester,оспариваемого,no_equality
6189,contester,спорных,no_equality
6190,contester,оспаривает,no_equality
6191,contester,оспариваемое,no_equality
6192,contester,оспорило,no_equality
6193,contester,оспариваются,no_equality
6194,contester,оспорил,no_equality
6195,contester,оспорено,no_equality
6196,contester,оспариваемые,no_equality
6197,contester,спорные,no_equality
6198,contester,оспорены,no_equality
6199,contester,оспаривал,no_equality
6200,contester,оспорена,no_equality
6201,alone,один,seul
6202,alone,только,no_equality
6203,alone,одинокий,seul
6204,alone,одинокий,solitaire
6205,alone,сам,tout seul
6206,alone,единственный,seul
6207,alone,одна,seul
6208,alone,в покое,no_equality
6209,alone,наедине,no_equality
6210,alone,в одиночестве,toute seule
6211,alone,в одиночестве,en solitaire
6212,alone,самостоятельно,tout seul
6213,alone,самостоятельно,toute seule
6214,alone,недостаточно,no_equality
6215,alone,в одиночку,tout seul
6216,alone,в одиночку,toute seule
6217,alone,в одиночку,en solitaire
6218,alone,одни,seul
6219,alone,одного,seul
6220,alone,одного,tranquille
6221,alone,одну,seul
6222,alone,одну,tranquille
6223,alone,одной,no_equality
6224,alone,как таковой,no_equality
6225,spectrometers,спектрометры,no_equality
6226,spectrometers,спектрометров,no_equality
6227,spectrometers,спектрометрами,no_equality
6228,spectrometers,масс-спектрометры,no_equality
6229,partnered,партнерстве,no_equality
6230,partnered,совместно,no_equality
6231,partnered,сотрудничает,a collaboré
6232,partnered,сотрудничестве,no_equality
6233,partnered,сотрудничал,s'est associé
6234,partnered,сотрудничал,a collaboré
6235,partnered,сотрудничала,a collaboré
6236,partnered,установила партнерские отношения,no_equality
6237,partnered,наладил партнерские связи,s'est associé
6238,partnered,объединили усилия,no_equality
6239,partnered,установило партнерские отношения,no_equality
6240,partnered,напарник,partenaire
6241,partnered,партнером,partenaire
6242,partnered,сотрудничали,a collaboré
6243,procrastinate,тянуть время,no_equality
6244,procrastinate,затягивать,différer
6245,procrastinate,откладывать,tergiverser
6246,procrastinate,откладывать,remettre à plus tard
6247,procrastinate,откладывать,remettre
6248,procrastinate,откладывать,différer
6249,procrastinate,тянуть,no_equality
6250,procrastinate,мешкать,no_equality
6251,procrastinate,промедление,no_equality
6252,procrastinate,прокрастинировать,no_equality
6253,Croatians,хорватов,croate
6254,Croatians,хорваты,croate
6255,Croatians,хорватами,croate
6256,Croatians,хорватам,no_equality
6257,Croatians,хорватии,croate
6258,change,изменение,changement
6259,change,изменение,modification
6260,change,изменение,évolution
6261,change,изменение,variation
6262,change,изменение,transformation
6263,change,изменение,mutation
6264,change,изменение,altération
6265,change,изменение,inflexion
6266,change,перемена,changement
6267,change,перемена,transformation
6268,change,перемены,no_equality
6269,change,смена,changement
6270,change,переход,changement
6271,change,переход,évolution
6272,change,переход,transformation
6273,change,переход,passage
6274,change,сдача,monnaie
6275,change,замена,changement
6276,change,изменить,changer
6277,change,изменить,modifier
6278,change,изменить,évoluer
6279,change,изменить,transformer
6280,change,изменить,remplacer
6281,change,измениться,changer
6282,change,измениться,évoluer
6283,change,менять,changer
6284,change,менять,modifier
6285,change,менять,varier
6286,change,менять,remplacer
6287,change,менять,échanger
6288,change,меняться,changer
6289,change,меняться,évoluer
6290,change,меняться,varier
6291,change,меняться,échanger
6292,change,сменить,modifier
6293,change,сменить,remplacer
6294,change,изменять,changer
6295,change,изменять,modifier
6296,change,изменять,évoluer
6297,change,изменять,transformer
6298,change,поменять,changer
6299,change,поменять,remplacer
6300,change,поменять,échanger
6301,change,изменяться,changer
6302,change,изменяться,évoluer
6303,change,изменяться,varier
6304,change,преобразований,changement
6305,change,преобразований,évolution
6306,change,преобразований,transformation
6307,change,преобразований,mutation
6308,change,переодеваться,no_equality
6309,change,поменяться,changer
6310,change,поменяться,échanger
6311,change,переменить,no_equality
6312,change,разнообразие,no_equality
6313,change,разменный,no_equality
6314,change,переодевать,changer
6315,change,пересадка,no_equality
6316,change,видоизменяться,no_equality
6317,change,заменять,remplacer
6318,magnanimously,великодушно,no_equality
6319,haunting,преследует,no_equality
6320,haunting,привидение,fantôme
6321,haunting,навязчивый,no_equality
6322,haunting,преследуют,no_equality
6323,haunting,охотится за,no_equality
6324,haunting,бродит,no_equality
6325,haunting,призрака,no_equality
6326,haunting,преследующим,no_equality
6327,haunting,запоминающийся,no_equality
6328,haunting,преследуешь,no_equality
6329,haunting,призрак,fantôme
6330,haunting,преследовал,no_equality
6331,haunting,преследовало,no_equality
6332,haunting,гоняться,no_equality
6333,philosophisers,философы,philosophe
6334,philosophisers,философов,philosophe
6335,philosophisers,философами,philosophe
6336,philosophisers,философам,no_equality
6337,redeeming,искупительной,no_equality
6338,redeeming,искупление,no_equality
6339,excises,акцизы,no_equality
6340,excises,акцизные сборы,droits d'accise
6341,sobers,протрезвеет,no_equality
6342,conceptional,концептуальная,no_equality
6343,property,собственность,propriété
6344,property,собственность,bien
6345,property,собственность,possession
6346,property,имущество,propriété
6347,property,имущество,bien
6348,property,имущество,immobilier
6349,property,имущество,matériel
6350,property,имущество,patrimoine
6351,property,недвижимость,propriété
6352,property,недвижимость,immeuble
6353,property,недвижимость,immobilier
6354,property,свойство,propriété
6355,property,свойство,caractéristique
6356,property,свойства,no_equality
6357,property,ценности,no_equality
6358,property,участок,terrain
6359,property,достояние,patrimoine
6360,property,имущественный,no_equality
6361,property,материальный,no_equality
6362,property,имущественных,no_equality
6363,property,имущественные,propriété
6364,property,владение,propriété
6365,property,владение,possession
6366,property,имущественным,propriété
6367,property,имущественного,no_equality
6368,property,поимущественный,no_equality
6369,property,право собственности,propriété
6370,property,имение,propriété
6371,property,признак,no_equality
6372,respectful,уважительный,respectueux
6373,respectful,уважения,no_equality
6374,respectful,уважении,respectueux
6375,respectful,уважении,respecter
6376,respectful,уважительно,respect
6377,respectful,уважать,no_equality
6378,respectful,почтительный,respectueux
6379,respectful,уважением,no_equality
6380,respectful,вежливым,no_equality
6381,respectful,уважает,respect
6382,respectful,уважает,respecte
6383,respectful,уважающего,respectueux
6384,respectful,уважающих,no_equality
6385,peeing,писать,pisser
6386,peeing,писать,faire pipi
6387,peeing,мочиться,pisser
6388,peeing,мочиться,faire pipi
6389,peeing,мочиться,uriner
6390,peeing,писает,pisser
6391,peeing,писает,pisse
6392,peeing,писает,faire pipi
6393,peeing,писают,pisser
6394,peeing,мочился,pisser
6395,peeing,мочился,pissant
6396,peeing,мочился,pissais
6397,peeing,мочился,pissait
6398,peeing,писал,no_equality
6399,peeing,мочится,pisse
6400,peeing,мочится,uriner
6401,peeing,туалете,no_equality
6402,peeing,помочиться,pisser
6403,peeing,помочиться,faire pipi
6404,peeing,помочиться,uriner
6405,peeing,мочусь,pisse
6406,peeing,писается,pisse
6407,peeing,обмочился,no_equality
6408,peeing,писала,no_equality
6409,peeing,пописал,no_equality
6410,peeing,ссать,pisser
6411,classics,классику,classique
6412,classics,классики,classique
6413,classics,классика,classique
6414,classics,классиков,no_equality
6415,classics,классике,no_equality
6416,classics,классиками,no_equality
6417,classics,филолог,no_equality
6418,classics,классикс,no_equality
6419,classics,classics,no_equality
6420,classics,классикой,classique
6421,classics,классические,no_equality
6422,nightclubs,ночных клубах,discothèque
6423,nightclubs,ночных клубах,boîte de nuit
6424,nightclubs,ночные клубы,boîte de nuit
6425,nightclubs,ночные клубы,night-clubs
6426,nightclubs,ночных клубов,discothèque
6427,nightclubs,ночных клубов,boîte de nuit
6428,nightclubs,ночным клубам,no_equality
6429,nightclubs,ночными клубами,no_equality
6430,nightclubs,дискотек,discothèque
6431,lunches,обеды,repas
6432,lunches,обеды,déjeuner
6433,lunches,обеды,dîner
6434,lunches,обедов,repas
6435,lunches,обедов,déjeuner
6436,lunches,обедов,dîner
6437,lunches,ланчи,no_equality
6438,lunches,обед,repas
6439,lunches,обед,déjeuner
6440,lunches,обед,lunch
6441,lunches,обед,dîner
6442,lunches,обед,déjeune
6443,lunches,обед,midi
6444,lunches,обед,menu
6445,lunches,ланчей,déjeuner
6446,lunches,завтраки,repas
6447,lunches,завтраки,déjeuner
6448,lunches,обедами,déjeuner
6449,lunches,обедами,dîner
6450,lunches,обеда,repas
6451,lunches,обеда,déjeuner
6452,lunches,обеда,dîner
6453,lunches,обеда,midi
6454,lunches,обедает,déjeuner
6455,lunches,обедает,déjeune
6456,lunches,обедам,no_equality
6457,lunches,обедах,déjeuner
6458,lunches,обедали,dîner
6459,lunches,завтраков,repas
6460,lunches,завтраков,déjeuner
6461,amended,исправленный,no_equality
6462,amended,с внесенными поправками,no_equality
6463,control,контроль,no_equality
6464,control,управление,contrôle
6465,control,управление,commande
6466,control,управление,gestion
6467,control,борьба,no_equality
6468,control,регулирование,contrôle
6469,control,регулирование,régulation
6470,control,регулирование,réglage
6471,control,регулирование,gestion
6472,control,ограничения,no_equality
6473,control,ограничение,encadrement
6474,control,проверка,contrôle
6475,control,осуществление контроля,contrôle
6476,control,контролировать,contrôler
6477,control,контролировать,maîtriser
6478,control,контролировать,surveiller
6479,control,контролировать,diriger
6480,control,управлять,contrôler
6481,control,управлять,commander
6482,control,управлять,maîtriser
6483,control,управлять,diriger
6484,control,управлять,gouverner
6485,control,проконтролировать,contrôler
6486,control,проконтролировать,surveiller
6487,control,контрольный,no_equality
6488,control,контроля над,contrôler
6489,control,контроля над,maîtriser
6490,control,контроля над,surveiller
6491,control,контролю над,contrôler
6492,control,контролю над,maîtriser
6493,control,контролю за,contrôler
6494,control,контролю за,maîtriser
6495,control,контролю за,surveiller
6496,control,контроле над,no_equality
6497,control,контроле за,contrôler
6498,control,контроле за,surveiller
6499,control,мониторинг,contrôle
6500,control,мониторинг,suivi
6501,staleness,переутомление,no_equality
6502,scalage,масштаб,no_equality
6503,scalage,шкала,no_equality
6504,scalage,уровень,no_equality
6505,scalage,объем,no_equality
6506,scalage,масштабность,no_equality
6507,scalage,весы,no_equality
6508,scalage,размах,no_equality
6509,scalage,размеры,no_equality
6510,scalage,масштабный,no_equality
6511,scalage,своим масштабам,no_equality
6512,scalage,ставок,no_equality
6513,scalage,окладов,no_equality
6514,scalage,масштабных,no_equality
6515,scalage,масштабировать,no_equality
6516,scalage,взвешивать,no_equality
6517,scalage,объемы,no_equality
6518,scalage,охват,no_equality
6519,scalage,степень,no_equality
6520,scalage,гамма,no_equality
6521,scalage,окалина,no_equality
6522,scalage,чешуя,no_equality
6523,scalage,мера,no_equality
6524,scalage,чаша весов,no_equality
6525,reprover,восстановить,no_equality
6526,reprover,вернуть,no_equality
6527,reprover,восстановиться,no_equality
6528,reprover,оправиться,no_equality
6529,reprover,взыскать,no_equality
6530,reprover,восстанавливаться,no_equality
6531,reprover,поправиться,no_equality
6532,reprover,получить,no_equality
6533,reprover,возместить,no_equality
6534,reprover,найти,no_equality
6535,reprover,восстанавливать,no_equality
6536,reprover,забрать,no_equality
6537,reprover,выздороветь,no_equality
6538,reprover,восстановления,no_equality
6539,reprover,взыскания,no_equality
6540,reprover,возвращать,no_equality
6541,reprover,оправляться,no_equality
6542,reprover,выздоравливать,no_equality
6543,reprover,приходить в себя,no_equality
6544,reprover,исцеляться,no_equality
6545,reprover,поправляться,no_equality
6546,consul,консул,consul
6547,consul,консульство,consulat
6548,consul,вице-консул,vice-consul
6549,aerial,антенна,antenne
6550,aerial,аэрофотосъемка,no_equality
6551,aerial,аэро,no_equality
6552,aerial,автоподъемник,no_equality
6553,aerial,авиационный,aérien
6554,aerial,надземный,no_equality
6555,aerial,воздушное,no_equality
6556,aerial,антенный,no_equality
6557,aerial,аэросъемочный,no_equality
6558,beeches,буки,no_equality
6559,matches,спички,allumette
6560,matches,совпадает с,correspondent à
6561,matches,совпадает с,coïncide avec
6562,matches,совпадает с,concorde avec
6563,matches,соответствует,no_equality
6564,matches,матчи,match
6565,matches,спичек,allumette
6566,matches,матчей,match
6567,matches,совпадений,correspond
6568,matches,спичками,allumette
6569,matches,совпадения,no_equality
6570,matches,подходит к,no_equality
6571,matches,матчах,match
6572,matches,подходит под,corresponde à
6573,matches,соответствуют,correspondent à
6574,matches,совпадают с,no_equality
6575,matches,соответствующий,no_equality
6576,call-backs,позвонить,no_equality
6577,call-backs,называть,no_equality
6578,call-backs,звонить,no_equality
6579,call-backs,звонок,no_equality
6580,call-backs,призыв,rappel
6581,call-backs,спиной,no_equality
6582,call-backs,спины,no_equality
6583,call-backs,спинами,no_equality
6584,call-backs,спинах,no_equality
6585,call-backs,поддерживает,no_equality
6586,provisioner,поставщик,fournisseur
6587,consciousness,сознание,conscience
6588,consciousness,сознание,connaissance
6589,consciousness,сознание,inconscient
6590,consciousness,сознание,conscient
6591,consciousness,осознание,sensibilisation
6592,consciousness,самосознание,conscience
6593,consciousness,сознательность,conscience
6594,consciousness,понимание,conscience
6595,consciousness,понимание,connaissance
6596,consciousness,понимание,conscient
6597,consciousness,осведомленности,connaissance
6598,consciousness,осведомленности,sensibilisation
6599,consciousness,осведомленности,sensibiliser
6600,consciousness,осведомленности,opinion
6601,consciousness,разум,conscience
6602,consciousness,информированности,connaissance
6603,consciousness,информированности,sensibilisation
6604,consciousness,информированности,sensibiliser
6605,consciousness,совести,opinion
6606,consciousness,памяти,no_equality
6607,hitched,женатый,no_equality
6608,benthal,бентам,no_equality
6609,benthal,бентама,no_equality
6610,benthal,бентамом,no_equality
6611,loquacity,болтливость,no_equality
6612,ravines,ущельях,gorge
6613,ravines,ущелий,gorge
6614,ravines,ущелья,ravin
6615,ravines,ущелья,gorge
6616,ravines,оврагах,no_equality
6617,ravines,овраги,ravin
6618,ravines,оврагами,no_equality
6619,peculiarly,особенно,particulièrement
6620,peculiarly,особенно,singulièrement
6621,peculiarly,своеобразно,no_equality
6622,peculiarly,странно,étrangement
6623,monogamist,тоже сторонник моногамии,no_equality
6624,monogamist,сторонник единобрачия,no_equality
6625,urine,моча,urine
6626,urine,мочеиспускание,uriner
6627,urine,мочеиспускание,miction
6628,urine,урина,urine
6629,urine,мочевой,no_equality
6630,RAS,рас,ras
6631,RAS,сдтп,no_equality
6632,RAS,ран,no_equality
6633,RAS,ras,ras
6634,RAS,рас-эль-амуд,no_equality
6635,RAS,рас-эль-хайма,no_equality
6636,RAS,рас-камбони,no_equality
6637,RAS,рас-эль-хайме,no_equality
6638,RAS,рас-аль-амуд,no_equality
6639,reassurance,уверенность,assurance
6640,reassurance,уверенность,certitude
6641,reassurance,заверение,no_equality
6642,reassurance,успокоение,réconfort
6643,reassurance,утешение,réconfort
6644,reassurance,гарантии того,no_equality
6645,reassurance,получить заверения,no_equality
6646,reassurance,гарантией,assurance
6647,reassurance,гарантией,garantie
6648,reassurance,гарантию того,assurance
6649,reassurance,гарантию того,garantie
6650,reassurance,подтверждение того,no_equality
6651,reassurance,подстраховки,no_equality
6652,reassurance,гарантийных,garantie
6653,reassurance,успокоить,no_equality
6654,rewired,починил,no_equality
6655,telegraphing,телеграфирование,no_equality
6656,memoriser,запомните,no_equality
6657,memoriser,запомнить,no_equality
6658,memoriser,запоминаю,no_equality
6659,drapery,магазин тканей,no_equality
6660,drapery,мануфактура,no_equality
6661,Creation,создание,création
6662,Creation,создание,établissement
6663,Creation,создание,instauration
6664,Creation,создание,créature
6665,Creation,учреждение,mise en place
6666,Creation,учреждение,établissement
6667,Creation,разработка,création
6668,Creation,разработка,mise en place
6669,Creation,разработка,établissement
6670,Creation,разработка,élaboration
6671,Creation,формирование,établissement
6672,Creation,формирование,élaboration
6673,Creation,формирование,formation
6674,Creation,формирование,apparition
6675,Creation,творение,création
6676,Creation,творение,créature
6677,Creation,обеспечение,no_equality
6678,Creation,творчество,création
6679,Creation,установление,établissement
6680,Creation,установление,instauration
6681,Creation,налаживание,mise en place
6682,Creation,налаживание,établissement
6683,Creation,налаживание,instauration
6684,Creation,составление,établissement
6685,Creation,составление,élaboration
6686,Creation,создана,création
6687,Creation,создана,mise sur pied
6688,Creation,создан,no_equality
6689,Creation,образования,création
6690,Creation,образования,formation
6691,Creation,созданы,création
6692,Creation,создано,no_equality
6693,Creation,мироздание,univers
6694,Creation,созидание,création
6695,Creation,произведение,no_equality
6696,Creation,сотворение,no_equality
6697,Creation,детище,création
6698,volatile,неустойчивый,instable
6699,volatile,неустойчивый,précaire
6700,volatile,неустойчивый,fragile
6701,volatile,летучий,no_equality
6702,volatile,изменчивый,instable
6703,volatile,нестабильной,instable
6704,volatile,нестабильной,explosive
6705,volatile,нестабильной,précaire
6706,volatile,нестабильной,fragile
6707,volatile,нестабильной,incertaine
6708,volatile,нестабильной,instabilité
6709,volatile,нестабильных,instable
6710,volatile,нестабильных,explosive
6711,volatile,нестабильных,fragile
6712,volatile,нестабильных,instabilité
6713,volatile,нестабильность,no_equality
6714,volatile,неустойчивость,no_equality
6715,volatile,нестабильным,instable
6716,volatile,нестабильным,précaire
6717,volatile,нестабильным,fragile
6718,volatile,нестабильным,incertaine
6719,volatile,взрывоопасной,explosive
6720,volatile,взрывоопасной,précaire
6721,volatile,взрывоопасной,explosif
6722,volatile,нестабильными,instable
6723,volatile,нестабильными,instabilité
6724,volatile,нестабильными,volatilité
6725,volatile,нестабильные,instable
6726,volatile,нестабильные,précaire
6727,volatile,взрывоопасных,explosive
6728,volatile,взрывоопасных,explosif
6729,volatile,нестабильную,instable
6730,volatile,нестабильную,explosive
6731,volatile,нестабильную,précaire
6732,volatile,нестабильном,instable
6733,volatile,нестабильном,précaire
6734,volatile,нестабильном,instabilité
6735,volatile,неспокойных,explosive
6736,volatile,непостоянный,no_equality
6737,fleets,флотов,flotte
6738,fleets,флотов,flottille
6739,fleets,флоты,flotte
6740,fleets,флота,flotte
6741,fleets,флот,flotte
6742,fleets,парка,parc
6743,fleets,парка,véhicule
6744,fleets,парков,no_equality
6745,fleets,флотилии,flotte
6746,fleets,флотилии,flottille
6747,fleets,флотами,flotte
6748,fleets,судов,navire
6749,fleets,судов,bateau
6750,fleets,флотам,no_equality
6751,fleets,парк,parc
6752,fleets,флотах,no_equality
6753,fleets,автопарков,no_equality
6754,girders,балки,no_equality
6755,girders,профилей,no_equality
6756,assassinated,убит,no_equality
6757,assassinated,убили,no_equality
6758,assassinated,убиты,no_equality
6759,assassinated,убил,no_equality
6760,assassinated,убитого,no_equality
6761,assassinated,убита,assassiné
6762,assassinated,убита,mort
6763,assassinated,убийства,no_equality
6764,assassinated,убила,no_equality
6765,assassinated,убитых,tué
6766,assassinated,убитых,mort
6767,assassinated,убьют,no_equality
6768,assassinated,убить,no_equality
6769,assassinated,убийство,no_equality
6770,assassinated,убитым,no_equality
6771,assassinated,убивают,no_equality
6772,assassinated,убийств,no_equality
6773,ravishing,восхитительно,ravissant
6774,ravishing,восхитительная,no_equality
6775,ravishing,восхитительное,no_equality
6776,ravishing,очаровательны,no_equality
6777,ravishing,очаровательной,no_equality
6778,ravishing,восхищает,ravissant
6779,ravishing,очаровательна,no_equality
6780,ravishing,восхитительные,no_equality
6781,ravishing,восхитительна,no_equality
6782,ravishing,восхитительны,no_equality
6783,ravishing,сногсшибательно,no_equality
6784,ravishing,восхитительную,no_equality
6785,slobbered,обслюнявила,no_equality
6786,adverbs,наречие,adverbe
6787,slopes,склонах,no_equality
6788,slopes,склоны,talus
6789,slopes,склоны,coteau
6790,slopes,склоны,flanc
6791,slopes,склонов,talus
6792,slopes,склонам,no_equality
6793,slopes,склонами,no_equality
6794,slopes,трассы,piste
6795,slopes,трасс,no_equality
6796,slopes,спусков,no_equality
6797,slopes,косые,no_equality
6798,slopes,спусках,no_equality
6799,slopes,наклоны,pente
6800,slopes,слонах,no_equality
6801,slopes,трассами,no_equality
6802,slopes,горнолыжные,no_equality
6803,slopes,наклонах,no_equality
6804,catties,слитков,no_equality
6805,sailors,моряков,marin
6806,sailors,моряков,gens de mer
6807,sailors,моряки,marin
6808,sailors,моряки,navigateur
6809,sailors,моряки,gens de mer
6810,sailors,матросов,marin
6811,sailors,матросов,matelot
6812,sailors,матросы,marin
6813,sailors,матросы,matelot
6814,sailors,моряками,no_equality
6815,sailors,морякам,marin
6816,sailors,морякам,gens de mer
6817,sailors,моряка,marin
6818,sailors,моряка,matelot
6819,sailors,моряках,marin
6820,sailors,мореплаватели,navigateur
6821,sailors,матросами,marin
6822,sailors,мореплавателей,gens de mer
6823,sailors,парусного спорта,no_equality
6824,sailors,моряк,marin
6825,sailors,моряк,matelot
6826,archeology,археология,archéologie
6827,perception,восприятие,perception
6828,perception,восприятие,image
6829,perception,восприятие,vision
6830,perception,перцепция,no_equality
6831,perception,ощущение,perception
6832,perception,ощущение,sentiment
6833,perception,проницательность,vision
6834,perception,проницательность,perspicacité
6835,perception,представление,perception
6836,perception,представление,idée
6837,perception,представление,vision
6838,perception,сознание,no_equality
6839,perception,познание,no_equality
6840,perception,чувственное восприятие,perception
6841,perception,чувственное восприятие,image
6842,perception,чувственное восприятие,vision
6843,thigh,бедро,cuisse
6844,thigh,бедра,cuisse
6845,thigh,ляжка,no_equality
6846,thigh,бедренная,cuisse
6847,thigh,бедренные,no_equality
6848,thigh,ножку,cuisse
6849,thigh,ножку,jambe
6850,atonement,искупление,expiation
6851,atonement,искупление,réparation
6852,atonement,искупление,rédemption
6853,atonement,искупление,rachat
6854,atonement,искупление,pénitence
6855,atonement,искупление,expier
6856,atonement,расплата,no_equality
6857,atonement,примирение,réconciliation
6858,atonement,всепрощения,no_equality
6859,atonement,искупить,no_equality
6860,sky,небо,ciel
6861,sky,небо,sky
6862,sky,небо,étoile
6863,sky,небеса,ciel
6864,sky,небеса,paradis
6865,sky,небесных,céleste
6866,sky,воздухе,no_equality
6867,sky,скай,sky
6868,sky,sky,no_equality
6869,sky,небесная,no_equality
6870,sky,небесным,no_equality
6871,sky,небесный воин,ciel
6872,sky,небесный воин,céleste
6873,sky,небесного воина,ciel
6874,consulship,должность консула,no_equality
6875,naturalism,натурализм,naturalisme
6876,Camerouns,камерун,cameroun
6877,Camerouns,камеруна,cameroun
6878,Camerouns,камеруне,no_equality
6879,Camerouns,камеруном,cameroun
6880,Camerouns,камеруну,cameroun
6881,Camerouns,камерунский,no_equality
6882,Camerouns,камерунской,no_equality
6883,vitalizing,оживление,no_equality
6884,cliques,клика,clique
6885,polygons,многоугольники,no_equality
6886,polygons,многоугольников,polygone
6887,polygons,полигонов,polygone
6888,polygons,полигоны,polygone
6889,polygons,полигонах,polygone
6890,polygons,многоугольниками,no_equality
6891,polygons,многогранников,no_equality
6892,polygons,многоугольниках,polygone
6893,polygons,самостоятельно формирует близлежащие фиксации,no_equality
6894,evoke,вызывать,évoquer
6895,evoke,вызывать,susciter
6896,evoke,вызывать,provoquer
6897,evoke,пробуждать,no_equality
6898,evoke,побуждать,no_equality
6899,afforded,предоставляется,bénéficient
6900,afforded,предоставляется,bénéficie
6901,afforded,предоставлена,accordé
6902,afforded,предоставлена,permis
6903,afforded,предоставлена,donnée
6904,afforded,предоставляемой,accordé
6905,afforded,предоставляются,accordé
6906,afforded,предоставляются,bénéficient
6907,afforded,предоставляются,jouissent
6908,afforded,обеспечивается,bénéficient
6909,afforded,обеспечивается,bénéficie
6910,afforded,предоставляет,no_equality
6911,afforded,предоставлено,accordé
6912,afforded,предоставлено,offert
6913,afforded,предоставлено,bénéficient
6914,afforded,предоставлены,accordé
6915,afforded,обеспечивает,offrait
6916,afforded,обеспечиваемой,no_equality
6917,afforded,предусмотренные,no_equality
6918,afforded,пользуются,bénéficient
6919,afforded,пользуются,bénéficie
6920,afforded,пользуются,jouissent
6921,afforded,предоставил,offrait
6922,afforded,предоставляемую,no_equality
6923,afforded,предоставляемая,accordé
6924,jasmines,жасмин,no_equality
6925,showers,душ,douche
6926,showers,душевой,douche
6927,showers,душе,no_equality
6928,showers,душа,douche
6929,showers,душем,douche
6930,showers,дожди,averse
6931,showers,дожди,pluie
6932,showers,души,no_equality
6933,showers,ливни,pluie
6934,showers,душей,douche
6935,showers,дождь,averse
6936,showers,дождь,pluie
6937,showers,дождь,météorite
6938,showers,моется,no_equality
6939,showers,ливень,douche
6940,showers,ливень,averse
6941,showers,ливень,pluie
6942,modifications,изменения,changement
6943,modifications,изменений,changement
6944,modifications,модификации,modification
6945,modifications,модификации,modifier
6946,modifications,изменениями,modification
6947,modifications,изменениями,modifié
6948,modifications,изменениями,ajustement
6949,modifications,изменениями,variation
6950,modifications,изменениях,modification
6951,modifications,изменениях,variation
6952,modifications,поправки,changement
6953,modifications,поправки,modifié
6954,modifications,поправки,aménagement
6955,modifications,поправки,modifier
6956,modifications,поправки,ajustement
6957,modifications,поправки,apportées
6958,modifications,поправок,modification
6959,modifications,поправок,changement
6960,modifications,поправок,modifié
6961,modifications,поправок,modifier
6962,modifications,поправок,ajustement
6963,modifications,поправок,modifiant
6964,modifications,изменение,changement
6965,modifications,изменение,ajustement
6966,modifications,изменениям,no_equality
6967,modifications,модификациями,modification
6968,modifications,модификация,modification
6969,modifications,модификацию,modification
6970,modifications,поправками,modification
6971,modifications,поправками,modifié
6972,modifications,поправками,apportées
6973,modifications,изменению,changement
6974,modifications,корректировки,ajustement
6975,cabs,такси,taxi
6976,cabs,кабинах,cabine
6977,cabs,кабин,cabine
6978,cabs,сао,no_equality
6979,detected,обнаружен,no_equality
6980,detected,выявленный,no_equality
6981,detected,обнаруживаемый,no_equality
6982,detected,замеченный,no_equality
6983,instils,прививает,inculque
6984,instils,вливает,no_equality
6985,instils,вселяет,no_equality
6986,Galluses,мозоли,no_equality
6987,Galluses,мозолей,no_equality
6988,Galluses,каллюсами,no_equality
6989,pretense,отговорка,prétexte
6990,pretense,притворство,faire semblant
6991,pretense,претензия,prétention
6992,pretense,обман,no_equality
6993,pretense,претендующий,no_equality
6994,fisheries,рыбные запасы,no_equality
6995,fisheries,рыболовная промышленность,no_equality
6996,fisheries,рыбодобыча,no_equality
6997,fisheries,рыбоохранный,no_equality
6998,silkworms,шелкопрядов,no_equality
6999,silkworms,тутовые шелкопряды,no_equality
7000,gained,накопленный,acquise
7001,gained,получили,no_equality
7002,gained,накопленного,accumulé
7003,gained,накопленного,acquise
7004,gained,получила,bénéficié
7005,gained,получила,a obtenu
7006,gained,получил,gagné
7007,gained,получил,a obtenu
7008,gained,полученные,reçu
7009,gained,полученные,tiré
7010,gained,приобретенный,acquise
7011,gained,накопленным,acquise
7012,gained,полученного,no_equality
7013,gained,полученный,reçu
7014,gained,полученный,acquise
7015,gained,набрал,accumulé
7016,gained,набрал,a obtenu
7017,gained,получило,a obtenu
7018,gained,полученных,reçu
7019,gained,полученных,tiré
7020,gained,получить,no_equality
7021,gained,набрала,a obtenu
7022,codified,кодифицированный,no_equality
7023,codified,зашифрованный,no_equality
7024,upholster,обить,no_equality
7025,undergoing,переживает,connaît
7026,undergoing,переживает,subit
7027,undergoing,переживает,traverse
7028,undergoing,переживает,vit
7029,undergoing,претерпевает,no_equality
7030,undergoing,проходят,subissent
7031,undergoing,проходит,no_equality
7032,undergoing,происходят,connaît
7033,undergoing,происходят,connaissent
7034,undergoing,проводится,objet
7035,undergoing,проходящих,en cours
7036,undergoing,переживают,traverse
7037,undergoing,переживают,subissent
7038,undergoing,переживают,connaissent
7039,undergoing,прохождения,no_equality
7040,undergoing,подвергается,no_equality
7041,undergoing,осуществляется,no_equality
7042,undergoing,претерпевают,no_equality
7043,undergoing,переживающих,no_equality
7044,undergoing,проходили,no_equality
7045,undergoing,переживающие,no_equality
7046,detraction,умаление,no_equality
7047,detraction,злословие,no_equality
7048,leaves,листва,feuillage
7049,leaves,листик,feuille
7050,leaves,полотно,no_equality
7051,helmets,шлемы,casque
7052,helmets,касок,no_equality
7053,helmets,шлемов,no_equality
7054,helmets,шлемах,casque
7055,helmets,касках,no_equality
7056,helmets,касками,no_equality
7057,helmets,каски,casque
7058,helmets,шлемами,no_equality
7059,helmets,шлем,casque
7060,helmets,шлем,heaume
7061,helmets,шлемам,no_equality
7062,antecedes,предыдущий,no_equality
7063,antecedes,предшествующее событие,no_equality
7064,antecedes,предшествующими,no_equality
7065,antecedes,антецедентом,no_equality
7066,antecedes,предшествующего,no_equality
7067,antecedes,прошлой судимостью,no_equality
7068,revilements,уточнения,no_equality
7069,revilements,уточнений,no_equality
7070,revilements,усовершенствования,no_equality
7071,revilements,улучшения,no_equality
7072,revilements,совершенствование,no_equality
7073,revilements,усовершенствований,no_equality
7074,revilements,уточнениями,no_equality
7075,revilements,совершенствования,no_equality
7076,revilements,доработать,no_equality
7077,revilements,доработке,no_equality
7078,revilements,улучшений,no_equality
7079,zygotic,заразный,no_equality
7080,zygotic,бродильный,no_equality
7081,shaves,бреет,se rase
7082,shaves,бреется,se rase
7083,shaves,бриться,no_equality
7084,shaves,бреются,no_equality
7085,shaves,сбривает,no_equality
7086,optional,факультативный,facultatif
7087,optional,необязательный,optionnel
7088,optional,дополнительный,additionnel
7089,optional,обязательным,no_equality
7090,optional,факультативного,facultatif
7091,optional,факультативного,optionnel
7092,optional,факультативным,optionnel
7093,optional,опциональный,no_equality
7094,optional,по желанию,no_equality
7095,optional,по выбору,no_equality
7096,optional,факультативны,no_equality
7097,remedy,исправление,réparation
7098,remedy,исправление,redressement
7099,remedy,устранение,no_equality
7100,remedy,средство,recours
7101,remedy,средство,remède
7102,remedy,средство,moyen
7103,remedy,возмещение,réparation
7104,remedy,лекарство,remède
7105,remedy,лекарство,cure
7106,remedy,исправить,remédier à
7107,remedy,исправить,corriger
7108,remedy,исправить,réparer
7109,remedy,устранить,remédier à
7110,remedy,устранить,corriger
7111,remedy,устранить,réparer
7112,remedy,устранить,combler
7113,remedy,устранить,résoudre
7114,remedy,устранить,régler
7115,remedy,решить,résoudre
7116,remedy,решить,régler
7117,remedy,средства правовой защиты,réparation
7118,remedy,средство правовой защиты,réparation
7119,remedy,средств правовой защиты,recours
7120,remedy,средств правовой защиты,réparation
7121,remedy,средством правовой защиты,no_equality
7122,remedy,средствам правовой защиты,recours
7123,remedy,правовую защиту,recours
7124,remedy,решения,no_equality
7125,remedy,исправлять,corriger
7126,remedy,исправлять,réparer
7127,luxuries,роскошью,luxe
7128,luxuries,предметы роскоши,no_equality
7129,luxuries,роскошь,luxe
7130,reverberative,ощущаться,no_equality
7131,reverberative,раздаваться,no_equality
7132,reverberative,отражаться,no_equality
7133,reverberative,влиять на ситуацию,no_equality
7134,reverberative,проявляться,no_equality
7135,sensibilities,чувства,sentiment
7136,sensibilities,чувств,sentiment
7137,sensibilities,чувствительность,sensibilité
7138,sensibilities,чувствительностью,sensibilité
7139,sensibilities,деликатных проблем,no_equality
7140,pickled,маринованный,no_equality
7141,pickled,солёный,no_equality
7142,pickled,соленые,cornichon
7143,pickled,маринованная,no_equality
7144,pickled,замариновать,no_equality
7145,pickled,соленой,no_equality
7146,pickled,маринованным,no_equality
7147,pickled,мариновал,no_equality
7148,pickled,соленого,no_equality
7149,recalcitrancies,упорство,no_equality
7150,recalcitrancies,неуступчивости,no_equality
7151,dally,откладывать,no_equality
7152,dally,прохлаждаться,no_equality
7153,dally,дэлли,no_equality
7154,Scripture,писание,écriture
7155,Scripture,священное писание,saintes écritures
7156,Scripture,священном писании,écriture
7157,Scripture,священного писания,saintes écritures
7158,Scripture,священные книги,no_equality
7159,Scripture,священному писанию,écriture
7160,Scripture,библии,biblique
7161,Scripture,библию,écriture
7162,Scripture,священных текстов,texte
7163,Scripture,писаниями,no_equality
7164,concealing,скрывающий,no_equality
7165,concealing,сокрытие,dissimulation
7166,concealing,сокрытие,dissimuler
7167,concealing,сокрытие,cacher
7168,concealing,сокрытие,recel
7169,concealing,укрывание,no_equality
7170,concealing,умалчивание,no_equality
7171,herb,травы,herbe
7172,herb,трава,herbe
7173,herb,растение,plante
7174,herb,херб,herb
7175,herb,герб,herb
7176,herb,херба,herb
7177,herb,хербом,herb
7178,herb,травка,herbe
7179,secretly,тайно,secrètement
7180,secretly,тайно,en secret
7181,secretly,тайно,en cachette
7182,secretly,тайно,clandestinement
7183,secretly,тайно,discrètement
7184,secretly,втайне,secrètement
7185,secretly,втайне,en secret
7186,secretly,втайне,en cachette
7187,secretly,в тайне,secrètement
7188,secretly,тайком,secrètement
7189,secretly,тайком,en secret
7190,secretly,тайком,en cachette
7191,secretly,тайком,clandestinement
7192,secretly,тайком,discrètement
7193,secretly,тайком,furtivement
7194,secretly,тайком,en sous-main
7195,secretly,секретно,secrètement
7196,secretly,секретно,secrète
7197,secretly,тайный,no_equality
7198,secretly,скрытно,secrètement
7199,secretly,скрытно,discrètement
7200,secretly,скрытно,secrète
7201,secretly,по секрету,secrètement
7202,secretly,по секрету,en secret
7203,secretly,втихаря,secrètement
7204,secretly,незаметно,discrètement
7205,secretly,незаметно,insu
7206,secretly,самом деле,no_equality
7207,secretly,в душе,secrètement
7208,hooking,вербовка,no_equality
7209,hooking,проституция,no_equality
7210,hooking,спишь,no_equality
7211,hooking,подцепить,no_equality
7212,hooking,зависала,no_equality
7213,assail,наступать,no_equality
7214,warders,надзирателей,gardien
7215,warders,надзиратели,surveillant
7216,warders,надзирателями,surveillant
7217,warders,надзирателям,gardien
7218,warders,охранников,gardien
7219,warders,охранников,surveillant
7220,warders,охранники,gardien
7221,warders,надзирателя,gardien
7222,warders,надзирателя,surveillant
7223,acidosis,ацидоз,acidose
7224,acidosis,ацидоза,no_equality
7225,nasalities,погибших,décès
7226,nasalities,погибших,mort
7227,nasalities,погибших,victime
7228,nasalities,погибших,tué
7229,nasalities,погибших,personnes tuées
7230,nasalities,погибших,décédé
7231,nasalities,жертв,décès
7232,nasalities,жертв,mort
7233,nasalities,жертв,victime
7234,nasalities,человек,mort
7235,nasalities,гибели людей,décès
7236,nasalities,гибели людей,victime
7237,nasalities,гибели людей,pertes humaines
7238,nasalities,гибели людей,pertes en vies humaines
7239,nasalities,смертельных случаев,décès
7240,nasalities,смертельных случаев,mort
7241,nasalities,смертельных случаев,accidents mortels
7242,nasalities,смертности,no_equality
7243,nasalities,смертей,décès
7244,nasalities,случаев смерти,décès
7245,nasalities,смертных случаев,décès
7246,nasalities,смертных случаев,mort
7247,nasalities,смертных случаев,mortalité
7248,nasalities,результате дорожно-транспортных происшествий,no_equality
7249,nasalities,смертельных исходов,décès
7250,nasalities,убитых,mort
7251,nasalities,убитых,victime
7252,nasalities,убитых,tué
7253,nasalities,убитых,personnes tuées
7254,nasalities,жертвам,victime
7255,nasalities,жертвы,no_equality
7256,nasalities,погибло,mort
7257,transform,преобразовать,transformer
7258,transform,преобразовать,convertir
7259,transform,преобразовать,modifier
7260,transform,преобразовать,traduire
7261,transform,преобразовать,transformation
7262,transform,превратить,transformer
7263,transform,превратить,changer
7264,transform,превратить,convertir
7265,transform,превратить,traduire
7266,transform,превратить,faire
7267,transform,превратить,devenir
7268,transform,трансформировать,transformer
7269,transform,трансформировать,convertir
7270,transform,трансформировать,traduire
7271,transform,изменить,transformer
7272,transform,изменить,changer
7273,transform,изменить,modifier
7274,transform,изменить,évoluer
7275,transform,превращать,transformer
7276,transform,превращать,convertir
7277,transform,преобразовывать,transformer
7278,transform,преобразовывать,convertir
7279,transform,преобразовывать,traduire
7280,transform,воплотить,transformer
7281,transform,воплотить,traduire
7282,transform,воплотить,faire
7283,transform,воплотить,transposer
7284,transform,преобразить,transformer
7285,transform,трансформироваться,no_equality
7286,transform,превращаться,devenir
7287,transform,преобразования,no_equality
7288,transform,преобразованию,no_equality
7289,transform,преобразовании,no_equality
7290,transform,трансформации,no_equality
7291,transform,превращения,no_equality
7292,application,применение,application
7293,application,применение,utilisation
7294,application,применение,recours
7295,application,применение,emploi
7296,application,заявление,demande
7297,application,заявление,candidature
7298,application,заявление,requête
7299,application,ходатайство,demande
7300,application,ходатайство,requête
7301,application,ходатайство,recours
7302,application,заявка,demande
7303,application,заявка,candidature
7304,application,осуществление,application
7305,application,осуществление,mise en œuvre
7306,application,осуществление,programme
7307,application,заявления,demande
7308,application,заявления,candidature
7309,application,заявления,requête
7310,application,использование,application
7311,application,использование,utilisation
7312,application,использование,recours
7313,application,использование,emploi
7314,application,ходатайства,demande
7315,application,ходатайства,requête
7316,application,ходатайства,recours
7317,application,прикладной,no_equality
7318,application,приложение,application
7319,application,приложение,appli
7320,application,приложения,application
7321,application,приложения,appli
7322,application,просьба,demande
7323,application,просьба,requête
7324,application,просьба,prière
7325,application,соблюдение,application
7326,application,внедрение,application
7327,application,внедрение,utilisation
7328,application,внедрение,mise en œuvre
7329,application,внедрение,mise en application
7330,application,программа,programme
7331,application,обращение,demande
7332,application,обращение,requête
7333,application,обращение,recours
7334,application,применимость,application
7335,application,прошение,demande
7336,application,прошение,requête
7337,application,нанесение,no_equality
7338,application,заявочный,no_equality
7339,application,подача заявки,demande
7340,application,подача заявки,candidature
7341,application,употребление,utilisation
7342,application,употребление,emploi
7343,application,рвение,no_equality
7344,application,аппликация,no_equality
7345,application,компресс,no_equality
7346,ascertains,удостоверяется,no_equality
7347,ascertains,удостоверяет,no_equality
7348,ascertains,удостоверится,no_equality
7349,counteract,противодействовать,contrer
7350,counteract,противодействовать,contrecarrer
7351,counteract,противодействовать,lutter contre
7352,counteract,противодействовать,combattre
7353,counteract,противодействовать,s'opposer
7354,counteract,противодействовать,réagir
7355,counteract,противостоять,contrer
7356,counteract,противостоять,contrecarrer
7357,counteract,противостоять,lutter contre
7358,counteract,противостоять,combattre
7359,counteract,нейтрализовать,contrer
7360,counteract,нейтрализовать,neutraliser
7361,counteract,противодействия,contrer
7362,counteract,противодействия,contrecarrer
7363,counteract,противодействия,lutter contre
7364,counteract,противодействия,contrebalancer
7365,counteract,противодействия,combattre
7366,counteract,противодействия,s'opposer
7367,counteract,борьбы с,contrer
7368,counteract,борьбы с,lutter contre
7369,counteract,борьбы с,combattre
7370,counteract,противодействии,lutter contre
7371,counteract,нейтрализации,no_equality
7372,counteract,противодействие,no_equality
7373,counteract,предотвращению,no_equality
7374,counteract,смягчения,no_equality
7375,counteract,преодоление,no_equality
7376,counteract,компенсировать,contrebalancer
7377,counteract,компенсировать,compenser
7378,counteract,компенсировать,remédier
7379,counteract,компенсировать,pallier
7380,seraphic,серафический,no_equality
7381,cosmological,космологической,no_equality
7382,cosmological,космологических,no_equality
7383,cosmological,космологическую,no_equality
7384,cosmological,космологии,no_equality
7385,cosmological,космологическом масштабе,no_equality
7386,cosmological,космологический,no_equality
7387,visitation,посещение,visite
7388,visitation,посещение,fréquentation
7389,visitation,Кара,châtiment
7390,visitation,визитация,no_equality
7391,visitation,посещение ребенка,visite
7392,visitation,посещение ребенка,fréquentation
7393,visitation,объезд,no_equality
7394,visitation,официальное посещение,visite
7395,visitation,официальное посещение,fréquentation
7396,philosophize,философствовать,philosopher
7397,philosophize,мудрствовать,no_equality
7398,gravelly,хриплый,no_equality
7399,mathematicss,математический,mathématique
7400,mathematicss,математический,mathématicien
7401,mathematicss,математики,mathématique
7402,mathematicss,математики,mathématicien
7403,mathematicss,математически,no_equality
7404,mathematicss,математике,mathématique
7405,mathematicss,математика,no_equality
7406,worshipping,поклонение,adoration
7407,worshipping,поклонение,culte
7408,worshipping,поклоняющийся,no_equality
7409,worshipping,боготворящий,no_equality
7410,worshipping,восхвалявший,no_equality
7411,profitable,прибыльный,rentable
7412,profitable,прибыльный,profitable
7413,profitable,прибыльный,lucratif
7414,profitable,выгодный,profitable
7415,profitable,выгодный,lucratif
7416,profitable,выгодный,avantageux
7417,profitable,рентабельный,rentable
7418,profitable,выгодно,rentable
7419,profitable,выгодно,profitable
7420,profitable,выгодно,bénéfique
7421,profitable,доходный,lucratif
7422,profitable,прибыльность,no_equality
7423,profitable,рентабельность,no_equality
7424,inconveniencing,неудобства,désagrément
7425,inconveniencing,причинение беспокойства,no_equality
7426,anthems,гимны,hymne
7427,anthems,гимнов,hymne
7428,clinics,клиник,clinique
7429,clinics,клиник,dispensaire
7430,clinics,клиник,centre
7431,clinics,клиник,hôpital
7432,clinics,клиники,clinique
7433,clinics,клиники,dispensaire
7434,clinics,клиники,hôpital
7435,clinics,клиники,cabinet
7436,clinics,клиниках,clinique
7437,clinics,клиниках,dispensaire
7438,clinics,клиниках,centre
7439,clinics,клиниках,hôpital
7440,clinics,консультации,consultation
7441,clinics,больниц,clinique
7442,clinics,больниц,dispensaire
7443,clinics,больниц,hôpital
7444,clinics,больницы,dispensaire
7445,clinics,больницы,hôpital
7446,clinics,клиниками,clinique
7447,clinics,клиниками,dispensaire
7448,clinics,клиникам,clinique
7449,clinics,поликлиниках,clinique
7450,clinics,поликлиниках,dispensaire
7451,clinics,поликлиниках,polyclinique
7452,clinics,больницах,hôpital
7453,clinics,центров,dispensaire
7454,clinics,центров,centre
7455,clinics,центров,établissement
7456,clinics,консультациях,consultation
7457,clinics,медпунктов,dispensaire
7458,clinics,медицинские пункты,dispensaire
7459,clinics,лечебниц,dispensaire
7460,clinics,лечебниц,hôpital
7461,exercise,упражнение,exercice
7462,exercise,осуществление,exercice
7463,exercise,осуществление,réalisation
7464,exercise,зарядка,no_equality
7465,exercise,занятие,exercice
7466,exercise,гимнастика,no_equality
7467,exercise,учение,exercice
7468,exercise,выполнение упражнения,exercice
7469,exercise,выполнение упражнения,sport
7470,exercise,экзерсис,no_equality
7471,exercise,моцион,no_equality
7472,exercise,занятие физкультурой,no_equality
7473,exercise,осуществлять,exercer
7474,exercise,осуществлять,pratiquer
7475,exercise,упражнять,no_equality
7476,exercise,проявлять,faire preuve
7477,exercise,использовать,exercer
7478,exercise,использовать,employer
7479,exercise,оказывать,exercer
7480,exercise,заниматься физическими упражнениями,no_equality
7481,overhangs,навесов,no_equality
7482,overpayments,переплаты,versements excédentaires
7483,overpayments,переплаты,trop-perçu
7484,overpayments,переплаты,paiements excédentaires
7485,overpayments,переплат,no_equality
7486,overpayments,переплаченных сумм,no_equality
7487,overpayments,переплаченных средств,no_equality
7488,overpayments,переплату,no_equality
7489,overpayments,перерасхода средств,no_equality
7490,overpayments,переплата средств,trop-perçu
7491,overpayments,переплаченные суммы,no_equality
7492,overpayments,переплатам,no_equality
7493,overpayments,"сумм, переплаченных",no_equality
7494,overpayments,переплаченной суммы,no_equality
7495,overpayments,переплатой,no_equality
7496,overpayments,переплате,no_equality
7497,overpayments,переплаченные средства,no_equality
7498,overpayments,переплатах,no_equality
7499,turn_on,включить,allumer
7500,turn_on,включать,allumer
7501,turn_on,включать,brancher
7502,turn_on,сдать,trahir
7503,turn_on,сдать,dénoncer
7504,turn_on,предать,trahir
7505,turn_on,отвернуться от,se retourner contre
7506,stopcocks,запорные краны,no_equality
7507,tapster,бармен,no_equality
7508,peaceable,мирный,no_equality
7509,peaceable,миролюбивый,no_equality
7510,peaceable,спокойный,paisible
7511,peaceable,спокойный,calme
7512,wombats,wombats,no_equality
7513,wombats,вомбаты,no_equality
7514,browbeating,запугивать,no_equality
7515,duodenal,язвой двенадцатиперстной кишки,duodénum
7516,duodenal,12-перстной кишки,no_equality
7517,duodenal,язвенная болезнь двенадцатиперстной кишки,duodénum
7518,twenty-sixes,двадцать,vingt
7519,twenty-sixes,двадцать,20 ans
7520,twenty-sixes,через 20,no_equality
7521,twenty-sixes,двадцатку,no_equality
7522,twenty-sixes,20-ти,no_equality
7523,twenty-sixes,прошло 20,no_equality
7524,twenty-sixes,шестерки,six
7525,twenty-sixes,шестерок,no_equality
7526,rediscover,вновь обрести,retrouver
7527,rediscover,вновь открыть для себя,no_equality
7528,rediscover,заново открыть для себя,no_equality
7529,rediscover,заново обрести,no_equality
7530,rediscover,вновь откроет,no_equality
7531,rediscover,истокам,no_equality
7532,espousing,проповедующие,no_equality
7533,espousing,исповедующих,no_equality
7534,espousing,придерживающиеся,no_equality
7535,espousing,поддержка,no_equality
7536,espousing,отстаивают,prônent
7537,espousing,отстаивания,no_equality
7538,transporters,перевозчиков,transporteur
7539,transporters,перевозчики,no_equality
7540,transporters,транспортеры,téléporteurs
7541,transporters,перевозчиками,transporteur
7542,transporters,перевозчикам,no_equality
7543,transporters,транспортеров,transporteur
7544,transporters,транспортеров,téléportation
7545,transporters,перевозчиках,transporteur
7546,transporters,телепорты,téléportation
7547,transporters,телепортации,téléporteur
7548,transporters,транспортаторы,téléporteurs
7549,baubles,безделушки,babiole
7550,baubles,безделушки,bibelot
7551,baubles,безделушки,colifichet
7552,baubles,побрякушки,no_equality
7553,baubles,безделушек,babiole
7554,baubles,безделушек,bibelot
7555,baubles,ёлочные игрушки,no_equality
7556,baubles,побрякушками,no_equality
7557,dispensers,распылителей,no_equality
7558,dispensers,распылители,no_equality
7559,dispensers,дозаторы,no_equality
7560,dispensers,автоматов,distributeur
7561,dispensers,водораздатчиков,no_equality
7562,dispensers,банкоматы,distributeur
7563,dispensers,контейнеры,no_equality
7564,dispensers,трк,no_equality
7565,extrusions,профилей,no_equality
7566,appreciates,высоко оценивает,apprécie
7567,appreciates,высоко оценивает,se félicite
7568,appreciates,высоко оценивает,salue
7569,appreciates,высоко оценивает,remercie
7570,appreciates,высоко оценивает,se réjouit
7571,appreciates,высоко оценивает,sait gré
7572,appreciates,высоко оценивает,accueille avec satisfaction
7573,appreciates,высоко ценит,apprécie
7574,appreciates,высоко ценит,se félicite
7575,appreciates,высоко ценит,salue
7576,appreciates,высоко ценит,sait gré
7577,appreciates,высоко ценит,est reconnaissant
7578,appreciates,высоко ценит,est sensible
7579,appreciates,приветствует,apprécie
7580,appreciates,приветствует,se félicite
7581,appreciates,приветствует,salue
7582,appreciates,приветствует,se réjouit
7583,appreciates,приветствует,accueille avec satisfaction
7584,appreciates,выражает признательность за,no_equality
7585,appreciates,признательна за,apprécie
7586,appreciates,признательна за,sait gré
7587,appreciates,признательностью отмечает,apprécie
7588,appreciates,признательностью отмечает,est sensible
7589,appreciates,положительно оценивает,apprécie
7590,appreciates,положительно оценивает,se félicite
7591,appreciates,положительно оценивает,salue
7592,appreciates,положительно оценивает,accueille avec satisfaction
7593,appreciates,признателен за,apprécie
7594,appreciates,осознает,reconnaît
7595,appreciates,осознает,comprend
7596,appreciates,осознает,est conscient
7597,appreciates,понимает,reconnaît
7598,appreciates,понимает,comprend
7599,appreciates,понимает,est conscient
7600,appreciates,дает высокую оценку,apprécie
7601,appreciates,дает высокую оценку,se félicite
7602,appreciates,дает высокую оценку,salue
7603,appreciates,дает высокую оценку,sait gré
7604,appreciates,дает высокую оценку,accueille avec satisfaction
7605,appreciates,признает,reconnaît
7606,appreciates,признает,est conscient
7607,appreciates,одобряет,se félicite
7608,appreciates,одобряет,salue
7609,appreciates,одобряет,se réjouit
7610,appreciates,одобряет,accueille avec satisfaction
7611,appreciates,оценит,apprécie
7612,appreciates,оценит,appréciera
7613,appreciates,ценят,apprécie
7614,appreciates,ценят,apprécient
7615,stagnated,заторможенный,no_equality
7616,audiovisual_aids,аудиовизуальные средства,no_equality
7617,audiovisual_aids,аудиовизуальных средств,no_equality
7618,audiovisual_aids,аудиовизуальных пособий,no_equality
7619,audiovisual_aids,аудиовизуальных материалов,no_equality
7620,audiovisual_aids,аудиовизуальные материалы,no_equality
7621,audiovisual_aids,аудиовизуальные пособия,no_equality
7622,multiplication,умножение,multiplication
7623,multiplication,размножение,no_equality
7624,multiplication,увеличения числа,multiplication
7625,multiplication,увеличения числа,prolifération
7626,multiplication,мультипликации,multiplicateur
7627,multiplication,умножению числа,no_equality
7628,multiplication,разрастания,no_equality
7629,multiplication,увеличением числа,multiplication
7630,multiplication,увеличением числа,prolifération
7631,multiplication,роста числа,multiplication
7632,multiplication,роста числа,prolifération
7633,mediocre,посредственный,médiocre
7634,mediocre,заурядный,médiocre
7635,mediocre,посредственно,no_equality
7636,mediocre,посредственностью,no_equality
7637,mediocre,посредственности,no_equality
7638,mediocre,посредственность,no_equality
7639,sombreness,воспаление,no_equality
7640,sombreness,чувствительность,no_equality
7641,sombreness,болезненные ощущения,no_equality
7642,linear,линейный,linéaire
7643,linear,последовательный,no_equality
7644,linear,linear,no_equality
7645,linear,погонный,no_equality
7646,mountaineer,альпинист,alpiniste
7647,mountaineer,альпинистский,no_equality
7648,logarithmic,логарифмический,no_equality
7649,logarithmic,логарифмическое,no_equality
7650,logarithmic,логарифмических,logarithmique
7651,logarithmic,метода логарифмического,no_equality
7652,logarithmic,логарифмической шкале,no_equality
7653,nitrate,нитрат,nitrate
7654,nitrate,содержание нитратов,nitrate
7655,nitrate,нитратный,no_equality
7656,confectioners,кондитеров,no_equality
7657,confectioners,объединенные кондитеры,no_equality
7658,avalanching,сход лавин,avalanche
7659,presume,предполагать,présumer
7660,presume,предполагать,supposer
7661,presume,предполагать,penser
7662,presume,осмелиться,no_equality
7663,presume,допускать,no_equality
7664,presume,презюмировать,présumer
7665,presume,могут себе позволить,no_equality
7666,anecdotist,анекдоты,no_equality
7667,anecdotist,историй,anecdote
7668,anecdotist,анекдотов,anecdote
7669,anecdotist,анекдотами,no_equality
7670,anecdotist,историями,no_equality
7671,anecdotist,забавные истории,anecdote
7672,anecdotist,анекдотах,no_equality
7673,Pretender,самозванец,imposteur
7674,Pretender,притворщик,no_equality
7675,Pretender,претендент,prétendant
7676,Pretender,претендентка,prétendant
7677,Pretender,лицемера,no_equality
7678,Pretender,обманщик,imposteur
7679,studies,учение,enseignement
7680,tersely,лаконично,no_equality
7681,tersely,ёмко,no_equality
7682,tersely,сжато,no_equality
7683,tersely,кратко,no_equality
7684,passer-bies,оби,no_equality
7685,passer-bies,мби,no_equality
7686,Kuwaits,кувейтский,no_equality
7687,Kuwaits,кувейтец,koweïtien
7688,Kuwaits,кувейта,koweïtien
7689,Kuwaits,кувейта,kuwait
7690,Kuwaits,кувейт,koweït
7691,Kuwaits,кувейт,koweit
7692,Kuwaits,кувейт,kuwait
7693,Kuwaits,кувейтом,koweït
7694,Kuwaits,кувейту,koweït
7695,Kuwaits,кувейтцем,no_equality
7696,limped,хромал,boitait
7697,limped,хромал,boitais
7698,limped,хромает,boitait
7699,limped,похромал,no_equality
7700,bartenders,барменов,barman
7701,bartenders,барменов,serveur
7702,bartenders,бармены,barman
7703,bartenders,барменами,barman
7704,bartenders,бармена,barman
7705,bartenders,барменам,no_equality
7706,salesmen,продавцов,vendeur
7707,salesmen,продавцы,vendeur
7708,salesmen,продавцами,vendeur
7709,salesmen,торговцы,vendeur
7710,salesmen,торговцы,commerçant
7711,salesmen,продавца,vendeur
7712,salesmen,коммивояжеров,no_equality
7713,salesmen,продавцам,vendeur
7714,salesmen,продавец,vendeur
7715,salesmen,продаём,no_equality
7716,salesmen,в отделе продаж,no_equality
7717,salesmen,продавцом,vendeur
7718,salesmen,коммивояжеры,no_equality
7719,salesmen,торговцев,vendeur
7720,salesmen,торговцев,commerçant
7721,synchroniser,синхронизатор,synchroniseur
7722,iodize,подвергаться воздействию йода,no_equality
7723,iodize,подвергать воздействию йода,no_equality
7724,Selenes,селин,no_equality
7725,Selenes,селена,no_equality
7726,Selenes,селину,no_equality
7727,Selenes,selene,no_equality
7728,Selenes,селены,no_equality
7729,Selenes,селиной,no_equality
7730,millstones,жерновами,no_equality
7731,instituted,возбуждено,intenté
7732,instituted,возбуждено,engagé
7733,instituted,возбуждено,ouverte
7734,instituted,возбуждены,intenté
7735,instituted,возбуждены,engagé
7736,instituted,возбуждается,no_equality
7737,instituted,начато,entamé
7738,instituted,начато,entrepris
7739,instituted,начато,engagé
7740,instituted,возбуждения,no_equality
7741,instituted,созданы,mis en place
7742,instituted,созданы,créé
7743,instituted,возбудила,no_equality
7744,instituted,приняты,adopté
7745,instituted,приняты,prise
7746,instituted,учреждена,institué
7747,instituted,учреждена,mis en place
7748,instituted,учреждена,créé
7749,instituted,учреждена,établi
7750,instituted,введена,institué
7751,instituted,введена,instauré
7752,instituted,введена,établi
7753,instituted,введена,adopté
7754,instituted,ввели,institué
7755,instituted,введены,mis en place
7756,instituted,введены,adopté
7757,instituted,учрежден,institué
7758,instituted,учрежден,mis en place
7759,instituted,учрежден,créé
7760,instituted,учрежден,établi
7761,instituted,возбудил,no_equality
7762,instituted,учредить,no_equality
7763,plastered,пьяный,bourré
7764,plastered,пьяный,soûl
7765,plastered,пьян в стельку,no_equality
7766,plastered,в говно,no_equality
7767,plastered,развесил,no_equality
7768,plastered,выбеленная,no_equality
7769,plastered,оштукатурены,no_equality
7770,plastered,набрался,bourré
7771,plastered,обклеены,no_equality
7772,plastered,напоим,no_equality
7773,plastered,расклеено,no_equality
7774,plastered,надраться,no_equality
7775,plastered,развешаны,no_equality
7776,plastered,вывесила,no_equality
7777,radioactive,радиоактивный,radioactif
7778,radioactive,радиоактивный,radioactivité
7779,radioactive,радиоактивности,no_equality
7780,radioactive,радиации,no_equality
7781,radioactive,радиационной,radiologique
7782,radioactive,радиоактивны,no_equality
7783,radioactive,излучения,no_equality
7784,radioactive,радиационные,no_equality
7785,radioactive,радиоактивном,no_equality
7786,despises,презирает,méprise
7787,despises,презирает,déteste
7788,despises,презирает,dédaigne
7789,despises,ни во что не ставит,no_equality
7790,deficiency,дефицит,carence
7791,deficiency,дефицит,déficience
7792,deficiency,дефицит,déficit
7793,deficiency,дефицит,insuffisance
7794,deficiency,дефицит,manque
7795,deficiency,дефицит,pénurie
7796,deficiency,недостаточность,déficience
7797,deficiency,недостаточность,insuffisance
7798,deficiency,недостаточность,manque
7799,deficiency,недостаточность,faiblesse
7800,deficiency,дефект,défaut
7801,deficiency,неполноценность,déficience
7802,deficiency,пробел,carence
7803,deficiency,пробел,lacune
7804,deficiency,пробел,déficit
7805,deficiency,пробел,manque
7806,deficiency,авитаминоз,no_equality
7807,deficiency,упущение,lacune
7808,deficiency,упущение,défaillance
7809,deficiency,неточность,no_equality
7810,deficiency,голодание,no_equality
7811,deficiency,недополучение,no_equality
7812,deficiency,недостаточный,no_equality
7813,Stalinism,сталинизм,no_equality
7814,Stalinism,сталинизму,no_equality
7815,interdepend,взаимно зависеть,no_equality
7816,fastidious,щепетильный,méticuleux
7817,fastidious,дотошный,méticuleux
7818,fastidious,привередливый,no_equality
7819,fastidious,придирчивый,no_equality
7820,fastidious,скрупулёзный,no_equality
7821,fastidious,разборчивым,pointilleux
7822,fastidious,привередливая,no_equality
7823,fastidious,щепетильны,no_equality
7824,yelling,вопящий,no_equality
7825,yelling,кричавший,no_equality
7826,yelling,вопль,cri
7827,temporarily,временно,temporairement
7828,temporarily,временно,provisoirement
7829,temporarily,временно,momentanément
7830,temporarily,временно,temporaire
7831,temporarily,временно,titre provisoire
7832,temporarily,временно,suspendre
7833,temporarily,временно,à titre temporaire
7834,temporarily,временно,à titre provisoire
7835,temporarily,временно,par intérim
7836,temporarily,временно,intérim
7837,temporarily,на время,temporairement
7838,temporarily,на время,temporaire
7839,temporarily,временный,no_equality
7840,temporarily,временного,no_equality
7841,temporarily,временной основе,no_equality
7842,airlifts,воздушных перевозок,transports aériens
7843,airlifts,воздушные перевозки,transports aériens
7844,airlifts,воздушными перевозками,transports aériens
7845,airlifts,воздушных перевозках,transports aériens
7846,airlifts,авиаперевозок,transports aériens
7847,airlifts,доставку по воздуху,no_equality
7848,airlifts,воздушные мосты,no_equality
7849,airlifts,рейсов,no_equality
7850,elf,эльф,elfe
7851,elf,эльф,lutin
7852,elf,эльф,elf
7853,elf,эльфийский,elfe
7854,elf,эльфийских,no_equality
7855,elf,эльфе,no_equality
7856,elf,элф,no_equality
7857,elf,elf,no_equality
7858,confess,признаться,avouer
7859,confess,признаться,admettre
7860,confess,признаться,reconnaître
7861,confess,признаться,se confesser
7862,confess,признаться,aveu
7863,confess,признаться,dire
7864,confess,признаваться,avouer
7865,confess,признаваться,admettre
7866,confess,признаваться,reconnaître
7867,confess,признаваться,se confesser
7868,confess,сознаться,avouer
7869,confess,сознаться,se confesser
7870,confess,признать,no_equality
7871,confess,сознаваться,avouer
7872,confess,сознаваться,confesser
7873,confess,признавать,avouer
7874,confess,признавать,confesser
7875,confess,признавать,admettre
7876,confess,признавать,reconnaître
7877,confess,признавать,dire
7878,confess,исповедаться,no_equality
7879,confess,исповедоваться,no_equality
7880,confess,покаяться,avouer
7881,confess,покаяться,confesser
7882,confess,признания,no_equality
7883,confess,признанию,no_equality
7884,confess,исповедовать,confesser
7885,confess,исповедуюсь,no_equality
7886,confess,признаний,no_equality
7887,furtively,украдкой,en cachette
7888,furtively,воровски,no_equality
7889,ideology,идеология,idéologie
7890,ideology,мировоззрение,idéologie
7891,ideology,идеологической,no_equality
7892,ideology,идеологического,no_equality
7893,ideology,идеологических убеждений,idéologie
7894,ideology,идеологических убеждений,idéologique
7895,ideology,идеологических взглядов,no_equality
7896,ideology,взгляды,no_equality
7897,ideology,идеологическими,idéologie
7898,ideology,идеологическими,idéologique
7899,ideology,идеологические,no_equality
7900,Kharkivs,харьков,kharkov
7901,Kharkivs,харькове,no_equality
7902,Kharkivs,харьковской,no_equality
7903,Kharkivs,харькова,no_equality
7904,Kharkivs,харьковский,no_equality
7905,Kharkivs,харьковского,no_equality
7906,Kharkivs,харьковская,no_equality
7907,Kharkivs,г,no_equality
7908,Kharkivs,харьковским,no_equality
7909,Kharkivs,харьковское,no_equality
7910,Kharkivs,харьковського,no_equality
7911,Kharkivs,харьковщине,no_equality
7912,obstructed,препятствуют,entravent
7913,obstructed,препятствуют,font obstacle
7914,obstructed,препятствуют,entraver
7915,obstructed,препятствовали,entravent
7916,obstructed,препятствовали,entraver
7917,obstructed,препятствия,no_equality
7918,obstructed,препятствует,no_equality
7919,obstructed,препятствовал,no_equality
7920,obstructed,препятствовала,no_equality
7921,obstructed,осложненные,no_equality
7922,obstructed,мешают,no_equality
7923,obstructed,препятствиями,no_equality
7924,obstructed,затруднено,entravé
7925,obstructed,затрудняют,entravent
7926,decisively,решительно,résolument
7927,decisively,решительно,avec détermination
7928,decisively,решительно,fermement
7929,decisively,решительно,avec fermeté
7930,decisively,решительно,avec décision
7931,decisively,решительно,énergiquement
7932,decisively,решительно,catégoriquement
7933,decisively,решительным образом,résolument
7934,decisively,решительным образом,avec détermination
7935,decisively,решительным образом,fermement
7936,decisively,решительным образом,énergiquement
7937,squirrels,белок,no_equality
7938,squirrels,белки,écureuil
7939,squirrels,белками,no_equality
7940,squirrels,белках,no_equality
7941,squirrels,белкам,no_equality
7942,proportioning,распределение,no_equality
7943,proportioning,оснащено системой регулирования тормозного усилия,no_equality
7944,greenery,зелень,verdure
7945,greenery,зелень,vert
7946,greenery,озеленение,no_equality
7947,greenery,насаждения,no_equality
7948,farming,земледелие,agriculture
7949,farming,фермерство,agriculture
7950,farming,сельское хозяйство,agriculture
7951,farming,сельское хозяйство,exploitation agricole
7952,farming,фермеров,agriculture
7953,farming,выращивание,culture
7954,farming,сельскохозяйственный,agricole
7955,farming,ведения сельского хозяйства,agriculture
7956,farming,ведения сельского хозяйства,exploitation agricole
7957,farming,фермерских хозяйств,agriculture
7958,farming,фермерских хозяйств,exploitation agricole
7959,farming,сельском хозяйстве,agriculture
7960,farming,сельском хозяйстве,agricole
7961,farming,сельскохозяйственного производства,agriculture
7962,farming,сельским хозяйством,agriculture
7963,farming,ведения фермерского хозяйства,no_equality
7964,farming,фермерские хозяйства,agriculture
7965,farming,фермерское хозяйство,exploitation agricole
7966,farming,сельскохозяйственное производство,agriculture
7967,acidulates,подкисленной фосфатосодержащей,no_equality
7968,honied,оттачивал,no_equality
7969,honied,оттачивали,no_equality
7970,honied,отточенным,no_equality
7971,honied,отточенный,no_equality
7972,honied,отточила,no_equality
7973,Apulias,применяется,no_equality
7974,Apulias,распространяется,no_equality
7975,Apulias,относится,no_equality
7976,Apulias,касается,no_equality
7977,Apulias,применяет,no_equality
7978,Apulias,применяются,no_equality
7979,Apulias,действует,no_equality
7980,Apulias,применимо,no_equality
7981,Apulias,применим,no_equality
7982,Apulias,применима,no_equality
7983,Apulias,распространяются,no_equality
7984,Apulias,использует,no_equality
7985,Apulias,действуют,no_equality
7986,Apulias,используется,no_equality
7987,Apulias,применимы,no_equality
7988,hooters,"""хутерс""",no_equality
7989,hooters,буфера,nichon
7990,hooters,буфера,nibards
7991,hooters,буфера,sein
7992,hooters,"""хутерз""",no_equality
7993,hooters,гудки,no_equality
7994,hooters,любил,no_equality
7995,stoves,печей,poêle
7996,stoves,печей,fourneau
7997,stoves,печей,cuisinière
7998,stoves,печей,four
7999,stoves,плиты,poêle
8000,stoves,плиты,fourneau
8001,stoves,плиты,cuisinière
8002,stoves,плиты,four
8003,stoves,печи,fourneau
8004,stoves,печи,four
8005,stoves,печах,fourneau
8006,stoves,печах,four
8007,stoves,печами,no_equality
8008,stoves,плитах,no_equality
8009,stoves,плиток,no_equality
8010,stoves,печек,no_equality
8011,stoves,плитами,no_equality
8012,stoves,обогревателей,no_equality
8013,stoves,кухонных плит,fourneau
8014,imagery,изображение,no_equality
8015,imagery,образность,no_equality
8016,imagery,съемка,no_equality
8017,imagery,скульптура,no_equality
8018,imagery,воображение,no_equality
8019,imagery,формирование изображений,image
8020,imagery,формирование изображений,imagerie
8021,imagery,видовая информация,no_equality
8022,imagery,образный,no_equality
8023,astute,проницательный,perspicace
8024,astute,хитрый,astucieux
8025,astute,хитрый,malin
8026,astute,хитрый,habile
8027,astute,хитрый,futé
8028,astute,сообразительный,no_equality
8029,astute,проницательность,no_equality
8030,astute,мудрым,avisé
8031,astute,мудрое,avisé
8032,astute,мудрое,avisée
8033,astute,мудрое,judicieuse
8034,astute,внимательные,no_equality
8035,astute,умелого,no_equality
8036,astute,дальновидным,no_equality
8037,astute,прозорливых,no_equality
8038,gab,гэб,gab
8039,gab,болтать,papoter
8040,gab,болтать,bavarder
8041,gab,болтать,jacasser
8042,gab,зга,no_equality
8043,gab,габ,no_equality
8044,apprenticeships,ученичества,apprentissage
8045,apprenticeships,профессионального обучения,apprentissage
8046,apprenticeships,ученичество,apprentissage
8047,apprenticeships,профессиональное обучение,apprentissage
8048,apprenticeships,стажировки,no_equality
8049,apprenticeships,профессионально-техническое обучение,no_equality
8050,apprenticeships,профессиональную подготовку,no_equality
8051,apprenticeships,профессиональному обучению,no_equality
8052,apprenticeships,профессионально-технического обучения,apprentissage
8053,apprenticeships,ремеслам,no_equality
8054,apprenticeships,производственного обучения,apprentissage
8055,apprenticeships,профессионально-технические училища,no_equality
8056,apprenticeships,обучение ремеслу,apprentissage
8057,apprenticeships,профессионально-техническому обучению,no_equality
8058,apprenticeships,ученичестве,apprentissage
8059,Hoover,гувер,hoover
8060,Hoover,пылесос,aspirateur
8061,Hoover,гувера,hoover
8062,Hoover,хувер,hoover
8063,Hoover,пропылесосить,no_equality
8064,Hoover,пылесосить,passer l'aspirateur
8065,Hoover,гуверу,no_equality
8066,Hoover,хувера,hoover
8067,Hoover,гувером,hoover
8068,definings,определение,no_equality
8069,definings,определить,no_equality
8070,definings,определяющих,no_equality
8071,definings,определяющие,no_equality
8072,definings,разработке,no_equality
8073,definings,определяющим,no_equality
8074,definings,определяющий,no_equality
8075,definings,определяющей,no_equality
8076,definings,определяя,no_equality
8077,definings,разработки,no_equality
8078,definings,определив,no_equality
8079,definings,определяющего,no_equality
8080,definings,решающий,no_equality
8081,definings,определяющее,no_equality
8082,definings,выработки,no_equality
8083,obtruded,вторглись,no_equality
8084,obtruded,вторгались,no_equality
8085,obtruded,вторглась,no_equality
8086,obtruded,вторгаются,no_equality
8087,obtruded,вторглось,no_equality
8088,obtruded,проникли,no_equality
8089,obtruded,вторгся,no_equality
8090,obtruded,ворвались,no_equality
8091,obtruded,проник,no_equality
8092,avert,предотвратить,éviter
8093,avert,предотвратить,prévenir
8094,avert,предотвратить,empêcher
8095,avert,предотвратить,conjurer
8096,avert,предотвратить,prévention
8097,avert,предотвратить,enrayer
8098,avert,избежать,éviter
8099,avert,избежать,prévenir
8100,avert,избежать,empêcher
8101,avert,предотвращать,éviter
8102,avert,предотвращать,prévenir
8103,avert,предотвращать,empêcher
8104,avert,предотвращать,prévention
8105,avert,предотвращения,no_equality
8106,avert,предотвращению,no_equality
8107,avert,не допустить,éviter
8108,avert,не допустить,prévenir
8109,avert,не допустить,empêcher
8110,avert,недопущения,éviter
8111,avert,недопущения,prévenir
8112,avert,недопущения,empêcher
8113,avert,недопущения,prévention
8114,avert,избегать,éviter
8115,avert,отвести,détourner
8116,avert,отвести,éloigner
8117,avert,отвратить,conjurer
8118,avert,отводить,no_equality
8119,avert,избежания,éviter
8120,avert,предупреждения,no_equality
8121,avert,предотвращении,éviter
8122,avert,предотвращении,prévenir
8123,avert,предотвращении,empêcher
8124,avert,недопущению,no_equality
8125,honest,честный,honnête
8126,honest,честный,franc
8127,honest,честный,sincère
8128,honest,откровенный,franc
8129,honest,откровенный,sincère
8130,honest,искренний,honnête
8131,honest,искренний,franc
8132,honest,искренний,sincère
8133,honest,правда,no_equality
8134,honest,добросовестного,honnête
8135,honest,клянусь,no_equality
8136,honest,порядочный,honnête
8137,honest,добросовестное,sincère
8138,honest,добросовестным,no_equality
8139,honest,добросовестные,no_equality
8140,nims,целей,no_equality
8141,nims,цели,no_equality
8142,nims,направлена,no_equality
8143,nims,направлен,no_equality
8144,nims,стремится,no_equality
8145,nims,нацелена,no_equality
8146,nims,призвана,no_equality
8147,nims,призван,no_equality
8148,nims,нацелен,no_equality
8149,nims,является,no_equality
8150,nims,целям,no_equality
8151,nims,целями,no_equality
8152,nims,направлено,no_equality
8153,nims,состоит,no_equality
8154,nims,целях,no_equality
8155,pretends,притворяется,fait semblant
8156,pretends,притворяется,feint
8157,pretends,"делает вид, что",prétend
8158,pretends,"делает вид, что",fait semblant
8159,pretends,прикидывается,no_equality
8160,pretends,выдает себя,se fait passer
8161,pretends,прикинется,no_equality
8162,pretends,разыгрывает,no_equality
8163,Luxemburger,люксембуржец,no_equality
8164,Luxemburger,люксембурженка,no_equality
8165,ambulatory,амбулаторных,ambulatoire
8166,ambulatory,амбулаторного,no_equality
8167,ambulatory,амбулаторное,ambulatoire
8168,ambulatory,амбулаторные,no_equality
8169,ambulatory,амбулаторной,ambulatoire
8170,ambulatory,амбулаторную,no_equality
8171,ambulatory,амбулаторным,no_equality
8172,ambulatory,амбулаторному,no_equality
8173,ambulatory,амбулаторная,no_equality
8174,ambulatory,амбулаториях,no_equality
8175,scarcely,вряд ли,guère
8176,scarcely,вряд ли,difficilement
8177,scarcely,вряд ли,rarement
8178,scarcely,едва,à peine
8179,scarcely,едва,guère
8180,scarcely,едва,difficilement
8181,scarcely,едва,tout juste
8182,scarcely,едва,rarement
8183,scarcely,едва,presque
8184,scarcely,едва,pratiquement
8185,scarcely,едва ли,à peine
8186,scarcely,едва ли,difficilement
8187,scarcely,едва ли,rarement
8188,scarcely,едва ли,pratiquement
8189,scarcely,почти не,à peine
8190,scarcely,почти не,peu
8191,scarcely,почти не,rarement
8192,scarcely,с трудом,à peine
8193,scarcely,с трудом,difficilement
8194,scarcely,практически не,à peine
8195,scarcely,практически не,peu
8196,scarcely,практически не,rarement
8197,scarcely,крайне редко,no_equality
8198,scarcely,редко когда,rarement
8199,scarcely,трудом могу,no_equality
8200,scarcely,слабо,peu
8201,scarcely,слабо,faiblement
8202,scarcely,малонаселенных,no_equality
8203,scarcely,смутно,no_equality
8204,medical diagnosis,медицинский диагноз,diagnostic médical
8205,intervened,вмешался,est intervenu
8206,intervened,вмешались,sont intervenus
8207,intervened,вмешались,intervient
8208,intervened,вмешались,sont intervenues
8209,intervened,вмешалась,est intervenue
8210,intervened,вмешательства,intervenir
8211,intervened,вмешательства,intervention
8212,intervened,вмешалось,est intervenu
8213,intervened,вмешалось,est intervenue
8214,intervened,вмешивались,interviennent
8215,intervened,вмешивался,est intervenu
8216,intervened,вмешивался,intervenait
8217,intervened,вмешивается,no_equality
8218,intervened,выступили,sont intervenus
8219,intervened,выступили,sont intervenues
8220,intervened,вмешивалась,no_equality
8221,intervened,вмешаться,intervenir
8222,intervened,вмешаться,intervention
8223,intervened,выступали,sont intervenus
8224,intervened,вмешиваются,interviennent
8225,intervened,вмешивалось,no_equality
8226,intervened,принимало меры,est intervenu
8227,majestically,величественно,no_equality
8228,insures,страхует,no_equality
8229,insures,застраховала,no_equality
8230,insures,страхуемых,no_equality
8231,insures,подстраховывает,no_equality
8232,remarkable,замечательный,remarquable
8233,remarkable,замечательный,incroyable
8234,remarkable,замечательный,formidable
8235,remarkable,значительный,remarquable
8236,remarkable,значительный,considérable
8237,remarkable,значительный,notable
8238,remarkable,выдающийся,remarquable
8239,remarkable,выдающийся,exceptionnel
8240,remarkable,выдающийся,extraordinaire
8241,remarkable,выдающийся,brillant
8242,remarkable,заметный,remarquable
8243,remarkable,заметный,considérable
8244,remarkable,заметный,notable
8245,remarkable,примечательный,remarquable
8246,remarkable,удивительный,remarquable
8247,remarkable,удивительный,extraordinaire
8248,remarkable,удивительный,étonnant
8249,remarkable,удивительный,incroyable
8250,remarkable,удивительный,formidable
8251,remarkable,поразительный,remarquable
8252,remarkable,поразительный,impressionnant
8253,remarkable,поразительный,frappant
8254,remarkable,впечатляющий,remarquable
8255,remarkable,впечатляющий,impressionnant
8256,remarkable,прекрасную,remarquable
8257,remarkable,знаменитый,no_equality
8258,remarkable,знаменательным,remarquable
8259,remarkable,заметно,no_equality
8260,remarkable,ярким,remarquable
8261,remarkable,ярким,marquant
8262,remarkable,ярким,frappant
8263,remarkable,ярким,brillant
8264,destroyers,разрушители,destroyer
8265,destroyers,разрушители,destructeur
8266,destroyers,эсминца,destroyer
8267,destroyers,эсминца,contre-torpilleur
8268,destroyers,разрушителей,destroyer
8269,destroyers,эсминцы,destroyer
8270,destroyers,истребителя,destroyer
8271,destroyers,истребителя,chasseur
8272,destroyers,эсминцев,no_equality
8273,destroyers,истребителей,destroyer
8274,destroyers,миноносца,no_equality
8275,destroyers,разрушителях,no_equality
8276,destroyers,миноносцы,no_equality
8277,destroyers,эсминцами,no_equality
8278,intermingled,приобщенных,no_equality
8279,intermingled,переплетаются,imbriqués
8280,intermingled,приобщены к,no_equality
8281,intermingled,смешиваются,mêlent
8282,intermingled,смешиваются,confondus
8283,intermingled,смешаны,no_equality
8284,intermingled,приобщенные,no_equality
8285,intermingled,перемешались,no_equality
8286,intermingled,занятостью,no_equality
8287,intermingled,смешались,mélangé
8288,intermingled,приобщенного к другому,no_equality
8289,intermingled,перемешаны,no_equality
8290,intermingled,смешанное,mélangée
8291,intermingled,смешивались,no_equality
8292,intermingled,приобщенное,no_equality
8293,review,обзор,examen
8294,review,обзор,révision
8295,review,обзор,revue
8296,review,обзор,réexamen
8297,review,обзор,étude
8298,review,обзор,évaluation
8299,review,обзор,bilan
8300,review,рассмотрение,examen
8301,review,рассмотрение,étude
8302,review,пересмотр,examen
8303,review,пересмотр,révision
8304,review,пересмотр,réexamen
8305,review,анализ,examen
8306,review,анализ,revue
8307,review,анализ,étude
8308,review,анализ,évaluation
8309,review,анализ,bilan
8310,review,проверка,examen
8311,review,изучение,examen
8312,review,изучение,étude
8313,review,оценка,examen
8314,review,оценка,étude
8315,review,оценка,évaluation
8316,review,оценка,bilan
8317,review,контроль,no_equality
8318,review,пересмотреть,examiner
8319,review,пересмотреть,réviser
8320,review,пересмотреть,réexaminer
8321,review,пересмотреть,reconsidérer
8322,review,пересмотреть,revoir
8323,review,рассмотреть,examiner
8324,review,рассмотреть,étudier
8325,review,рассмотреть,revoir
8326,review,рассматривать,examiner
8327,review,рассматривать,réexaminer
8328,review,рассматривать,analyser
8329,review,рассматривать,étudier
8330,review,рассматривать,passer en revue
8331,review,рассматривать,faire le point
8332,review,проанализировать,examiner
8333,review,проанализировать,réviser
8334,review,проанализировать,réexaminer
8335,review,проанализировать,analyser
8336,review,проанализировать,étudier
8337,review,проанализировать,passer en revue
8338,review,проанализировать,revoir
8339,review,пересматривать,no_equality
8340,review,проверять,examiner
8341,review,проверять,réviser
8342,review,просматривать,examiner
8343,review,обзорный,no_equality
8344,review,рассмотрению действия договора,no_equality
8345,review,рецензия,critique
8346,review,рецензировать,no_equality
8347,review,обозрение,revue
8348,review,смотр,no_equality
8349,review,повторение,no_equality
8350,review,повторять,réviser
8351,review,отрецензировать,no_equality
8352,review,критический обзор,no_equality
8353,keyboards,клавиатуры,clavier
8354,keyboards,клавиатур,clavier
8355,keyboards,клавишные,clavier
8356,keyboards,клавиатура,clavier
8357,keyboards,клавиатурах,no_equality
8358,keyboards,на клавишных,no_equality
8359,keyboards,клавиатурой,clavier
8360,keyboards,клавишах,no_equality
8361,keyboards,клавиатуру,clavier
8362,keyboards,на синтезаторе,no_equality
8363,keyboards,клавиши,no_equality
8364,keyboards,клавиатурами,no_equality
8365,keyboards,синтезаторов,no_equality
8366,keyboards,синтезатор,clavier
8367,keyboards,синтезатор,synthétiseur
8368,defaulted,дефолтные,no_equality
8369,defaulted,объявила дефолт,no_equality
8370,defaulted,объявили дефолт,no_equality
8371,defaulted,не выполняли долговые обязательства,no_equality
8372,defaulted,не платят,no_equality
8373,defaulted,просроченных,en souffrance
8374,defaulted,не выполнил своих обязательств,no_equality
8375,Sikhs,сикхов,sikh
8376,Sikhs,сикхи,sikh
8377,Sikhs,сикхами,no_equality
8378,Sikhs,сикхам,no_equality
8379,roasting,обжиг,no_equality
8380,roasting,жарка,no_equality
8381,roasting,жаренье,no_equality
8382,roasting,обжиговый,no_equality
8383,roasting,жарочный,no_equality
8384,roasting,жарящий,no_equality
8385,impracticably,непрактичным,no_equality
8386,impracticably,практически невозможным,no_equality
8387,impracticably,невыполнимыми,no_equality
8388,impracticably,невыполнимым,no_equality
8389,impracticably,непрактичной,no_equality
8390,impracticably,не представляется практически возможным,no_equality
8391,impracticably,нереальным,no_equality
8392,impracticably,непрактичными,no_equality
8393,impracticably,практически нецелесообразно,no_equality
8394,impracticably,нецелесообразной,no_equality
8395,impracticably,неисполнимый,no_equality
8396,impracticably,нецелесообразным,no_equality
8397,impracticably,практически неосуществимо,no_equality
8398,plow,плуг,charrue
8399,plow,плуг,chasse-neige
8400,plow,очиститель,no_equality
8401,plow,вспахать,labourer
8402,plow,пахать,labourer
8403,plow,плуговой,no_equality
8404,plow,пахоты,no_equality
8405,plow,тягловой,no_equality
8406,plow,сбить,no_equality
8407,plow,почистить,no_equality
8408,plow,чистить,no_equality
8409,plow,тяжеловоз,no_equality
8410,plow,пахота,no_equality
8411,plow,вскопать,no_equality
8412,interpreting,толкование,interprétation
8413,interpreting,толкование,interpréter
8414,interpreting,интерпретация,interprétation
8415,interpreting,толковать,no_equality
8416,interpreting,устного перевода,interprétation
8417,interpreting,устный перевод,interprétation
8418,interpreting,толкуя,interprétant
8419,interpreting,интерпретировать,no_equality
8420,interpreting,анализе,no_equality
8421,interpreting,устному переводу,no_equality
8422,interpreting,интерпретируя,no_equality
8423,Normandy,нормандии,débarquement
8424,Normandy,нормандия,normandie
8425,Normandy,нормандию,no_equality
8426,Normandy,норманди,normandie
8427,Normandy,норманди,normandy
8428,tolerable,допустимый,tolérable
8429,tolerable,допустимый,acceptable
8430,tolerable,допустимый,admissible
8431,tolerable,допустимый,tolérance
8432,tolerable,терпимый,no_equality
8433,tolerable,сносный,no_equality
8434,tolerable,приемлемого,tolérable
8435,tolerable,приемлемого,acceptable
8436,tolerable,приемлемого,supportable
8437,tolerable,приемлемым,tolérable
8438,tolerable,приемлемым,acceptable
8439,tolerable,приемлемым,supportable
8440,tolerable,приемлемых,acceptable
8441,tolerable,приемлемых,admissible
8442,tolerable,терпимо,tolérable
8443,tolerable,терпимо,supportable
8444,tolerable,терпимо,tolérée
8445,tolerable,терпимо,tolérance
8446,tolerable,терпимо,tolérer
8447,tolerable,мириться,no_equality
8448,reproducibility,воспроизводимость,reproductibilité
8449,reproducibility,воспроизводимости результатов,reproductibilité
8450,reproducibility,воспроизводимостью результатов,no_equality
8451,presenting,представление,présentation
8452,presenting,представление,avoir présenté
8453,presenting,представления,présenter
8454,presenting,представления,présentation
8455,presenting,представления,soumettre
8456,presenting,представляя,présentation
8457,presenting,представляя,présente
8458,presenting,представить,présenter
8459,presenting,представить,soumettre
8460,presenting,представить,proposer
8461,presenting,представляет,présenter
8462,presenting,представляет,présente
8463,presenting,представляет,présentent
8464,presenting,представляет,soumettre
8465,presenting,изложение,présentation
8466,presenting,представив,no_equality
8467,presenting,представлять,présenter
8468,presenting,представлять,soumettre
8469,presenting,представляю,présenter
8470,presenting,представляю,présente
8471,presenting,презентация,présentation
8472,presenting,представляющих,présentant
8473,presenting,представляющие,présentant
8474,presenting,представляют,présentant
8475,presenting,представляют,présentent
8476,presenting,представил,présenter
8477,presenting,представил,présentait
8478,presenting,котором,présentant
8479,tooth,зуб,no_equality
8480,tooth,зубы,dentaire
8481,tooth,зубы,dentition
8482,tooth,зубной,no_equality
8483,tooth,зубик,no_equality
8484,embraced,приняли,no_equality
8485,embraced,приняла,adopté
8486,embraced,принял,no_equality
8487,embraced,охватывает,englobe
8488,embraced,поддержали,no_equality
8489,embraced,вооружение,no_equality
8490,embraced,воспринял,no_equality
8491,embraced,обнимали,no_equality
8492,embraced,поддержал,no_equality
8493,embraced,приветствовали,no_equality
8494,embraced,признание,no_equality
8495,embraced,обняла,no_equality
8496,embraced,обнял,no_equality
8497,timorousness,тщательность,no_equality
8498,idolisation,ионизация,no_equality
8499,idolisation,ионизирующего,no_equality
8500,swooped,налетели,no_equality
8501,swooped,ворвалась,a débarqué
8502,swooped,напала,no_equality
8503,swooped,влез,no_equality
8504,swooped,прилетели,no_equality
8505,shallow,неглубокий,no_equality
8506,shallow,мелкий,peu profond
8507,shallow,поверхностный,superficiel
8508,shallow,мелководный,no_equality
8509,shallow,пустой,superficiel
8510,shallow,пустой,creux
8511,shallow,мелководье,peu profonde
8512,shallow,пустышка,no_equality
8513,shallow,неглубоко залегающих,no_equality
8514,shallow,близкоповерхностных,no_equality
8515,swimmer,пловец,nageur
8516,swimmer,пловец,nage
8517,swimmer,купальщик,baigneur
8518,co-workers,коллег,collègue
8519,co-workers,коллег,collaborateur
8520,co-workers,коллег,confrère
8521,co-workers,коллегами,collègue
8522,co-workers,коллегами,collaborateur
8523,co-workers,коллеги,collègue
8524,co-workers,коллеги,collaborateur
8525,co-workers,коллегам,collègue
8526,co-workers,коллегам,collaborateur
8527,co-workers,сотрудниками,collaborateur
8528,co-workers,сослуживцев,collègue
8529,co-workers,сослуживцы,collègue
8530,co-workers,коллегах,collègue
8531,co-workers,сослуживцам,no_equality
8532,co-workers,сослуживцами,collègue
8533,paroles,условно-досрочному освобождению,libérations conditionnelles
8534,abortion,аборт,no_equality
8535,abortion,прерывание,no_equality
8536,abortion,преждевременное прекращение беременности,no_equality
8537,abortion,недоносок,no_equality
8538,abortion,абортирование,no_equality
8539,blooming,цветущий,no_equality
8540,blooming,цветение,no_equality
8541,blooming,расцвет,épanouissement
8542,blooming,цветут,no_equality
8543,blooming,цветет,no_equality
8544,blooming,расцветают,no_equality
8545,blooming,расцвел,no_equality
8546,blooming,медалях,no_equality
8547,blooming,блумин,no_equality
8548,blooming,чертову,no_equality
8549,hulls,корпусов,coque
8550,hulls,корпуса,no_equality
8551,hulls,корпусами,no_equality
8552,hulls,корпусах,no_equality
8553,hulls,корпусом,coque
8554,gloriously,великолепно,no_equality
8555,gloriously,славно,no_equality
8556,gloriously,славный,no_equality
8557,frier,фрайер,frier
8558,Congresses,конгрессов,congrès
8559,Congresses,конгрессы,congrès
8560,Congresses,конгрессах,congrès
8561,Congresses,конгрессам,no_equality
8562,Congresses,конгрессами,congrès
8563,Congresses,конгресса,congrès
8564,Congresses,съездов,congrès
8565,Congresses,съезды,congrès
8566,Congresses,съездах,congrès
8567,Congresses,конгресс,congrès
8568,episodic,эпизодический,épisodique
8569,episodic,эпизодически,no_equality
8570,revolve,вращаться,tourner
8571,revolve,вращаться,pivoter
8572,revolve,крутиться,tourner
8573,revolve,крутиться,pivoter
8574,revolve,вертится,no_equality
8575,revolve,завязаны,no_equality
8576,revolve,строиться,no_equality
8577,revolve,строилась,no_equality
8578,revolve,сводятся,no_equality
8579,bashed,ударил,no_equality
8580,bashed,разбил,a fracassé
8581,bashed,избили,a tabassé
8582,bashed,избили,a frappé
8583,bashed,проломил,a frappé
8584,bashed,вышиб,a défoncé
8585,bashed,колотили,no_equality
8586,bashed,пробита,no_equality
8587,bashed,раскроил,no_equality
8588,bashed,стукнули,no_equality
8589,bashed,шарахнул,no_equality
8590,bashed,пробили,no_equality
8591,bashed,расколола,no_equality
8592,bashed,разбили,no_equality
8593,bashed,проломили,no_equality
8594,bashed,выбил,no_equality
8595,flailing,конвульсии,no_equality
8596,concise,краткий,concis
8597,concise,краткий,bref
8598,concise,краткий,succinct
8599,concise,краткий,brièvement
8600,concise,краткий,court
8601,concise,сжатый,concis
8602,concise,сжатый,succinct
8603,concise,лаконичный,concis
8604,concise,лаконичный,succinct
8605,concise,лаконичный,concision
8606,concise,четкий,no_equality
8607,concise,краткость,no_equality
8608,concise,лаконичных,no_equality
8609,enunciating,провозглашением,no_equality
8610,enunciating,изложение,no_equality
8611,enunciating,отражающих,no_equality
8612,rowdiness,буйство,no_equality
8613,cooler,холодильник,glacière
8614,cooler,холодильник,réfrigérateur
8615,cooler,холодильник,frigo
8616,cooler,кулер,glacière
8617,cooler,кулер,cooler
8618,cooler,охладитель,refroidisseur
8619,cooler,охладитель,réfrigérant
8620,cooler,круче,no_equality
8621,cooler,прохладнее,plus frais
8622,cooler,покруче,no_equality
8623,cooler,холоднее,no_equality
8624,cooler,прохладней,plus frais
8625,cooler,талисман невезения,no_equality
8626,dullness,вялость,paresse
8627,dullness,тупоумие,no_equality
8628,dullness,затупление,no_equality
8629,dullness,туповатость,no_equality
8630,dullness,неяркость,no_equality
8631,dullness,затупленность,no_equality
8632,dullness,слабая активность,no_equality
8633,dullness,тусклость,no_equality
8634,dullness,тупости,no_equality
8635,personalities,деятелей,personnalité
8636,personalities,личности,personnalité
8637,personalities,личности,personnage
8638,personalities,личностей,personnalité
8639,personalities,деятели,personnalité
8640,personalities,деятели,figure
8641,personalities,лиц,no_equality
8642,personalities,деятелям,personnalité
8643,personalities,личность,personnalité
8644,personalities,личность,personne
8645,personalities,личностями,no_equality
8646,personalities,личностях,personnalité
8647,personalities,личностям,no_equality
8648,personalities,персоналий,no_equality
8649,personalities,видными деятелями,personnalité
8650,personalities,видными деятелями,figure
8651,personalities,лицами,personnalité
8652,personalities,лицами,personne
8653,personalities,характеры,no_equality
8654,syntagm,синтагма,no_equality
8655,investings,инвестирование,investir
8656,investings,инвестирование,investissement
8657,investings,инвестиции,investir
8658,investings,инвестиции,investissement
8659,investings,инвестиции,investit
8660,investings,инвестиции,investissent
8661,investings,инвестиции,investi
8662,investings,инвестиции,placement
8663,investings,инвестировать,investir
8664,investings,инвестировать,investissement
8665,investings,инвестируя,no_equality
8666,investings,вложение средств,investissement
8667,investings,инвестирует,investit
8668,investings,инвестирует,investissent
8669,investings,инвестирует,investira
8670,investings,инвестирует,investisseur
8671,investings,вложения средств,investir
8672,investings,инвестируют,investissant
8673,investings,инвестируют,investissent
8674,investings,инвестициям,investir
8675,investings,инвестициям,investissement
8676,investings,инвестициям,placement
8677,investings,инвестициям,investisseur
8678,investings,инвестиционной,investissement
8679,investings,инвестиционной,placement
8680,investings,капиталовложения,investir
8681,investings,капиталовложения,investissement
8682,investings,капиталовложения,investi
8683,investings,вкладывать средства,investir
8684,investings,осуществления инвестиций,investir
8685,investings,осуществления инвестиций,investissement
8686,investings,вкладывает средства,investit
8687,investings,вложение,investir
8688,investings,вложение,investissement
8689,monitored,контролируется,suivi
8690,monitored,контролироваться,no_equality
8691,monitored,контролировать,no_equality
8692,monitored,контролируются,no_equality
8693,monitored,отслеживать,no_equality
8694,monitored,мониторинга,no_equality
8695,monitored,следить за,no_equality
8696,monitored,осуществляется,no_equality
8697,monitored,под контролем,no_equality
8698,monitored,отслеживается,contrôlé
8699,monitored,следит за,no_equality
8700,monitored,под наблюдением,no_equality
8701,monitored,контролирует,no_equality
8702,monitored,отслеживаются,surveillé
8703,monitored,мониторингу,no_equality
8704,robing,костюм,complet
8705,tendencies,тенденции,tendance
8706,tendencies,тенденциями,tendance
8707,tendencies,наклонности,tendance
8708,tendencies,наклонности,penchant
8709,tendencies,тенденциям,tendance
8710,tendencies,тенденциях,tendance
8711,tendencies,наклонностей,no_equality
8712,tendencies,наклонностями,no_equality
8713,tendencies,настроений,no_equality
8714,tendencies,течений,courant
8715,tendencies,наклонностях,no_equality
8716,tendencies,настроения,no_equality
8717,tendencies,направленности,no_equality
8718,sidings,подъездных путей,no_equality
8719,sidings,разъезды,no_equality
8720,sidings,подъездных железнодорожных путей,no_equality
8721,reassignments,перемещений,no_equality
8722,reassignments,перепрофилирование,no_equality
8723,reassignments,новых назначениях,no_equality
8724,reassignments,перемещения сотрудников,no_equality
8725,reassignments,перепрофилировать,no_equality
8726,reassignments,новых назначений,no_equality
8727,reassignments,перепрофилирования должностей,no_equality
8728,reassignments,перевода сотрудников,no_equality
8729,reassignments,повторных назначений,réaffectation
8730,reassignments,переуступленных заседаний,no_equality
8731,reassignments,перевода в другое место работы,no_equality
8732,fizzy,шипучий,no_equality
8733,fizzy,газированный,pétillant
8734,fizzy,шипящий,no_equality
8735,fizzy,газированное,no_equality
8736,fizzy,шипучие,no_equality
8737,fizzy,газировка,no_equality
8738,fizzy,газировки,no_equality
8739,fizzy,газировку,soda
8740,fizzy,шипучкой,no_equality
8741,purposed,ставить целью,no_equality
8742,purposed,предназначен,no_equality
8743,purposed,предназначенный,no_equality
8744,pandering,сводничество,proxénétisme
8745,pandering,пособничество,proxénétisme
8746,pandering,потакание,no_equality
8747,pandering,потворство,no_equality
8748,pandering,сутенёрство,no_equality
8749,pandering,потворствуя,no_equality
8750,pandering,связанных со сводничеством,proxénétisme
8751,pandering,потворствовать,no_equality
8752,pandering,угождать,no_equality
8753,pandering,сутенерством,proxénétisme
8754,oilinesses,заболеваний,maladie
8755,oilinesses,заболеваний,affection
8756,oilinesses,заболеваний,trouble
8757,oilinesses,заболеваний,malade
8758,oilinesses,заболеваний,pathologie
8759,oilinesses,заболеваний,infection
8760,oilinesses,болезней,maladie
8761,oilinesses,болезней,affection
8762,oilinesses,болезней,mal
8763,oilinesses,болезней,infection
8764,oilinesses,заболеваниями,maladie
8765,oilinesses,заболеваниями,affection
8766,oilinesses,заболеваниями,infection
8767,oilinesses,заболевания,no_equality
8768,oilinesses,болезни,maladie
8769,oilinesses,болезни,affection
8770,oilinesses,болезни,malade
8771,oilinesses,болезни,mal
8772,oilinesses,болезнями,maladie
8773,oilinesses,болезнями,malade
8774,oilinesses,заболеваниях,maladie
8775,oilinesses,заболеваниях,affection
8776,oilinesses,заболеваниям,maladie
8777,oilinesses,заболеваемости,infection
8778,oilinesses,расстройствами,trouble
8779,oilinesses,болезнях,maladie
8780,oilinesses,болезням,maladie
8781,oilinesses,болезням,pathologie
8782,oilinesses,больных,maladie
8783,oilinesses,больных,malade
8784,oilinesses,расстройства,trouble
8785,oilinesses,расстройств,affection
8786,oilinesses,расстройств,trouble
8787,fleece,руно,toison
8788,fleece,руна,toison
8789,fleece,шерсть,no_equality
8790,fleece,флис,no_equality
8791,fleece,обчистить,escroquer
8792,fleece,шерстяной,en laine
8793,fleece,из овечьей шерсти,no_equality
8794,fleece,руном,no_equality
8795,fleece,надуть,escroquer
8796,fleece,свитер,no_equality
8797,broadness,грубость,no_equality
8798,broadness,ширина,largeur
8799,broadness,широта,largeur
8800,Curies,кюри,curie
8801,blissful,блаженный,bienheureux
8802,blissful,счастливых,heureux
8803,blissful,счастливых,joyeux
8804,blissful,блаженным,no_equality
8805,curly,кудрявый,frisé
8806,curly,кудрявый,curly
8807,curly,вьющиеся,frisé
8808,curly,кёрли,curly
8809,curly,кудряшка,no_equality
8810,curly,курчавый,frisé
8811,curly,курчавый,curly
8812,curly,волнистый,no_equality
8813,curly,вьющимися,frisé
8814,curly,кучерявый,no_equality
8815,curly,карли,no_equality
8816,curly,зайка,no_equality
8817,curly,кудряш,no_equality
8818,curly,кудряшки,no_equality
8819,curly,фигурные,no_equality
8820,Thraces,следы,no_equality
8821,Thraces,следов,no_equality
8822,Thraces,следами,no_equality
8823,Thraces,остатки,no_equality
8824,Thraces,след,no_equality
8825,Thraces,частицы,no_equality
8826,Thraces,признаки,no_equality
8827,Thraces,отслеживает,no_equality
8828,Thraces,прослеживается,no_equality
8829,Thraces,следам,no_equality
8830,Thraces,следа,no_equality
8831,Thraces,остатков,no_equality
8832,Thraces,признаков,no_equality
8833,Thraces,прослеживаются,no_equality
8834,gusty,порывистый,no_equality
8835,ripping,разрывает,déchirer
8836,ripping,разрывает,déchire
8837,ripping,рвет,déchire
8838,ripping,рвет,arrache
8839,ripping,разрывают,no_equality
8840,ripping,оторвал,arracher
8841,ripping,разрывая,no_equality
8842,ripping,грабят,no_equality
8843,ripping,вырывать,no_equality
8844,ripping,рвали,no_equality
8845,ripping,порезки,no_equality
8846,ripping,потрошить,no_equality
8847,ripping,разрыв,déchirure
8848,ripping,рвать,no_equality
8849,ripping,вырвать,no_equality
8850,ripping,разорвать,no_equality
8851,ripping,оторвать,no_equality
8852,rely,полагаться,no_equality
8853,rely,опираться,dépendre
8854,rely,опираться,s'appuyer
8855,rely,опираться,se fonder
8856,rely,опираться,faire appel
8857,rely,зависеть,dépendre
8858,rely,положиться,se fier
8859,rely,положиться,faire confiance
8860,rely,основываться,dépendre
8861,rely,основываться,s'appuyer
8862,rely,основываться,se fonder
8863,rely,прибегать,recourir
8864,rely,прибегать,utiliser
8865,rely,прибегать,faire appel
8866,rely,опереться,no_equality
8867,rely,пользоваться,recourir
8868,rely,пользоваться,utiliser
8869,rely,пользоваться,faire appel
8870,rely,пользоваться,se prévaloir
8871,rely,обращаться,invoquer
8872,rely,обращаться,recourir
8873,rely,обращаться,faire appel
8874,rely,доверять,se fier
8875,rely,доверять,faire confiance
8876,rely,доверять,compter sur
8877,rely,рассчитывают,comptent
8878,rely,рассчитываем,no_equality
8879,rely,основаны,s'appuient
8880,rely,ориентироваться,no_equality
8881,rely,используются,utiliser
8882,Leidens,лейденский,no_equality
8883,Leidens,лейден,leyde
8884,Leidens,лейденской,no_equality
8885,Leidens,лейден,leyde
8886,Leidens,лейденского,no_equality
8887,Leidens,лейдена,leyde
8888,Leidens,лейденская,no_equality
8889,Leidens,лейдене,no_equality
8890,Leidens,лейденском университете,leiden
8891,Leidens,гроция лейденского,no_equality
8892,Leidens,лейденским,no_equality
8893,hotness,сексуальность,sex-appeal
8894,hotness,сексуальность,sexy
8895,hotness,великолепия,no_equality
8896,bosoms,грудь,poitrine
8897,bosoms,груди,sein
8898,bosoms,груди,poitrine
8899,bosoms,лона,no_equality
8900,bosoms,грудей,sein
8901,bosoms,грудей,poitrine
8902,bosoms,сиськи,sein
8903,bosoms,сиськи,poitrine
8904,banish,изгнать,bannir
8905,banish,изгнать,chasser
8906,banish,изгонять,bannir
8907,banish,изгонять,chasser
8908,banish,высылать,no_equality
8909,banish,прогонять,chasser
8910,banish,прогнать,bannir
8911,banish,прогнать,chasser
8912,banish,изгнание,no_equality
8913,intermits,intermiss,no_equality
8914,persuader,средство убеждения,no_equality
8915,persuader,убеждающий,no_equality
8916,Browning,браунинг,browning
8917,Browning,поджаривание,no_equality
8918,Browning,побурение,no_equality
8919,Browning,воронение,no_equality
8920,symbolizes,символизирует,symbolise
8921,symbolizes,символизирует,représente
8922,symbolizes,является символом,symbolise
8923,symbolizes,олицетворяет собой,symbolise
8924,symbolizes,олицетворяет собой,représente
8925,symbolizes,олицетворяет собой,incarne
8926,batter,тесто,pâte
8927,batter,масло,no_equality
8928,batter,бьющий,batteur
8929,batter,мячик,batteur
8930,batter,отбивающий,batteur
8931,batter,бэттер,no_equality
8932,batter,избивать,battre
8933,batter,поколотить,no_equality
8934,batter,дави,no_equality
8935,batter,жидкое,no_equality
8936,batter,жидкой,no_equality
8937,batter,кляре,no_equality
8938,batter,беттер,no_equality
8939,batter,собаколов,no_equality
8940,quarrelled,ссорились,no_equality
8941,quarrelled,произошла ссора,no_equality
8942,quarrelled,поссорился,no_equality
8943,hashing,хэширование,no_equality
8944,hashing,перемешивание,no_equality
8945,paralyzes,парализует,paralyse
8946,convalescing,выздоровление,convalescence
8947,Krishnas,кришнаитов,krishna
8948,budging,шевелится,bouge
8949,budging,шевелится,bouger
8950,budging,двигается с места,bouge
8951,budging,двигается с места,bouger
8952,budging,сдвинусь с места,bouge
8953,matters,вопросам,question
8954,matters,вопросам,matière
8955,matters,вопросы,question
8956,matters,вопросов,question
8957,matters,вопросов,matière
8958,matters,вопросах,question
8959,matters,вопросах,matière
8960,matters,вопросами,question
8961,matters,вопросами,affaire
8962,matters,вопросами,domaine
8963,matters,вопросами,problème
8964,matters,вопросами,aspect
8965,matters,делам,affaire
8966,matters,важно,no_equality
8967,matters,имеет значение,qui compte
8968,matters,имеет значение,qui importe
8969,matters,делах,question
8970,matters,делах,matière
8971,matters,делах,affaire
8972,matters,делах,chose
8973,matters,делах,dossier
8974,matters,дела,affaire
8975,matters,дела,chose
8976,matters,дела,dossier
8977,matters,дела,situation
8978,matters,дел,affaire
8979,matters,дел,dossier
8980,matters,проблем,question
8981,matters,проблем,problème
8982,matters,главное,no_equality
8983,matters,проблемы,problème
8984,matters,сфере,matière
8985,matters,сфере,situation
8986,obtrusiveness,навязчивость,no_equality
8987,environmentally,экологически,no_equality
8988,environmentally,экологически чистый,écologique
8989,environmentally,экологически чистый,respectueuse
8990,hinder,препятствовать,entraver
8991,hinder,препятствовать,empêcher
8992,hinder,препятствовать,gêner
8993,hinder,препятствовать,faire obstacle
8994,hinder,препятствовать,freiner
8995,hinder,препятствовать,nuire
8996,hinder,препятствовать,compromettre
8997,hinder,мешать,entraver
8998,hinder,мешать,empêcher
8999,hinder,мешать,gêner
9000,hinder,мешать,faire obstacle
9001,hinder,мешать,compromettre
9002,hinder,мешать,perturber
9003,hinder,помешать,entraver
9004,hinder,помешать,empêcher
9005,hinder,помешать,gêner
9006,hinder,помешать,faire obstacle
9007,hinder,помешать,nuire
9008,hinder,помешать,compromettre
9009,hinder,помешать,perturber
9010,hinder,затруднять,entraver
9011,hinder,затруднять,gêner
9012,hinder,сдерживать,entraver
9013,hinder,сдерживать,empêcher
9014,hinder,сдерживать,freiner
9015,hinder,воспрепятствовать,entraver
9016,hinder,воспрепятствовать,empêcher
9017,hinder,воспрепятствовать,faire obstacle
9018,hinder,воспрепятствовать,compromettre
9019,hinder,затруднить,entraver
9020,hinder,затруднить,gêner
9021,hinder,затруднить,faire obstacle
9022,hinder,затруднить,freiner
9023,hinder,затруднить,nuire
9024,hinder,тормозить,entraver
9025,hinder,тормозить,freiner
9026,hinder,тормозить,retarder
9027,hinder,тормозить,ralentir
9028,hinder,ограничивать,entraver
9029,hinder,препятствует,entraver
9030,hinder,препятствует,empêcher
9031,hinder,подорвать,entraver
9032,hinder,подорвать,compromettre
9033,hinder,подорвать,perturber
9034,hinder,ограничить,no_equality
9035,hinder,затормозить,entraver
9036,hinder,затормозить,freiner
9037,hinder,затормозить,retarder
9038,hinder,затормозить,ralentir
9039,hinder,создавать препятствия,entraver
9040,hinder,быть помехой,gêner
9041,hinder,подрывают,compromettre
9042,hinder,подрывают,nuisent à
9043,lasciviously,похотливый,no_equality
9044,lasciviously,сладострастный,no_equality
9045,multiplicity,множественность,multiplicité
9046,multiplicity,множественность,pluralité
9047,multiplicity,кратность,no_equality
9048,multiplicity,мультиплетность,no_equality
9049,multiplicity,многоукладность,no_equality
9050,stinky,вонючий,puant
9051,stinky,вонючий,qui pue
9052,stinky,вонючка,puant
9053,stinky,вонючка,qui pue
9054,stinky,вонючка,stinky
9055,stinky,вонючка,crado
9056,stinky,пахучий,no_equality
9057,stinky,зловонный,no_equality
9058,stinky,воняет,puant
9059,stinky,вонючку,no_equality
9060,stinky,стинки,no_equality
9061,distanced,удаленная,no_equality
9062,distanced,ограждены,no_equality
9063,distanced,отдалило,no_equality
9064,distanced,дистанцировались,no_equality
9065,distanced,отдалился,distant
9066,distanced,отошел,no_equality
9067,distanced,дистанцировался,no_equality
9068,distanced,отмежевался,no_equality
9069,distanced,отстранился,no_equality
9070,distanced,дистанцироваться,no_equality
9071,baldies,лысые,no_equality
9072,baldies,лысых,no_equality
9073,credible,надежный,crédible
9074,credible,надежный,fiable
9075,credible,достоверный,crédible
9076,credible,достоверный,fiable
9077,credible,авторитетный,crédible
9078,credible,убедительный,crédible
9079,credible,убедительный,convaincant
9080,credible,заслуживающий доверия,crédible
9081,credible,правдоподобный,crédible
9082,credible,правдоподобный,plausible
9083,credible,заслуживающих доверия,crédible
9084,credible,заслуживающие доверия,crédible
9085,credible,заслуживающего доверия,crédible
9086,credible,заслуживающего доверия,fiable
9087,credible,заслуживающей доверия,crédible
9088,credible,внушающих доверие,no_equality
9089,credible,заслуживающим доверия,crédible
9090,credible,заслуживающим доверия,fiable
9091,credible,заслуживающими доверия,no_equality
9092,credible,пользующихся доверием,no_equality
9093,credible,вызывающих доверие,crédible
9094,circumscribes,ограничивает,no_equality
9095,orating,разглагольствование,no_equality
9096,crippling,сокрушительный,no_equality
9097,crippling,нанесение вреда,no_equality
9098,crippling,парализующая,no_equality
9099,crippling,разрушительные,no_equality
9100,crippling,парализующее,paralysant
9101,crippling,разрушительным,no_equality
9102,crippling,непосильной,no_equality
9103,crippling,парализует,paralyse
9104,crippling,калечащих,no_equality
9105,crippling,наносит ущерб,no_equality
9106,crippling,пагубных,no_equality
9107,crippling,тяжким,écrasant
9108,crippling,пагубное,no_equality
9109,Tenerifes,тенерифе,no_equality
9110,Tenerifes,тенерифе,no_equality
9111,Tenerifes,tenerife,no_equality
9112,palaeontology,палеонтология,no_equality
9113,palaeontology,палеонтологический,no_equality
9114,boning,обвалка,no_equality
9115,boning,обвалочный,no_equality
9116,elongation,удлинение,allongement
9117,elongation,удлинение,prolongement
9118,elongation,удлинение,extension
9119,elongation,удлинением,no_equality
9120,elongation,растяжения,no_equality
9121,elongation,удлинении,no_equality
9122,elongation,относительного удлинения при разрыве,élongation
9123,scan,сканирование,balayage
9124,scan,сканирование,scan
9125,scan,сканирование,scanner
9126,scan,сканирование,numérisation
9127,scan,сканирование,scanographie
9128,scan,снимок,scan
9129,scan,снимок,scanner
9130,scan,скан,scan
9131,scan,скан,scanner
9132,scan,сканер,scanner
9133,scan,сканировать,no_equality
9134,scan,просканировать,no_equality
9135,scan,отсканировать,numériser
9136,scan,томографию,scan
9137,scan,томографию,scanner
9138,scan,просканируйте,no_equality
9139,scan,просканируй,no_equality
9140,scan,узи,no_equality
9141,scan,кт,scan
9142,scan,кт,scanner
9143,scan,рентген,scanner
9144,scan,проверить,no_equality
9145,scan,сетчатки,no_equality
9146,anthropological,антропологический,anthropologique
9147,anthropological,антропологии,no_equality
9148,anthropological,антропологическом,no_equality
9149,anthropological,антропологическая,no_equality
9150,anthropological,антропологическими,no_equality
9151,anthropological,антропологическую,no_equality
9152,anthropological,судебно-антропологических,anthropologique
9153,anthropological,судебно-антропологических,anthropologie
9154,bridged,преодолеть,no_equality
9155,bridged,устранить,no_equality
9156,bridged,ликвидировать,no_equality
9157,bridged,ликвидирован,comblé
9158,bridged,ликвидирован,combler
9159,bridged,преодолены,no_equality
9160,bridged,устранены,no_equality
9161,bridged,преодолен,comblé
9162,bridged,устранен,no_equality
9163,bridged,восполнил,no_equality
9164,bridged,компенсирован,no_equality
9165,bridged,преодолели,no_equality
9166,bridged,преодолена,no_equality
9167,bridged,ликвидированы,no_equality
9168,bridged,преодолеваются,no_equality
9169,catatonia,кататония,catatonie
9170,catatonia,ступор,catatonie
9171,seething,кипящая,no_equality
9172,seething,кипящей,no_equality
9173,seething,бурлящий,no_equality
9174,seething,кипишь,no_equality
9175,seething,кипение,bouillonnement
9176,seething,бурлящим,no_equality
9177,seething,кипящий,no_equality
9178,seething,бурлящие,no_equality
9179,laggards,увальни,no_equality
9180,laggards,отстающих стран,traîne
9181,laggards,«отстающие страны» перестали тянуться,no_equality
9182,laggards,аутсайдерами,no_equality
9183,innovators,новаторов,innovateur
9184,innovators,новаторов,pionnier
9185,innovators,новаторы,innovateur
9186,innovators,новаторами,innovateur
9187,innovators,новаторам,no_equality
9188,innovators,изобретателей,innovateur
9189,innovators,изобретателей,inventeur
9190,innovators,инноваторы,no_equality
9191,innovators,рационализаторов,innovateur
9192,innovators,инноваторов,no_equality
9193,innovators,изобретателям,no_equality
9194,innovators,изобретатели,inventeur
9195,innovators,инновационным предприятиям,no_equality
9196,innovators,инноваций,innovation
9197,innovators,инновационной,novateur
9198,innovators,инновационной,innovation
9199,barrages,плотин,barrage
9200,barrages,плотины,barrage
9201,barrages,заграждения,barrage
9202,barrages,залпами,no_equality
9203,snowballs,снежки,no_equality
9204,snowballs,снежками,no_equality
9205,snowballs,снежков,no_equality
9206,cephalopods,головоногих,no_equality
9207,cephalopods,головоногие,no_equality
9208,cephalopods,цефалоподы,no_equality
9209,immortalized,увековечен,immortalisé
9210,immortalized,увековечили,no_equality
9211,immortalized,увековечил,no_equality
9212,immortalized,увековеченной,no_equality
9213,immortalized,увековечена,immortalisé
9214,immortalized,увековечены,no_equality
9215,immortalized,увековечено,no_equality
9216,immortalized,увековеченного,no_equality
9217,immortalized,увековеченным,no_equality
9218,metatarsals,плюсневых костей,no_equality
9219,volatilized,улетучиваться,no_equality
9220,agreed,согласованный,convenu
9221,agreed,согласованный,arrêté
9222,agreed,согласованный,concerté
9223,agreed,согласованный,agréé
9224,agreed,согласовано,convenu
9225,agreed,установленный,no_equality
9226,agreed,соглашенный,no_equality
9227,agreed,согласившийся,no_equality
9228,agreed,условленный,no_equality
9229,agreed,согласный,no_equality
9230,agreed,договорный,no_equality
9231,agreed,согласованно,no_equality
9232,contuse,путать,no_equality
9233,contuse,запутать,no_equality
9234,contuse,смешивать,no_equality
9235,contuse,смутить,no_equality
9236,contuse,смущать,no_equality
9237,contuse,спутать,no_equality
9238,contuse,запутывать,no_equality
9239,contuse,перепутать,no_equality
9240,contuse,сбивать с толку,no_equality
9241,contuse,запутает,no_equality
9242,contuse,заблуждение,no_equality
9243,procrastinating,тянуть время,no_equality
9244,procrastinating,откладывание,no_equality
9245,procrastinating,тянешь время,no_equality
9246,sociologists,социологов,sociologue
9247,sociologists,социологи,sociologue
9248,sociologists,социологами,sociologue
9249,slowed,снизились,s'est ralentie
9250,slowed,снизились,a diminué
9251,slowed,замедлилась,ralenti
9252,slowed,замедлилась,ralentissement
9253,slowed,замедлилась,s'est ralentie
9254,slowed,замедлились,s'est ralentie
9255,slowed,замедлились,fléchi
9256,slowed,замедлился,s'est ralentie
9257,slowed,замедлилось,s'est ralentie
9258,slowed,замедлили,freiné
9259,slowed,замедлил,ralentit
9260,slowed,замедлило,ralentit
9261,slowed,замедлило,ralentir
9262,slowed,замедляет,ralentit
9263,slowed,замедляет,ralentir
9264,slowed,замедляет,ralentissent
9265,slowed,замедлить,no_equality
9266,slowed,замедлила,no_equality
9267,slowed,снизился,a diminué
9268,slowed,затормозило,no_equality
9269,slowed,замедления темпов,no_equality
9270,slowed,замедляли,no_equality
9271,exhilarating,волнующий,excitant
9272,exhilarating,волновать,no_equality
9273,exhilarating,весело,no_equality
9274,exhilarating,захватывающей,excitant
9275,exhilarating,захватывающей,passionnant
9276,exhilarating,возбуждающе,exaltant
9277,exhilarating,возбуждающе,excitant
9278,exhilarating,волнительно,excitant
9279,exhilarating,волнительно,passionnant
9280,exhilarating,захватывающе,excitant
9281,exhilarating,захватывающе,passionnant
9282,exhilarating,дух захватывает,no_equality
9283,exhilarating,так бодрит,no_equality
9284,exhilarating,подбадривание,no_equality
9285,minute,минута,minute
9286,minute,минута,instant
9287,minute,минута,moment
9288,minute,момент,minute
9289,minute,момент,instant
9290,minute,момент,moment
9291,minute,момент,temps
9292,minute,минутка,minute
9293,minute,минутка,temps
9294,minute,мельчайший,menu
9295,minute,минутный,minute
9296,minute,минуть,no_equality
9297,minute,мин.,no_equality
9298,boundary,граница,limite
9299,boundary,граница,frontière
9300,boundary,граница,bordure
9301,boundary,рамка,bordure
9302,boundary,черта,no_equality
9303,boundary,краевая задача,no_equality
9304,boundary,граница раздела,limite
9305,boundary,граница раздела,frontière
9306,boundary,граница раздела,bordure
9307,boundary,пограничный,no_equality
9308,boundary,краевой,no_equality
9309,boundary,граничный,no_equality
9310,dreadfully,ужасно,terriblement
9311,dreadfully,ужасно,affreusement
9312,dreadfully,ужасно,effroyablement
9313,dreadfully,ужасно,horriblement
9314,dreadfully,ужасно,atrocement
9315,mediateness,посредничество,médiation
9316,type,тип,type
9317,type,тип,genre
9318,type,тип,catégorie
9319,type,тип,sorte
9320,type,тип,espèce
9321,type,шрифт,caractère
9322,type,сорт,catégorie
9323,type,сорт,sorte
9324,type,сорт,espèce
9325,type,способ,no_equality
9326,type,профиль,no_equality
9327,type,типаж,genre
9328,type,вводить,saisir
9329,type,напечатать,taper
9330,type,набрать,taper
9331,type,типовой,no_equality
9332,flours,порошковые смеси,no_equality
9333,flours,мук,no_equality
9334,rushes,набрасывается,no_equality
9335,rushes,устремляется,no_equality
9336,rushes,приливает,no_equality
9337,rushes,спешит,se précipite
9338,rushes,спешит,fonce
9339,rushes,мчится,fonce
9340,rushes,бросается,no_equality
9341,rushes,вбегает,no_equality
9342,rushes,отснятый материал,no_equality
9343,rushes,бежит,no_equality
9344,rushes,спешат,no_equality
9345,flown,доставленный,no_equality
9346,flown,налетевший,no_equality
9347,flown,пролетаемый,no_equality
9348,flown,облетевший,no_equality
9349,flown,залетевший,no_equality
9350,flown,перелетевший,no_equality
9351,flown,пилотируемый,no_equality
9352,flown,управляемый,no_equality
9353,chronologically,хронологически,chronologiquement
9354,chronologically,в хронологическом порядке,chronologiquement
9355,chronologically,в хронологическом порядке,par ordre chronologique
9356,chronologically,хронологический,no_equality
9357,handcuffing,наручники,menotter
9358,handcuffing,наручники,menotte
9359,handcuffing,применение наручников,menotte
9360,handcuffing,использование наручников,menotte
9361,handcuffing,применения наручников,menotte
9362,handcuffing,надевание наручников,menotte
9363,handcuffing,наручниками,no_equality
9364,handcuffing,наручниках,menotte
9365,longest,самый длинный,no_equality
9366,fatiguing,утомительный,no_equality
9367,fatiguing,усталость,no_equality
9368,players,игроков,joueur
9369,players,игроков,acteur
9370,players,игроки,joueur
9371,players,игроки,acteur
9372,players,участников,acteur
9373,players,участников,intervenant
9374,players,участников,protagoniste
9375,players,участников,participant
9376,players,игроками,joueur
9377,players,игроками,acteur
9378,players,субъектов,acteur
9379,players,субъектов,intervenant
9380,players,субъектов,protagoniste
9381,players,субъектов,opérateur
9382,players,участниками,acteur
9383,players,участниками,intervenant
9384,players,участниками,protagoniste
9385,players,участниками,participant
9386,players,игрокам,joueur
9387,players,участники,acteur
9388,players,участники,intervenant
9389,players,субъектами,acteur
9390,players,субъектами,intervenant
9391,players,субъектами,protagoniste
9392,players,действующих лиц,acteur
9393,players,действующих лиц,intervenant
9394,players,действующих лиц,protagoniste
9395,players,игрока,joueur
9396,players,игрока,acteur
9397,players,субъекты,acteur
9398,players,субъекты,intervenant
9399,players,субъекты,protagoniste
9400,players,действующими лицами,acteur
9401,players,действующими лицами,intervenant
9402,players,действующими лицами,protagoniste
9403,players,стороны,acteur
9404,players,стороны,protagoniste
9405,players,партнерами,acteur
9406,players,партнерами,intervenant
9407,galvanism,гальванизация,no_equality
9408,galvanism,гальванизм,no_equality
9409,magnify,увеличивать,no_equality
9410,magnify,усиливать,amplifier
9411,magnify,преувеличивать,exagérer
9412,magnify,возвеличить,no_equality
9413,magnify,приумножить,no_equality
9414,distressingly,удручающе,désespérément
9415,orchards,сады,verger
9416,orchards,садов,verger
9417,orchards,фруктовых садах,no_equality
9418,orchards,садам,no_equality
9419,orchards,рощ,no_equality
9420,orchards,огородах,no_equality
9421,orchards,садоводстве,no_equality
9422,marginalization,маргинализация,marginalisation
9423,marginalization,маргинализация,exclusion
9424,marginalization,маргинализация,marginalisés
9425,marginalization,маргинализация,marginaliser
9426,marginalization,маргинализацией,marginalisation
9427,marginalization,маргинализацией,exclusion
9428,marginalization,маргинализацию,marginalisation
9429,marginalization,отчуждение,no_equality
9430,marginalization,изолирование,marginalisation
9431,marginalization,социальной изоляции,marginalisés
9432,marginalization,вытеснения,no_equality
9433,marginalization,отчужденности,exclusion
9434,marginalization,маргинального положения,marginalisation
9435,marginalization,маргинального положения,marginalité
9436,marginalization,маргинальности,no_equality
9437,marginalization,оттеснения,no_equality
9438,marginalization,социального отчуждения,no_equality
9439,marginalization,обездоленности,marginalisation
9440,marginalization,обездоленности,exclusion
9441,investor,инвестор,investisseur
9442,investor,инвестор,investisseuse
9443,investor,вкладчик,investisseur
9444,investor,между инвесторами,no_equality
9445,investor,инвестиций,investisseur
9446,investor,инвестиций,investissement
9447,investor,инвестиций,investir
9448,investor,инвестиционных,no_equality
9449,investor,investor,no_equality
9450,investor,"""инвестор-государство""",no_equality
9451,investor,страны-инвестора,investisseur
9452,Nubians,нубийцев,nubiens
9453,Nubians,нубийцы,no_equality
9454,Nubians,нубийцам отказано,no_equality
9455,alleviate,облегчить,atténuer
9456,alleviate,облегчить,alléger
9457,alleviate,облегчить,soulager
9458,alleviate,облегчить,réduire
9459,alleviate,облегчить,améliorer
9460,alleviate,облегчить,apaiser
9461,alleviate,смягчить,atténuer
9462,alleviate,смягчить,alléger
9463,alleviate,смягчить,soulager
9464,alleviate,смягчить,réduire
9465,alleviate,смягчить,remédier
9466,alleviate,смягчить,apaiser
9467,alleviate,смягчить,limiter
9468,alleviate,смягчить,adoucir
9469,alleviate,уменьшить,no_equality
9470,alleviate,ослабить,atténuer
9471,alleviate,ослабить,alléger
9472,alleviate,ослабить,soulager
9473,alleviate,ослабить,réduire
9474,alleviate,ослабить,diminuer
9475,alleviate,ослабить,limiter
9476,alleviate,ослабить,calmer
9477,alleviate,снизить,atténuer
9478,alleviate,снизить,alléger
9479,alleviate,снизить,soulager
9480,alleviate,снизить,réduire
9481,alleviate,снизить,diminuer
9482,alleviate,снизить,limiter
9483,alleviate,сократить,atténuer
9484,alleviate,сократить,alléger
9485,alleviate,сократить,réduire
9486,alleviate,сократить,diminuer
9487,alleviate,сократить,limiter
9488,alleviate,облегчать,alléger
9489,alleviate,облегчать,soulager
9490,alleviate,улучшить,remédier
9491,alleviate,улучшить,améliorer
9492,alleviate,облегчения,no_equality
9493,alleviate,облегчению,no_equality
9494,alleviate,уменьшения,no_equality
9495,alleviate,смягчению,no_equality
9496,alleviate,уменьшению,no_equality
9497,alleviate,устранить,réduire
9498,alleviate,устранить,résoudre
9499,alleviate,устранить,éliminer
9500,alleviate,устранить,dissiper
9501,alleviate,снять,apaiser
9502,alleviate,снять,éliminer
9503,alleviate,снять,dissiper
9504,alleviate,смягчать,no_equality
9505,overemphasizes,уделяет чрезмерное внимание,no_equality
9506,crucified,распяли,no_equality
9507,crucified,распят,crucifié
9508,crucified,распят,crucifixion
9509,crucified,распять,no_equality
9510,crucified,распял,no_equality
9511,crucified,распятый,crucifié
9512,crucified,распяты,no_equality
9513,crucified,распятого,crucifié
9514,crucified,распятым,no_equality
9515,crucified,распятия,no_equality
9516,crucified,замученный,no_equality
9517,crucified,распинали,crucifié
9518,crucified,распнут,no_equality
9519,ignitible,чтобы его можно было воспламенить,no_equality
9520,burdened,обременены,no_equality
9521,burdened,обременена,no_equality
9522,burdened,обременен,no_equality
9523,burdened,обремененной,no_equality
9524,burdened,обремененные,no_equality
9525,burdened,перегружены,no_equality
9526,burdened,себе бремя,no_equality
9527,burdened,тяжелое бремя,no_equality
9528,burdened,отягощены,no_equality
9529,burdened,обремененный,no_equality
9530,burdened,обремененными,no_equality
9531,burdened,обременяться,no_equality
9532,burdened,перегружена,no_equality
9533,burdened,обременять себя,no_equality
9534,fearfully,дивно устроен,no_equality
9535,fearfully,захлопывается,no_equality
9536,dined,ужинали,a dîné
9537,dined,ужинали,dîner
9538,dined,ужинали,dînait
9539,dined,обедали,dîner
9540,dined,обедали,dînait
9541,dined,обедали,dînaient
9542,dined,обедал,a dîné
9543,dined,обедал,dîner
9544,dined,обедал,dînait
9545,dined,обедал,dînais
9546,dined,обедала,dînait
9547,dined,обедала,dînais
9548,dined,пообедал,a dîné
9549,dined,поужинал,dîner
9550,dined,пообедали,no_equality
9551,dined,накормили,no_equality
9552,dined,ужинала,a dîné
9553,dined,ужинала,dîner
9554,dined,ужинала,dînais
9555,dined,ужинала,déjeuné
9556,dined,ужинал,a dîné
9557,dined,ужинал,dîner
9558,dined,ужинал,dînait
9559,dined,поужинали,a dîné
9560,dined,поужинали,dîner
9561,dined,поил,no_equality
9562,dined,накормил,no_equality
9563,barnacles,щипцы,no_equality
9564,barnacles,ракушки,coquillage
9565,barnacles,прожорливых пираний,no_equality
9566,barnacles,барнеклов,no_equality
9567,obtained,полученный,obtenu
9568,obtained,найденный,no_equality
9569,obtained,почерпнутый,no_equality
9570,mayor,мэр,maire
9571,mayor,мэр,mayor
9572,mayor,мэр города,maire
9573,mayor,майор,maire
9574,mayor,майор,mayor
9575,mayor,майор,major
9576,mayor,староста,maire
9577,mayor,мэрии,mairie
9578,mayor,бургомистр,bourgmestre
9579,mayor,алькальд,no_equality
9580,mayor,глава города,ville
9581,mayor,градоначальник,no_equality
9582,mayor,алькальда,no_equality
9583,mayor,выборах,no_equality
9584,song,песня,chanson
9585,song,песня,chant
9586,song,песня,morceau
9587,song,песня,musique
9588,song,песня,mélodie
9589,song,песнь,chanson
9590,song,песнь,chant
9591,song,песенка,chanson
9592,song,песенка,chansonnette
9593,song,мелодия,chanson
9594,song,мелодия,musique
9595,song,мелодия,mélodie
9596,song,пение,chanson
9597,song,пение,chant
9598,song,сон,no_equality
9599,song,сун,no_equality
9600,song,песенный,no_equality
9601,song,поют,no_equality
9602,song,песн,no_equality
9603,song,которую,no_equality
9604,song,сонга,no_equality
9605,song,хюна,no_equality
9606,song,song,no_equality
9607,song,хюну,no_equality
9608,defrayed,покрыты,no_equality
9609,defrayed,оплатило,no_equality
9610,defrayed,покрываться,no_equality
9611,defrayed,взяло на себя,no_equality
9612,defrayed,покрыло,no_equality
9613,defrayed,покрывались,no_equality
9614,defrayed,ложатся,no_equality
9615,defrayed,покрыла расходы,no_equality
9616,notarized,нотариально заверенный,certifié
9617,notarized,нотариально заверенных,no_equality
9618,notarized,нотариально заверенное,no_equality
9619,notarized,нотариально заверенного,no_equality
9620,notarized,заверенную,légalisée
9621,notarized,заверенную,certifié
9622,notarized,нотариально заверенная,no_equality
9623,notarized,нотариусу,no_equality
9624,notarized,у нотариуса,no_equality
9625,notarized,нотариально заверенные,no_equality
9626,notarized,нотариально удостоверенное,no_equality
9627,notarized,нотариально заверено,no_equality
9628,notarized,нотариально удостоверенной,no_equality
9629,notarized,нотариально заверен,no_equality
9630,notarized,нотариально заверенными,no_equality
9631,notarized,заверена нотариусом,no_equality
9632,eponymic,экономический,no_equality
9633,eponymic,хозяйственный,no_equality
9634,eponymic,экономики,no_equality
9635,eponymic,экономике,no_equality
9636,eponymic,экономикой,no_equality
9637,eponymic,экономика,no_equality
9638,eponymic,материального,no_equality
9639,eponymic,хозяйствующих,no_equality
9640,eponymic,материальной,no_equality
9641,inject,ввести,injecter
9642,inject,ввести,introduire
9643,inject,придать,insuffler
9644,inject,придать,donner
9645,inject,придать,imprimer
9646,inject,придать,redonner
9647,inject,привнести,insuffler
9648,inject,привнести,introduire
9649,inject,привнести,apporter
9650,inject,вводить,injecter
9651,inject,вводить,introduire
9652,inject,вколоть,injecter
9653,inject,вколоть,piquer
9654,inject,впрыснуть,no_equality
9655,inject,делать себе укол,injection
9656,inject,впрыскивать,injecter
9657,inject,инъекцию,no_equality
9658,inject,вдохнуть,no_equality
9659,inject,употребляющих инъекционные,injectables
9660,inject,употребляющих инъекционные,consomment
9661,inject,придания,donner
9662,inject,придания,imprimer
9663,inject,инъекции,no_equality
9664,intertwined,взаимосвязаны,no_equality
9665,intertwined,переплетаются,no_equality
9666,intertwined,взаимосвязанных,no_equality
9667,intertwined,взаимосвязанными,lié
9668,intertwined,переплетены,no_equality
9669,intertwined,переплетается,no_equality
9670,intertwined,связано,no_equality
9671,intertwined,взаимосвязанные,no_equality
9672,intertwined,переплелись,no_equality
9673,intertwined,переплетена,no_equality
9674,intertwined,переплетаться,no_equality
9675,intertwined,связаны между собой,lié
9676,intertwined,тесно связана,no_equality
9677,Luxemburgs,люксембург,luxembourg
9678,Luxemburgs,люксембурга,luxembourg
9679,Luxemburgs,люксембурга,luxembourgeois
9680,Luxemburgs,люксембурге,luxembourgeois
9681,Luxemburgs,люксембургом,luxembourg
9682,Luxemburgs,люксембургом,luxembourgeois
9683,Luxemburgs,люксембургским,no_equality
9684,Luxemburgs,люксембургский,de luxembourg
9685,Augs,жуков,no_equality
9686,Augs,жуки,no_equality
9687,Augs,ошибки,no_equality
9688,Augs,ошибок,no_equality
9689,Augs,жучки,no_equality
9690,Augs,насекомых,no_equality
9691,Augs,жучков,no_equality
9692,Augs,жуками,no_equality
9693,Augs,насекомые,no_equality
9694,Augs,багз,no_equality
9695,Augs,ошибках,no_equality
9696,Augs,раздражает,no_equality
9697,Augs,бесит,no_equality
9698,Augs,багов,no_equality
9699,Augs,подслушивающие устройства,no_equality
9700,Augs,багс,no_equality
9701,sting,жало,piqûre
9702,sting,жало,aiguillon
9703,sting,жало,dard
9704,sting,ужалить,no_equality
9705,sting,жалить,piquer
9706,sting,стинга,no_equality
9707,sting,укус,piqûre
9708,sting,укус,morsure
9709,sting,боль,douleur
9710,sting,афера,arnaque
9711,sting,стингом,no_equality
9712,sting,больно,no_equality
9713,sting,засаду,guet-apens
9714,guardian,опекун,tuteur
9715,guardian,опекун,gardien
9716,guardian,хранитель,gardien
9717,guardian,хранитель,guardian
9718,guardian,попечитель,tuteur
9719,guardian,попечитель,gardien
9720,guardian,попечитель,curateur
9721,guardian,страж,gardien
9722,guardian,страж,garde
9723,guardian,страж,protecteur
9724,guardian,страж,guardian
9725,guardian,гарант,garant
9726,guardian,стража,gardien
9727,guardian,стража,garde
9728,guardian,стража,guardian
9729,guardian,защитник,gardien
9730,guardian,защитник,protecteur
9731,guardian,гардиан,no_equality
9732,guardian,охранник,gardien
9733,guardian,охранник,garde
9734,guardian,опеки,garde
9735,guardian,опеки,tutelle
9736,guardian,блюстителя,no_equality
9737,guardian,блюстителем,gardien
9738,guardian,опеку,tutelle
9739,guardian,опекуне,no_equality
9740,guardian,настоятель,gardien
9741,ebbs,взлеты,no_equality
9742,nooks,укромных,no_equality
9743,nooks,щели,recoin
9744,nooks,уголков,recoin
9745,nooks,укромные уголки,coin
9746,nooks,уголках,coin
9747,nooks,уголках,recoin
9748,comprehended,постигший,no_equality
9749,comprehended,воспринимаемый,no_equality
9750,lollies,леденцы,sucette
9751,conveyings,передачи,transmission
9752,conveyings,выразить,no_equality
9753,conveyings,транспортировки,transport
9754,conveyings,транспортировки,acheminement
9755,conveyings,транспортировки,transporter
9756,conveyings,передача,transmission
9757,conveyings,выражением,no_equality
9758,conveyings,выражая,no_equality
9759,conveyings,изложением,no_equality
9760,conveyings,распространении,transmission
9761,conveyings,выразив,no_equality
9762,jogging,бег трусцой,jogging
9763,jogging,бег,jogging
9764,jogging,бег,course à pied
9765,jogging,пробежки,no_equality
9766,jogging,бегал,no_equality
9767,jogging,беговой,no_equality
9768,jogging,бегала,no_equality
9769,jogging,бегаешь,no_equality
9770,jogging,пробежек,jogging
9771,jogging,на пробежку,no_equality
9772,jogging,на пробежке,no_equality
9773,jogging,кроссовках,no_equality
9774,jogging,бегает,no_equality
9775,jogging,пробежаться,no_equality
9776,jogging,кроссовок,no_equality
9777,spy,шпион,espion
9778,spy,шпионка,espion
9779,spy,шпионаж,espionnage
9780,spy,соглядатай,no_equality
9781,spy,шпиономания,no_equality
9782,spy,шпионить,espionner
9783,spy,шпионить,épier
9784,spy,следить,no_equality
9785,spy,заметить,no_equality
9786,spy,осматривать,no_equality
9787,spy,шпионский,no_equality
9788,annoyers,раздражает,no_equality
9789,annoyers,раздражен,no_equality
9790,annoyers,раздражена,no_equality
9791,annoyers,раздражало,no_equality
9792,annoyers,недовольный,no_equality
9793,annoyers,раздражал,no_equality
9794,annoyers,разозлился,no_equality
9795,annoyers,раздраженным,no_equality
9796,annoyers,раздражают,no_equality
9797,annoyers,раздражала,no_equality
9798,annoyers,раздражаться,no_equality
9799,annoyers,злился,no_equality
9800,annoyers,раздосадованный,no_equality
9801,annoyers,злишься,no_equality
9802,Seps,шаги,no_equality
9803,Seps,меры,no_equality
9804,Seps,шагов,no_equality
9805,Seps,мер,no_equality
9806,Seps,мерах,no_equality
9807,Seps,шагах,no_equality
9808,Seps,шагами,no_equality
9809,Seps,этапов,no_equality
9810,Seps,шагам,no_equality
9811,Seps,этапы,no_equality
9812,Seps,усилия,no_equality
9813,Seps,шага,no_equality
9814,Seps,действия,no_equality
9815,Seps,мерами,no_equality
9816,Seps,действий,no_equality
9817,bestowing,даруя,no_equality
9818,bestowing,дарующая,no_equality
9819,bestowing,присуждает,no_equality
9820,piastres,пиастров,no_equality
9821,grinners,мельниц,no_equality
9822,grinners,вырубные,no_equality
9823,grinners,шлифовальные станки,no_equality
9824,fiscally,финансово,financièrement
9825,fiscally,финансово,fiscalement
9826,fiscally,фискального,no_equality
9827,fiscally,финансовом отношении,no_equality
9828,fiscally,фискальном отношении,no_equality
9829,fiscally,с фискальной точки зрения,fiscale
9830,sulphur,сера,soufre
9831,sulphur,сера,sulfure
9832,sulphur,сернистый,no_equality
9833,sulphur,серных,soufre
9834,sulphur,серосодержащих,no_equality
9835,sulphur,серным,no_equality
9836,sulphur,серные,no_equality
9837,sulphur,серного,no_equality
9838,quickener,ускорилось,no_equality
9839,quickener,ускорился,no_equality
9840,quickener,ускорились,no_equality
9841,quickener,ускорила,no_equality
9842,quickener,ускорил свой шаг,no_equality
9843,typifies,является типичным примером,no_equality
9844,shunting,шунтирование,no_equality
9845,shunting,маневровых,no_equality
9846,shunting,маневровой работы,no_equality
9847,shunting,маневровые работы,no_equality
9848,shunting,осуществляющие маневровые операции,no_equality
9849,waxwings,предупреждения,no_equality
9850,waxwings,предупреждений,no_equality
9851,waxwings,предупреждение,no_equality
9852,waxwings,предостережения,no_equality
9853,waxwings,оповещения,no_equality
9854,waxwings,предупреждениями,no_equality
9855,waxwings,предупреждениям,no_equality
9856,waxwings,оповещений,no_equality
9857,waxwings,оповещение,no_equality
9858,waxwings,предупреждениях,no_equality
9859,waxwings,предупреждением,no_equality
9860,waxwings,предостережениям,no_equality
9861,waxwings,предостережений,no_equality
9862,ratio,соотношение,rapport
9863,ratio,соотношение,ratio
9864,ratio,соотношение,taux
9865,ratio,соотношение,proportion
9866,ratio,соотношение,pourcentage
9867,ratio,соотношение,nombre
9868,ratio,доля,no_equality
9869,ratio,коэффициент,ratio
9870,ratio,коэффициент,taux
9871,ratio,коэффициент,proportion
9872,ratio,коэффициент,coefficient
9873,ratio,коэффициент,pourcentage
9874,ratio,коэффициент,facteur
9875,ratio,коэффициент,quotient
9876,ratio,коэффициент,indice
9877,ratio,показатель,ratio
9878,ratio,показатель,taux
9879,ratio,показатель,proportion
9880,ratio,показатель,coefficient
9881,ratio,показатель,pourcentage
9882,ratio,показатель,nombre
9883,ratio,показатель,indice
9884,ratio,показатель,pib
9885,ratio,отношение,rapport
9886,ratio,отношение,ratio
9887,ratio,отношения,rapport
9888,ratio,числа,taux
9889,ratio,числа,proportion
9890,ratio,числа,pourcentage
9891,ratio,числа,nombre
9892,ratio,пропорция,proportion
9893,ratio,процент,taux
9894,ratio,процент,proportion
9895,ratio,процент,pourcentage
9896,ratio,процент,nombre
9897,ratio,процент,part
9898,ratio,показатели,taux
9899,ratio,показатели,pourcentage
9900,ratio,показатели,nombre
9901,ratio,составляет,taux
9902,ratio,ввп,pib
9903,ratio,сечение,no_equality
9904,ratio,численности,proportion
9905,ratio,численности,pourcentage
9906,ratio,относительный показатель,taux
9907,ratio,относительный показатель,pourcentage
9908,Adventisms,адвентисты,no_equality
9909,Adventisms,адвентистов,adventiste
9910,Adventisms,адвентиста,adventiste
9911,slackening,ослабление,relâchement
9912,slackening,затишье,no_equality
9913,slackening,провисание,no_equality
9914,slackening,слабеющий,no_equality
9915,Danzigs,данциг,no_equality
9916,Danzigs,данцига,no_equality
9917,Danzigs,дэнзиг,no_equality
9918,Danzigs,данциге,no_equality
9919,Danzigs,данцигом,no_equality
9920,Danzigs,данцигу,no_equality
9921,Danzigs,дэнзига,no_equality
9922,Danzigs,данцигского,no_equality
9923,abominably,отвратительно,no_equality
9924,sufficing,удовлетворение,no_equality
9925,sufficing,хватающий,no_equality
9926,kneeling,на коленях,no_equality
9927,kneeling,на колени,no_equality
9928,kneeling,стояние на коленях,agenouillée
9929,kneeling,опускания пола,no_equality
9930,kneeling,преклонил колени,no_equality
9931,kneeling,преклонить колени,no_equality
9932,backfired,провалился,a raté
9933,backfired,провалился,a foiré
9934,backfired,провалился,a échoué
9935,backfired,аукнулось,no_equality
9936,backfired,привело к обратному результату,no_equality
9937,backfired,имела неприятные последствия,no_equality
9938,backfired,идея провалилась,a foiré
9939,backfired,идея провалилась,a échoué
9940,backfired,иметь неприятные последствия,no_equality
9941,backfired,боком,no_equality
9942,backfired,обжигался,no_equality
9943,backfired,пошло не так,a foiré
9944,poetic,поэтический,poétique
9945,poetic,поэтический,poésie
9946,poetic,поэтически,no_equality
9947,plungers,выдавливателей,no_equality
9948,plungers,плунжеров,no_equality
9949,vagaries,капризов,no_equality
9950,vagaries,превратностей,aléa
9951,vagaries,превратностей,caprice
9952,vagaries,превратностей,vicissitude
9953,vagaries,превратности,no_equality
9954,vagaries,колебаний,fluctuation
9955,vagaries,капризы,caprice
9956,vagaries,капризами,no_equality
9957,vagaries,превратностям,no_equality
9958,vagaries,непредсказуемости,no_equality
9959,vagaries,превратностями,vicissitude
9960,vagaries,причуды,caprice
9961,vagaries,прихотей,caprice
9962,vagaries,капризам,no_equality
9963,vagaries,неустойчивость,no_equality
9964,vagaries,неустойчивости,no_equality
9965,vagaries,колебаниями,fluctuation
9966,microeconomicss,микроэкономика,no_equality
9967,microeconomicss,микроэкономику,no_equality
9968,overtook,обогнала,no_equality
9969,overtook,опередил,a dépassé
9970,overtook,опередил,a devancé
9971,overtook,обогнали,no_equality
9972,overtook,обогнал,no_equality
9973,child,ребёнок,enfant
9974,child,ребёнок,gosse
9975,child,ребёнок,gamin
9976,child,детская,enfance
9977,child,детская,infantile
9978,child,детская,enfantine
9979,child,детская,juvénile
9980,child,девочка,no_equality
9981,child,дитя,enfant
9982,child,дитя,fil
9983,child,дитя,bébé
9984,child,дитя,petit
9985,child,дитя,gosse
9986,child,дитя,gamin
9987,child,дочь,enfant
9988,child,дочь,fille
9989,child,дочь,bébé
9990,child,дочь,gosse
9991,child,дочь,gamin
9992,child,мальчик,enfant
9993,child,мальчик,fil
9994,child,мальчик,bébé
9995,child,мальчик,petit
9996,child,мальчик,gosse
9997,child,мальчик,gamin
9998,child,детка,bébé
9999,child,детка,gamin
10000,child,несовершеннолетний,no_equality
10001,child,ребенка,enfant
10002,child,ребенка,enfance
10003,child,ребенка,fille
10004,child,ребенка,bébé
10005,child,ребенка,mineur
10006,child,ребенка,gosse
10007,child,ребенка,gamin
10008,child,детского,no_equality
10009,child,ребенком,enfant
10010,child,ребенком,fille
10011,child,ребенком,bébé
10012,child,ребенком,petit
10013,child,ребенком,gosse
10014,child,ребенком,gamin
10015,child,детский,enfant
10016,child,ребенку,enfant
10017,child,ребенку,fil
10018,child,ребенку,bébé
10019,child,ребенку,gosse
10020,child,ребенку,gamin
10021,child,дети,enfant
10022,child,дети,fil
10023,child,дети,bébé
10024,child,дети,mineur
10025,child,дети,gosse
10026,child,дети,gamin
10027,child,детства,enfant
10028,child,ребенке,enfant
10029,child,ребенке,fil
10030,child,ребенке,bébé
10031,child,ребенке,gamin
10032,child,детстве,enfance
10033,child,детстве,bébé
10034,child,деточка,bébé
10035,child,деточка,gamin
10036,child,потомок,no_equality
10037,child,детище,bébé
10038,spittoons,плевательницы,no_equality
10039,forwardness,раннее развитие,no_equality
10040,brains,мозги,cerveau
10041,brains,мозги,cervelle
10042,brains,мозги,intelligence
10043,brains,мозги,tête
10044,brains,мозги,neurone
10045,brains,мозг,no_equality
10046,brains,мозгов,intelligence
10047,brains,мозгов,intelligent
10048,brains,мозгами,cerveau
10049,brains,мозгами,cervelle
10050,brains,мозгами,esprit
10051,brains,мозга,cerveau
10052,brains,мозга,cervelle
10053,brains,мозга,tête
10054,brains,мозга,neurone
10055,brains,мозга,cérébral
10056,brains,ум,cerveau
10057,brains,ум,intelligence
10058,brains,ум,tête
10059,brains,мозгом,cerveau
10060,brains,мозгах,cerveau
10061,brains,мозге,cerveau
10062,brains,мозгу,cerveau
10063,brains,мозгу,tête
10064,brains,голову,cerveau
10065,brains,голову,cervelle
10066,brains,голову,tête
10067,brains,голову,crâne
10068,brains,ума,cerveau
10069,brains,ума,intelligence
10070,brains,ума,tête
10071,brains,голове,cerveau
10072,brains,голове,tête
10073,brains,голове,crâne
10074,brains,мозгам,no_equality
10075,brains,умы,cerveau
10076,CVS,cvs,no_equality
10077,CVS,резюме,cv
10078,CVS,резюме,curriculum vitae
10079,CVS,резюме,c.v
10080,CVS,система параллельных версий,no_equality
10081,CVS,ппо,no_equality
10082,CVS,аптеке,pharmacie
10083,mils,мл,no_equality
10084,mils,миллилитров,no_equality
10085,mils,мг,milligramme
10086,mils,мил,no_equality
10087,curators,кураторов,no_equality
10088,curators,кураторы,no_equality
10089,curators,кураторами,no_equality
10090,curators,попечители,curateur
10091,curators,кураторам,no_equality
10092,curators,попечителей,no_equality
10093,curators,хранителей,conservateur
10094,curators,хранители,no_equality
10095,curators,смотрителей,no_equality
10096,piloted,экспериментальном порядке,no_equality
10097,piloted,экспериментальной основе,expérimentation
10098,piloted,опробованы,mis à l'essai
10099,piloted,опробована,expérimenté
10100,piloted,опробована,testé
10101,piloted,опробована,mis à l'essai
10102,piloted,опробован,testé
10103,piloted,опробован,mis à l'essai
10104,piloted,порядке эксперимента,no_equality
10105,piloted,пилотировал,no_equality
10106,piloted,пилотировать,no_equality
10107,piloted,вести,no_equality
10108,piloted,пилотируемых,no_equality
10109,piloted,экспериментальном режиме,no_equality
10110,piloted,апробированы,no_equality
10111,swishy,женоподобным,no_equality
10112,imparted,преподаются,no_equality
10113,imparted,упора,no_equality
10114,imparted,поделились,no_equality
10115,imparted,предоставляемого,dispensé
10116,imparted,прививается,no_equality
10117,imparted,прививаются,no_equality
10118,imparted,переданной,no_equality
10119,look,посмотреть,regarder
10120,look,посмотреть,voir
10121,look,смотреть,regarder
10122,look,смотреть,voir
10123,look,выглядеть,sembler
10124,look,выглядеть,paraître
10125,look,выглядеть,avoir l'air
10126,look,взглянуть,regarder
10127,look,взглянуть,voir
10128,look,похоже,ressembler
10129,look,похоже,paraître
10130,look,искать,regarder
10131,look,искать,chercher
10132,look,глядеть,regarder
10133,look,поискать,regarder
10134,look,поискать,chercher
10135,look,взгляд,air
10136,look,взгляд,regard
10137,look,взгляд,look
10138,look,взгляд,coup d'oeil
10139,look,взгляд,expression
10140,look,вид,air
10141,look,вид,regard
10142,look,вид,look
10143,look,вид,aspect
10144,look,вид,mine
10145,look,выражение,expression
10146,look,посмотрим,regarder
10147,look,так,no_equality
10148,look,слушай,no_equality
10149,look,послушай,no_equality
10150,look,слушайте,no_equality
10151,look,послушайте,no_equality
10152,look,похож,ressembler
10153,look,приглядывать,no_equality
10154,look,заглядывать,regarder
10155,look,приглядеться,no_equality
10156,look,приглядеть,no_equality
10157,look,взор,regard
10158,look,выражение лица,no_equality
10159,look,взирать,no_equality
10160,weaklings,слабаки,faible
10161,weaklings,слабаков,faible
10162,weaklings,слабакам,no_equality
10163,sidekicks,шестерок,no_equality
10164,outings,экскурсии,no_equality
10165,outings,прогулки,promenade
10166,outings,прогулки,balade
10167,inspects,инспектирует,inspecte
10168,inspects,проверяет,inspecte
10169,inspects,проверяет,examine
10170,inspects,проверяет,vérifie
10171,inspects,проводит инспекции,no_equality
10172,inspects,осматривает,inspecte
10173,inspects,осматривает,examine
10174,inspects,инспекцию,inspecter
10175,inspects,инспекцию,inspection
10176,inspects,исследует,inspecte
10177,inspects,осуществляет проверку,no_equality
10178,inspects,инспектирование,no_equality
10179,sophistries,измышления,no_equality
10180,sophistries,ухищрений,no_equality
10181,sophistries,софистики,no_equality
10182,esophageal,пищеводный,no_equality
10183,esophageal,пищеводе,no_equality
10184,esophageal,разрыв пищевода,no_equality
10185,Bloomsburys,блумсбери,no_equality
10186,Bloomsburys,школа bloomsbury,no_equality
10187,spooking,спугнуть,effrayer
10188,spooking,пугать,effrayer
10189,currentness,актуальность,actualité
10190,meaningfully,реально,véritablement
10191,meaningfully,реально,efficacement
10192,meaningfully,реально,réellement
10193,meaningfully,реально,effectivement
10194,meaningfully,реально,sérieusement
10195,meaningfully,реально,concrètement
10196,meaningfully,конструктивно,façon constructive
10197,meaningfully,эффективно,utilement
10198,meaningfully,эффективно,véritablement
10199,meaningfully,эффективно,efficacement
10200,meaningfully,эффективно,réellement
10201,meaningfully,эффективно,effectivement
10202,meaningfully,эффективно,concrètement
10203,meaningfully,значимый вклад,no_equality
10204,meaningfully,реального,no_equality
10205,meaningfully,конструктивное участие,no_equality
10206,meaningfully,значимое участие,no_equality
10207,meaningfully,весомый вклад,no_equality
10208,meaningfully,предметно,no_equality
10209,meaningfully,реальное участие,no_equality
10210,meaningfully,содержательно,no_equality
10211,meaningfully,осмысленно,no_equality
10212,meaningfully,реальный вклад,no_equality
10213,meaningfully,существенного,no_equality
10214,meaningfully,эффективного,no_equality
10215,discontinuance,прекращение,suppression
10216,discontinuance,прекращение,cessation
10217,discontinuance,прекращение,abandon
10218,discontinuance,прекращение,interruption
10219,discontinuance,упразднение,suppression
10220,charges,обвинения,poursuite
10221,charges,обвинений,no_equality
10222,charges,обвинению,no_equality
10223,charges,обвинениям,charge
10224,charges,обвинениям,chefs d'accusation
10225,charges,сборов,frai
10226,charges,сборы,frai
10227,charges,сборы,redevance
10228,charges,сборы,droit
10229,charges,обвинение,plainte
10230,charges,обвинение,poursuite
10231,charges,расходы,charge
10232,charges,расходы,dépense
10233,charges,расходы,facture
10234,charges,расходов,frai
10235,charges,расходов,charge
10236,charges,расходов,dépense
10237,charges,обвинениями,charge
10238,charges,обвинениями,chefs d'accusation
10239,charges,платежей,frai
10240,charges,платежей,charge
10241,charges,платежей,redevance
10242,charges,платежей,taxe
10243,charges,платежей,dépense
10244,charges,обвинениях,no_equality
10245,charges,платежи,redevance
10246,charges,ответственности,charge
10247,charges,заряды,no_equality
10248,cheat,изменять,tromper
10249,cheat,обмануть,tricher
10250,cheat,обмануть,tromper
10251,cheat,обмануть,arnaquer
10252,cheat,обмануть,mentir
10253,cheat,обмануть,rouler
10254,cheat,обмануть,escroquer
10255,cheat,обмануть,duper
10256,cheat,обмануть,frauder
10257,cheat,обманывать,tricher
10258,cheat,обманывать,tromper
10259,cheat,обманывать,arnaquer
10260,cheat,обманывать,mentir
10261,cheat,обманывать,escroquer
10262,cheat,обманывать,duper
10263,cheat,обманывать,flouer
10264,cheat,жульничать,no_equality
10265,cheat,мухлевать,tricher
10266,cheat,обман,fraude
10267,cheat,обман,tricherie
10268,cheat,мошенник,tricheur
10269,cheat,мошенник,fraude
10270,cheat,мошенник,imposteur
10271,cheat,обманщик,tricheur
10272,cheat,обманщик,imposteur
10273,cheat,изменил,tromper
10274,cheat,сжульничать,no_equality
10275,cheat,надуть,tromper
10276,cheat,надуть,arnaquer
10277,cheat,надуть,rouler
10278,cheat,надуть,escroquer
10279,cheat,надуть,duper
10280,cheat,мошенничать,tricher
10281,cheat,жулик,tricheur
10282,cheat,жулик,fraude
10283,cheat,жулик,imposteur
10284,cheat,шулер,tricheur
10285,cheat,обманщица,tricheur
10286,cheat,плут,imposteur
10287,cheat,мошенничество,fraude
10288,cheat,обдурить,tromper
10289,cheat,обдурить,duper
10290,cheat,обжуливать,no_equality
10291,chapped,обветренный,no_equality
10292,chapped,потрескавшийся,no_equality
10293,chapped,потрескались,no_equality
10294,chapped,потрескавшиеся,no_equality
10295,chapped,потрескавшейся,no_equality
10296,chapped,трескаются,no_equality
10297,chapped,потрескавшимися,no_equality
10298,chapped,задело,no_equality
10299,posers,позеров,no_equality
10300,posers,позёры,no_equality
10301,posers,павлины,no_equality
10302,circularise,округлость,no_equality
10303,circularise,порочного круга,no_equality
10304,material,материал,matériau
10305,material,материал,matière
10306,material,материал,documentation
10307,material,материал,tissu
10308,material,материал,étoffe
10309,material,вещество,matière
10310,material,вещество,substance
10311,material,сырье,no_equality
10312,material,принадлежность,no_equality
10313,material,материальный,matériel
10314,material,существенный,significatif
10315,material,существенный,substantiel
10316,material,существенный,essentiel
10317,material,имущественный,no_equality
10318,material,материаловедческий,no_equality
10319,material,Materials,no_equality
10320,material,материально,no_equality
10321,reeled,рулонный,no_equality
10322,molassess,патока,mélasse
10323,molassess,меласса,mélasse
10324,molassess,мелассу,no_equality
10325,molassess,патоке,no_equality
10326,molassess,сиропом,no_equality
10327,molassess,молассы,no_equality
10328,Sufism,суфизм,no_equality
10329,Sufism,суфизме,no_equality
10330,lordships,светлости,seigneurie
10331,lordships,милорды,no_equality
10332,speculatively,спекулятивно,no_equality
10333,speculatively,умозрительно,no_equality
10334,riddance,избавление,débarras
10335,impersonates,считаешь,no_equality
10336,fractured,перелом,no_equality
10337,fractured,сломал,no_equality
10338,fractured,сломана,no_equality
10339,fractured,сломаны,cassé
10340,fractured,сломала,no_equality
10341,fractured,проломлен,fracturé
10342,fractured,раздробленной,fracturé
10343,fractured,раздробленной,fragmenté
10344,fractured,сломанных,fêlé
10345,fractured,сломанные,cassé
10346,fractured,сломали,fracturé
10347,fractured,раздроблен,fracturé
10348,fractured,раздроблен,fragmenté
10349,fractured,сломан,fracturé
10350,fractured,сломан,brisé
10351,let,позволить,no_equality
10352,let,дать,laisser
10353,let,дать,faire
10354,let,отпустить,no_equality
10355,let,позволять,laisser
10356,let,позволять,permettre
10357,let,позволять,autoriser
10358,let,оставить,laisser
10359,let,пускать,no_equality
10360,let,допустить,laisser
10361,let,допустить,permettre
10362,let,допустить,autoriser
10363,let,разрешать,laisser
10364,let,разрешать,permettre
10365,let,разрешать,autoriser
10366,let,давайте,no_equality
10367,let,пусть,laisse-le
10368,let,пусть,laissez-le
10369,let,чтобы,no_equality
10370,let,так,no_equality
10371,let,дай-ка,laisse-moi
10372,let,дай-ка,laissez-moi
10373,let,разрешил,no_equality
10374,let,дали,no_equality
10375,monitoring,мониторинг,surveillance
10376,monitoring,мониторинг,suivi
10377,monitoring,мониторинг,contrôle
10378,monitoring,мониторинг,monitoring
10379,monitoring,мониторинг,observation
10380,monitoring,мониторинг,supervision
10381,monitoring,мониторинг,contrôler
10382,monitoring,мониторинг,suivre
10383,monitoring,мониторинг,surveille
10384,monitoring,контроль,no_equality
10385,monitoring,наблюдение,surveillance
10386,monitoring,наблюдение,suivi
10387,monitoring,наблюдение,contrôle
10388,monitoring,наблюдение,observation
10389,monitoring,наблюдение,supervision
10390,monitoring,отслеживание,surveillance
10391,monitoring,отслеживание,suivi
10392,monitoring,надзор,surveillance
10393,monitoring,надзор,contrôle
10394,monitoring,надзор,supervision
10395,monitoring,проверка,contrôle
10396,monitoring,проверка,vérification
10397,monitoring,контролирование,contrôle
10398,monitoring,контрольный,no_equality
10399,monitoring,наблюдения за,supervision
10400,monitoring,контролю за,supervision
10401,monitoring,наблюдательный,no_equality
10402,monitoring,контроле за,no_equality
10403,monitoring,контролировать,no_equality
10404,monitoring,наблюдении за,surveillance
10405,monitoring,наблюдении за,contrôle
10406,monitoring,наблюдении за,observation
10407,monitoring,следить за,no_equality
10408,monitoring,отслеживать,no_equality
10409,monitoring,мониторинговый,no_equality
10410,derides,высмеивает,ridiculise
10411,confines,рамки,cadre
10412,confines,пределах,limite
10413,confines,пределах,frontière
10414,confines,ограничивается,no_equality
10415,confines,пределы,limite
10416,confines,рамок,cadre
10417,confines,ограничивает,no_equality
10418,confines,рамками,no_equality
10419,sent,послал,no_equality
10420,sent,отправил,expédié
10421,sent,направил,no_equality
10422,sent,прислал,no_equality
10423,sent,направлены,no_equality
10424,sent,отправили,no_equality
10425,sent,послали,no_equality
10426,sent,отправила,no_equality
10427,sent,направила,no_equality
10428,sent,направлено,no_equality
10429,sent,направлен,renvoyé
10430,sent,прислали,no_equality
10431,sent,послала,no_equality
10432,sent,направили,no_equality
10433,sent,направленный,no_equality
10434,idiom,идиома,idiome
10435,idiom,идиоматический оборот,no_equality
10436,idiom,идиоматическое выражение,no_equality
10437,edginess,нервозность,nervosité
10438,edginess,ограниченность,no_equality
10439,enlarging,расширение,élargissement
10440,enlarging,расширение,agrandissement
10441,enlarging,расширение,augmentation
10442,enlarging,расширение,élargi
10443,enlarging,расширение,extension
10444,enlarging,увеличение,augmentation
10445,enlarging,увеличение,extension
10446,enlarging,расширить,élargir
10447,enlarging,расширить,agrandir
10448,enlarging,расширить,augmenter
10449,enlarging,расширить,étendre
10450,enlarging,расширяя,no_equality
10451,aberrant,отклоняться,no_equality
10452,aberrant,сбиться,no_equality
10453,aberrant,девиантным,déviant
10454,aberrant,аномальные,no_equality
10455,aberrant,отклоняющееся,no_equality
10456,aberrant,ошибочных,no_equality
10457,aberrant,аберрантное,no_equality
10458,aberrant,аберрантная,no_equality
10459,aberrant,ненормальное,anormal
10460,aberrant,вопиющие,no_equality
10461,aberrant,отвратительные,no_equality
10462,aberrant,противоправных,no_equality
10463,emboldens,только поощряет,no_equality
10464,eyeshots,прививки,vacciné
10465,eyeshots,уколы,no_equality
10466,eyeshots,мои выстрелы,no_equality
10467,hitching,сцепка,no_equality
10468,hitching,зацепление,no_equality
10469,hitching,присоединение,no_equality
10470,pollute,загрязнять,no_equality
10471,pollute,загрязнить,no_equality
10472,pollute,осквернить,contaminer
10473,pollute,осквернить,souiller
10474,pollute,засорять,no_equality
10475,pollute,привести к загрязнению,polluer
10476,pollute,отравляют,no_equality
10477,pollute,загрязняешь,no_equality
10478,pollute,загрязняла,no_equality
10479,pollute,загрязнение,no_equality
10480,pollute,выбросы,no_equality
10481,pollute,загрязнением,no_equality
10482,CPUS,процессоров,processeur
10483,CPUS,процессоры,processeur
10484,CPUS,процессорами,no_equality
10485,CPUS,процессора,no_equality
10486,fertilizers,удобрений,engrais
10487,fertilizers,удобрений,fertilisant
10488,fertilizers,удобрения,engrais
10489,fertilizers,удобрениями,engrais
10490,fertilizers,удобрениях,engrais
10491,fertilizers,удобрениям,no_equality
10492,surprising,удивительный,surprenant
10493,surprising,удивительный,étonnant
10494,surprising,неожиданный,inattendu
10495,surprising,удивление,surprise
10496,surprising,удивление,étonne
10497,surprising,удивление,étonnement
10498,surprising,удивляет,surprenant
10499,surprising,удивляет,étonnant
10500,surprising,удивляет,surpris
10501,surprising,ничего удивительного,no_equality
10502,surprising,удивлять,no_equality
10503,surprising,удивить,no_equality
10504,surprising,удивительно,no_equality
10505,surprising,сюрприз,surprise
10506,surprising,сюрприз,surprendre
10507,surprising,вызывает удивления тот факт,surprenant
10508,surprising,удивило,surprenant
10509,surprising,удивило,étonnant
10510,surprising,поразительно,surprenant
10511,surprising,вызывают удивления,no_equality
10512,surprising,удивляют,no_equality
10513,distribute,распространять,distribuer
10514,distribute,распространять,diffuser
10515,distribute,распространять,répandre
10516,distribute,распространять,diffusion
10517,distribute,распространять,communiquer
10518,distribute,распространять,partager
10519,distribute,раздавать,distribuer
10520,distribute,рассылать,distribuer
10521,distribute,распределяться,répartition
10522,distribute,поставлять,fournir
10523,distribute,разместить,no_equality
10524,distribute,продавать,revendre
10525,distribute,передавать,diffuser
10526,distribute,передавать,remettre
10527,distribute,передавать,communiquer
10528,distribute,передавать,transmettre
10529,distribute,разделить,répartir
10530,distribute,разделить,partager
10531,distribute,разбросать,no_equality
10532,distribute,заниматься распространением,no_equality
10533,quads,квадрицепсы,no_equality
10534,quads,квады,no_equality
10535,quads,квадрицепсах,no_equality
10536,equivocation,двусмысленностей,ambiguïté
10537,equivocation,двусмысленности,ambiguïté
10538,equivocation,уклончивость,no_equality
10539,equivocation,безоговорочно,no_equality
10540,equivocation,колебаний,tergiversation
10541,jibes,ответ получил насмешки,raillerie
10542,jibes,ответ получил насмешки,moquerie
10543,excited,возбужденный,no_equality
10544,excited,восхищенный,no_equality
10545,excited,увлеченный,enthousiaste
10546,excited,возбужденно,no_equality
10547,excited,экзальтированный,no_equality
10548,composition,состав,composition
10549,composition,состав,composé
10550,composition,сочинение,composition
10551,composition,сочинение,essai
10552,composition,построение,no_equality
10553,composition,компоновка,no_equality
10554,composition,смесь,composé
10555,composition,смесь,mélange
10556,composition,сложение,no_equality
10557,composition,компонентный состав,composition
10558,composition,композиционный,no_equality
10559,composition,композиционно,no_equality
10560,collided,столкнулись,se sont heurtés
10561,collided,столкнулся,no_equality
10562,collided,столкнулась,no_equality
10563,collided,столкнулось,no_equality
10564,collided,врезался,a heurté
10565,collided,врезался,a percuté
10566,forgiven,простил,no_equality
10567,forgiven,простила,no_equality
10568,forgiven,прощен,pardonné
10569,forgiven,прощен,pardonner
10570,forgiven,простить,no_equality
10571,forgiven,прощены,no_equality
10572,forgiven,простили,pardonner
10573,forgiven,прощения,no_equality
10574,forgiven,прощено,no_equality
10575,forgiven,прощена,pardonné
10576,forgiven,прощаю,no_equality
10577,forgiven,простит,pardonner
10578,forgiven,простит,pardonnerait
10579,forgiven,прощенным,pardonné
10580,forgiven,прощается,no_equality
10581,forgiven,забыто,no_equality
10582,forgiven,прощал,no_equality
10583,cobbling,ремонт,réparation
10584,manicures,маникюр,manucure
10585,manicures,маникюром,no_equality
10586,manicures,маникюра,manucure
10587,evaporates,испаряется,s'évapore
10588,evaporates,испарится,s'évapore
10589,evaporates,испарится,vaporisé
10590,destabilisation,дестабилизации,déstabilisation
10591,destabilisation,дестабилизации,déstabiliser
10592,confidence,доверие,confiance
10593,confidence,доверие,foi
10594,confidence,убежденность,certitude
10595,confidence,убежденность,convaincu
10596,confidence,убежденность,conviction
10597,confidence,убежденность,convaincue
10598,confidence,вера,confiance
10599,confidence,вера,conviction
10600,confidence,вера,foi
10601,confidence,самоуверенность,confiance
10602,confidence,самоуверенность,assurance
10603,confidence,самоуверенность,confiant
10604,confidence,конфиденциальность,confidentielle
10605,confidence,достоверность,fiabilité
10606,confidence,укрепление доверия,no_equality
10607,confidence,степень достоверности,fiabilité
10608,confidence,доверительная вероятность,no_equality
10609,confidence,доверительный,no_equality
10610,thrusting,подталкивание,poussée
10611,thrusting,навязывание,no_equality
10612,thrusting,колющий,no_equality
10613,thrusting,толкающий,no_equality
10614,thrusting,двигавшийся,no_equality
10615,prepose,предлагаемый,no_equality
10616,prepose,предлагается,no_equality
10617,prepose,предлагаемого,no_equality
10618,prepose,предлагаемых,no_equality
10619,prepose,предлагаемые,no_equality
10620,prepose,предложил,no_equality
10621,prepose,предлагаемой,no_equality
10622,prepose,предлагает,no_equality
10623,prepose,предложено,no_equality
10624,prepose,предложила,no_equality
10625,prepose,предлагаемая,no_equality
10626,prepose,предложенные,no_equality
10627,prepose,предложение,no_equality
10628,prepose,предложенных,no_equality
10629,prepose,предлагаемом,no_equality
10630,school,школа,école
10631,school,школа,lycée
10632,school,школа,fac
10633,school,школа,faculté
10634,school,школа,school
10635,school,образование,école
10636,school,образование,enseignement
10637,school,образование,scolarité
10638,school,колледж,école
10639,school,колледж,lycée
10640,school,колледж,collège
10641,school,колледж,fac
10642,school,колледж,faculté
10643,school,колледж,université
10644,school,учеба,école
10645,school,обучение,école
10646,school,обучение,enseignement
10647,school,факультет,no_equality
10648,school,училище,école
10649,school,университет,no_equality
10650,school,школьный,scolaire
10651,school,школьный,de l'école
10652,school,учебный,scolaire
10653,school,учебное заведение,école
10654,school,учебное заведение,université
10655,school,учебное заведение,établissement scolaire
10656,school,учебное заведение,académie
10657,school,учиться,étude
10658,school,учиться,cour
10659,school,институт,université
10660,school,занятия,école
10661,school,занятия,enseignement
10662,school,курсы,école
10663,school,курсы,enseignement
10664,school,стая,banc
10665,school,направление,no_equality
10666,capacitors,конденсаторов,condensateur
10667,capacitors,конденсаторы,condensateur
10668,capacitors,конденсаторах,condensateur
10669,capacitors,конденсаторам,no_equality
10670,capacitors,конденсаторами,no_equality
10671,capacitors,накопителей,no_equality
10672,capacitors,беляков,no_equality
10673,capacitors,конденсатор,condensateur
10674,capacitors,супер-конденсаторы,condensateur
10675,racketeering,рэкет,racket
10676,racketeering,вымогательство,racket
10677,racketeering,вымогательство,escroquerie
10678,racketeering,махинации,no_equality
10679,racketeering,рекет,racket
10680,racketeering,рэкетирстве,no_equality
10681,enlivener,оживили,no_equality
10682,vaulting,прыжки,saut
10683,vaulting,прыжки с шестом,saut
10684,attired,одеты,no_equality
10685,allocated,выделено,alloué
10686,allocated,выделено,affecté
10687,allocated,выделено,consacré
10688,allocated,выделено,accordé
10689,allocated,выделено,reçu
10690,allocated,выделяемых,alloué
10691,allocated,выделяемых,affecté
10692,allocated,выделяемых,consacré
10693,allocated,выделенных,alloué
10694,allocated,выделенных,affecté
10695,allocated,выделены,alloué
10696,allocated,выделены,affecté
10697,allocated,выделены,accordé
10698,allocated,выделены,reçu
10699,allocated,выделяются,no_equality
10700,allocated,выделяется,no_equality
10701,allocated,выделенные,alloué
10702,allocated,выделенные,affecté
10703,allocated,выделяемые,alloué
10704,allocated,выделяемые,affecté
10705,allocated,распределяются,réparti
10706,allocated,выделена,alloué
10707,allocated,выделена,attribué
10708,allocated,выделена,affecté
10709,allocated,выделена,consacré
10710,allocated,выделена,réservé
10711,allocated,распределены,alloué
10712,allocated,распределены,réparti
10713,allocated,выделялись,allouer
10714,allocated,ассигнований,no_equality
10715,allocated,выделен,alloué
10716,allocated,выделен,affecté
10717,allocated,выделен,accordé
10718,allocated,выделенный,no_equality
10719,bone,кость,os
10720,bone,кость,arête
10721,bone,костяк,ossature
10722,bone,останки,os
10723,bone,костяшка,no_equality
10724,bone,костный,osseux
10725,fondling,ласки,no_equality
10726,fondling,ласка,caresse
10727,fondling,ласкал,caressais
10728,fondling,ласкаешь,no_equality
10729,fondling,тискаться,no_equality
10730,fondling,ласкала,no_equality
10731,fondling,ласкает,caresse
10732,fondling,более ласк,no_equality
10733,redactor,составитель текста,rédacteur
10734,redactor,редактор,rédacteur
10735,yearning,стремление,désir
10736,yearning,стремление,aspiration
10737,yearning,тоска,nostalgie
10738,yearning,томление,no_equality
10739,yearning,тяга,no_equality
10740,yearning,острая тоска,no_equality
10741,yearning,склонность,no_equality
10742,yearning,тоскует,no_equality
10743,yearning,сильное желание,désir
10744,yearning,жаждущие,no_equality
10745,yearning,жаждала,no_equality
10746,yearning,тосковать,no_equality
10747,yearning,тосковала,no_equality
10748,yearning,жаждущего,no_equality
10749,yearning,изгоев,no_equality
10750,Gargantuas,гигантский,gigantesque
10751,Gargantuas,колоссальная,no_equality
10752,fuelling,разжигание,no_equality
10753,fuelling,заправка,no_equality
10754,fuelling,заправочный,no_equality
10755,fuelling,заправка топливом,ravitaillement
10756,fuelling,заправка топливом,station-service
10757,fuelling,подпитывает,alimente
10758,fuelling,подпитывает,alimentant
10759,fuelling,подпитывает,attiser
10760,fuelling,подпитывает,attise
10761,fuelling,подпитывает,nourrit
10762,fuelling,подпитывают,no_equality
10763,fuelling,подпитывая,alimentant
10764,fuelling,разжигает,alimente
10765,fuelling,разжигает,attise
10766,fuelling,разжигает,nourrit
10767,fuelling,подпитывании,no_equality
10768,payoffs,взяток,pot-de-vin
10769,payoffs,взяток,pots de vin
10770,payoffs,откаты,no_equality
10771,payoffs,откатами,no_equality
10772,payoffs,взятки,pots de vin
10773,payoffs,отдачу,no_equality
10774,payoffs,отдача,no_equality
10775,payoffs,взятках,no_equality
10776,Prussia,пруссии,no_equality
10777,Prussia,пруссия,prusse
10778,Prussia,пруссию,prusse
10779,Prussia,пруссией,no_equality
10780,Prussia,кинг-оф-пруссии,no_equality
10781,variabilities,изменчивости,variabilité
10782,distracting,отвлекающий,no_equality
10783,distracting,отвлечение,no_equality
10784,resentment,негодование,ressentiment
10785,resentment,негодование,colère
10786,resentment,чувство обиды,ressentiment
10787,resentment,неприязнь,ressentiment
10788,resentment,неприязнь,rancune
10789,resentment,неприязнь,animosité
10790,resentment,неприязнь,hostilité
10791,surveyed,рассмотренный,no_equality
10792,surveyed,обследованный,no_equality
10793,surveyed,опрошенный,no_equality
10794,surveyed,обозреваемый,no_equality
10795,repined,изысканный,no_equality
10796,repined,рафинированный,no_equality
10797,repined,уточнены,no_equality
10798,repined,уточнить,no_equality
10799,repined,уточняться,no_equality
10800,repined,уточнение,no_equality
10801,repined,уточнения,no_equality
10802,repined,усовершенствовать,no_equality
10803,repined,совершенствование,no_equality
10804,repined,совершенствовать,no_equality
10805,repined,усовершенствована,no_equality
10806,repined,уточнен,no_equality
10807,repined,усовершенствованы,no_equality
10808,repined,уточнена,no_equality
10809,repined,утончённый,no_equality
10810,aristocratic,аристократический,aristocratique
10811,shallowing,обмеление,no_equality
10812,slayings,убийствах,meurtre
10813,replicas,точных копий,réplique
10814,excerpted,привела выдержки из,no_equality
10815,addressees,адресатов,destinataire
10816,addressees,адресатам,no_equality
10817,addressees,адресатами,destinataire
10818,addressees,адресаты,no_equality
10819,addressees,адресатах,no_equality
10820,murmur,ропот,no_equality
10821,murmur,шум,no_equality
10822,murmur,журчание,no_equality
10823,murmur,жужжание,no_equality
10824,murmur,шептание,no_equality
10825,murmur,роптать,no_equality
10826,murmur,шептать,murmurer
10827,expeditious,оперативный,rapide
10828,expeditious,оперативный,rapidement
10829,expeditious,скорейшего,rapide
10830,expeditious,скорейшего,prompte
10831,expeditious,скорейшего,meilleurs délais
10832,expeditious,скорейшего,sans tarder
10833,expeditious,скорейшего,accélérer
10834,expeditious,скорейшего,promptement
10835,expeditious,скорейшего,prompt
10836,expeditious,скорейшему,rapide
10837,expeditious,скорейшему,prompte
10838,expeditious,скорейшему,sans tarder
10839,expeditious,скорейшему,rapidement
10840,expeditious,скорейшему,accélérer
10841,expeditious,скорейшему,promptement
10842,expeditious,скорейшему,sans délai
10843,expeditious,скорейшее,rapide
10844,expeditious,скорейшее,prompte
10845,expeditious,скорейшее,meilleurs délais
10846,expeditious,скорейшее,sans tarder
10847,expeditious,скорейшее,rapidement
10848,expeditious,скорейшее,promptement
10849,expeditious,скорейшее,sans délai
10850,expeditious,быстрого,rapide
10851,expeditious,быстрого,prompte
10852,expeditious,быстрого,rapidité
10853,expeditious,быстрого,rapidement
10854,expeditious,быстрого,accélérer
10855,expeditious,скорейшей,rapide
10856,expeditious,скорейшей,prompte
10857,expeditious,скорейшей,accélérer
10858,expeditious,оперативность,no_equality
10859,expeditious,быстрое,rapide
10860,expeditious,быстрое,prompte
10861,expeditious,быстрое,rapidité
10862,expeditious,быстрое,rapidement
10863,expeditious,быстрое,prompt
10864,expeditious,быстро,no_equality
10865,expeditious,быстрому,rapide
10866,expeditious,быстрому,rapidement
10867,expeditious,быстрому,accélérer
10868,expeditious,быстрым,rapide
10869,expeditious,быстрым,rapidement
10870,expeditious,быстрой,rapide
10871,expeditious,быстрой,rapidement
10872,expeditious,ускоренного,accéléré
10873,expeditious,быстрых,rapide
10874,expeditious,быстрых,rapidement
10875,expeditious,безотлагательное,rapide
10876,expeditious,безотлагательное,sans tarder
10877,expeditious,безотлагательное,sans délai
10878,Steins,штейна,no_equality
10879,vapours,паров,vapeur
10880,vapours,пары,vapeur
10881,vapours,пары,fumée
10882,kindergartens,детских садов,jardins d'enfants
10883,kindergartens,детских садов,écoles maternelles
10884,kindergartens,детских садов,crèche
10885,kindergartens,детских садов,jardins d'enfant
10886,kindergartens,детские сады,jardins d'enfants
10887,kindergartens,детские сады,écoles maternelles
10888,kindergartens,детские сады,jardin d'enfants
10889,kindergartens,детских садах,jardins d'enfants
10890,kindergartens,детских садах,écoles maternelles
10891,kindergartens,детских садах,jardin d'enfants
10892,kindergartens,детских садах,crèche
10893,kindergartens,детских сада,jardins d'enfants
10894,kindergartens,детских сада,écoles maternelles
10895,kindergartens,детским садам,no_equality
10896,kindergartens,детскими садами,jardins d'enfants
10897,kindergartens,детский сад,jardin d'enfants
10898,kindergartens,детский сад,crèche
10899,kindergartens,детский сад,maternelle
10900,kindergartens,детский сад,garderie
10901,kindergartens,детсады,no_equality
10902,kindergartens,дошкольных детских учреждений,écoles maternelles
10903,kindergartens,дошкольных детских учреждений,crèche
10904,kindergartens,яслях,crèche
10905,kindergartens,яслях,garderie
10906,stationing,размещение,déploiement
10907,stationing,размещение,placement
10908,stationing,командирование,no_equality
10909,stationing,дислоцирование,no_equality
10910,pugilistic,кулачный,no_equality
10911,pugilistic,нарываюсь,no_equality
10912,hajis,хаджи,hadji
10913,griefs,вражда,no_equality
10914,Santiagoes,сантьяго,santiago
10915,rides,аттракционы,manège
10916,rides,аттракционы,attraction
10917,rides,ездит на,chevauche
10918,rides,поездок,trajet
10919,rides,поездок,déplacement
10920,rides,поездки,no_equality
10921,rides,едет,no_equality
10922,rides,аттракционов,manège
10923,rides,аттракционов,attraction
10924,rides,аттракционах,no_equality
10925,rides,катается,no_equality
10926,rides,карусели,manège
10927,rides,горки,no_equality
10928,rides,тачки,no_equality
10929,rides,поедет,monte
10930,rides,ездить,trajet
10931,rides,аттракционами,no_equality
10932,rides,скачет на,chevauche
10933,granddaughters,внучки,no_equality
10934,granddaughters,внучек,petite-fille
10935,granddaughters,внучками,no_equality
10936,granddaughters,внучкам,no_equality
10937,granddaughters,внучках,no_equality
10938,ala,ала,ala
10939,ala,алу,ala
10940,ala,аля,no_equality
10941,ala,ala,no_equality
10942,hammer,молоток,no_equality
10943,hammer,молот,marteau
10944,hammer,молот,masse
10945,hammer,хаммер,no_equality
10946,hammer,хаммера,no_equality
10947,hammer,молоточек,marteau
10948,hammer,курок,no_equality
10949,hammer,забить,enfoncer
10950,hammer,забить,frapper
10951,hammer,забивать,no_equality
10952,hammer,стучать,frapper
10953,hammer,кувалда,marteau
10954,hammer,кувалда,masse
10955,hammer,хаммером,marteau
10956,hammer,хаммеру,no_equality
10957,lacerate,рвать,déchirer
10958,lacerate,ранить,no_equality
10959,lacerate,раздирать,no_equality
10960,pitchforks,вилами,fourche
10961,pitchforks,вилы,fourche
10962,pitchforks,вил,fourche
10963,pitchforks,вилах,no_equality
10964,chorions,горизонты,no_equality
10965,chorions,горизонтов,no_equality
10966,chorions,кругозор,no_equality
10967,chorions,перспективы,no_equality
10968,chorions,горизонтам,no_equality
10969,chorions,горизонтах,no_equality
10970,chorions,horizons,no_equality
10971,chorions,хорайзонс,no_equality
10972,chorions,кругозора,no_equality
10973,chorions,перспектив,no_equality
10974,chorions,горизонт,no_equality
10975,chorions,периоды,no_equality
10976,rehabilitative,реабилитационный,rééducation
10977,rehabilitative,реабилитации,réadaptation
10978,rehabilitative,реабилитации,rééducation
10979,rehabilitative,реабилитации,réinsertion
10980,rehabilitative,реабилитации,réhabilitation
10981,rehabilitative,коррекционных,rééducation
10982,rehabilitative,реабилитацию,réadaptation
10983,rehabilitative,реабилитацию,rééducation
10984,rehabilitative,реабилитацию,réinsertion
10985,rehabilitative,реабилитацию,réhabilitation
10986,profanation,осквернение,profanation
10987,profanation,профанация,no_equality
10988,discontented,недовольный,mécontent
10989,ejections,выбросы,no_equality
10990,ejections,частотность выбрасывания из транспортного средства,no_equality
10991,ejections,корональной,no_equality
10992,Saigons,сайгон,saigon
10993,Saigons,сайгоне,saigon
10994,Saigons,сайгона,saigon
10995,Saigons,сайгонский,no_equality
10996,Saigons,сайгонском,no_equality
10997,systemizing,систематизирование,no_equality
10998,systemizing,систематизации,systématisation
10999,systemizing,систематизации,systématiser
11000,persecutors,преследователей,persécuteur
11001,persecutors,преследователи,persécuteur
11002,persecutors,преследователями,no_equality
11003,persecutors,гонителям,no_equality
11004,yells,выкрики,cri
11005,digitalized,цифровой,no_equality
11006,digitalized,оцифрованы,no_equality
11007,digitalized,цифровых технологий,no_equality
11008,digitalized,оцифровано,no_equality
11009,digitalized,цифровом формате,no_equality
11010,nebulous,туманный,no_equality
11011,Georgians,грузин,géorgien
11012,Georgians,грузины,géorgien
11013,Georgians,грузинами,géorgien
11014,Georgians,грузинам,no_equality
11015,Georgians,граждане грузии,no_equality
11016,Georgians,граждан грузии,no_equality
11017,Georgians,жителей грузии,géorgien
11018,attics,чердаки,no_equality
11019,attics,чердаках,no_equality
11020,attics,чердаке,comble
11021,attics,чердаке,grenier
11022,attics,чердаке,mansarde
11023,attics,чердак,grenier
11024,attics,мансарды,no_equality
11025,attics,чердаков,no_equality
11026,aviation,авиация,aviation
11027,aviation,авиационный,no_equality
11028,circles,кругах,cercle
11029,circles,кругах,milieu
11030,circles,кругах,sphère
11031,circles,кругов,no_equality
11032,circles,круги,cercle
11033,circles,круги,milieu
11034,circles,круги,rond
11035,circles,круги,cerne
11036,circles,круги,groupe
11037,circles,кружки,cercle
11038,circles,по кругу,tour
11039,circles,по кругу,circulaire
11040,circles,круга,cercle
11041,circles,кружков,cercle
11042,circles,круг,cercle
11043,circles,круг,rond
11044,circles,круг,tour
11045,circles,кругам,milieu
11046,circles,кругами,cercle
11047,circles,кругами,milieu
11048,circles,окружности,no_equality
11049,circles,кружках,cercle
11050,circles,окружностей,no_equality
11051,circles,кружочки,cercle
11052,circles,среде,milieu
11053,fidgeting,ёрзать,no_equality
11054,fidgeting,нервничаешь,nervosité
11055,fidgeting,волнение,no_equality
11056,fidgeting,вертеться,no_equality
11057,descanted,спустился,no_equality
11058,descanted,спустились,no_equality
11059,descanted,спускались,no_equality
11060,descanted,погрузилась,no_equality
11061,descanted,обрушился,no_equality
11062,descanted,погрузился,no_equality
11063,descanted,опустилась,no_equality
11064,descanted,спустилась,no_equality
11065,descanted,происхожу,no_equality
11066,descanted,сошел,no_equality
11067,descanted,опустился,no_equality
11068,descanted,потомок,no_equality
11069,descanted,произошел,no_equality
11070,propositions,предложения,proposition
11071,propositions,предложений,proposition
11072,propositions,тезисов,thèse
11073,propositions,предложениях,proposition
11074,propositions,предложениями,proposition
11075,obviousness,очевидность,évidence
11076,obviousness,несомненность,no_equality
11077,huddling,ютящийся,no_equality
11078,load,нагрузка,charge
11079,load,нагрузка,fardeau
11080,load,груз,charge
11081,load,груз,chargement
11082,load,груз,fardeau
11083,load,груз,cargaison
11084,load,загрузка,chargement
11085,load,загруженность,surcharge
11086,load,распределение нагрузки,no_equality
11087,load,наносы,no_equality
11088,load,загружать,charger
11089,load,нагружать,charger
11090,load,зарядить,charger
11091,load,зарядить,recharger
11092,load,подгружать,no_equality
11093,load,грузовой,no_equality
11094,load,нагрузочный,no_equality
11095,pats,пэтс,pat
11096,pats,петс,no_equality
11097,pats,пэт,pat
11098,pats,патс,no_equality
11099,pats,хлопает,tape
11100,pats,шлепает,no_equality
11101,pats,похлопывает,no_equality
11102,ruins,руинах,ruine
11103,ruins,руинах,cendre
11104,ruins,руины,ruine
11105,ruins,руин,ruine
11106,ruins,руин,décombres
11107,ruins,развалины,no_equality
11108,ruins,портит,ruine
11109,ruins,портит,gâche
11110,ruins,портит,détruit
11111,ruins,развалинах,ruine
11112,ruins,разрушает,ruine
11113,ruins,разрушает,gâche
11114,ruins,разрушает,détruit
11115,ruins,развалин,ruine
11116,ruins,развалин,décombres
11117,ruins,руинами,no_equality
11118,ruins,разрушит,ruine
11119,ruins,разрушит,détruit
11120,ruins,испортит,ruine
11121,ruins,испортит,gâche
11122,ruins,рушит,ruine
11123,ruins,рушит,gâche
11124,ruins,рушит,détruit
11125,ruins,развалинам,no_equality
11126,ruins,развалинами,no_equality
11127,ruins,руинам,no_equality
11128,baptisms,крещения,baptême
11129,baptisms,крестины,baptême
11130,baptisms,крещение,baptême
11131,baptisms,крещении,no_equality
11132,baptisms,баптистов,no_equality
11133,amicability,дружелюбие,no_equality
11134,refrigerating,холодильный,no_equality
11135,refrigerating,охлаждение,no_equality
11136,refrigerating,холодильная установка,no_equality
11137,refrigerating,охлаждающий,no_equality
11138,embarrassments,позором,honte
11139,patellas,коленных чашечек,rotule
11140,patellas,коленных чашечках,rotule
11141,tither,либо,no_equality
11142,tither,тоже,no_equality
11143,tither,как,no_equality
11144,tither,будь то,no_equality
11145,tither,также,no_equality
11146,tither,или,no_equality
11147,tither,ни,no_equality
11148,tither,любой,no_equality
11149,tither,обоих,no_equality
11150,tither,любой из,no_equality
11151,tither,каждый,no_equality
11152,tither,обеих,no_equality
11153,tither,так,no_equality
11154,tither,качестве,no_equality
11155,tither,одного,no_equality
11156,bobs,бобы,no_equality
11157,bobs,bobs,no_equality
11158,bobs,всякую всячину,no_equality
11159,extinguisher,огнетушитель,extincteur
11160,assimilate,ассимилировать,assimiler
11161,assimilate,уподоблять,assimiler
11162,assimilate,приравнивать,assimiler
11163,assimilate,освоить,no_equality
11164,assimilate,воспринять,no_equality
11165,assimilate,уподобляться,no_equality
11166,Rebekahs,ребекка,rebekah
11167,Rebekahs,ребекка,rebecca
11168,Rebekahs,ребека,rebekah
11169,Rebekahs,ребека,rebecca
11170,Rebekahs,ребекку,rebekah
11171,Rebekahs,ребекку,rebecca
11172,Rebekahs,ребекки,no_equality
11173,Rebekahs,ребеккой,rebekah
11174,Rebekahs,ребеккой,rebecca
11175,Rebekahs,ребекке,rebekah
11176,Rebekahs,ребекке,rebecca
11177,Rebekahs,реббека,rebekah
11178,Rebekahs,реббека,rebecca
11179,Rebekahs,ребеку,rebekah
11180,Rebekahs,ребеке,rebekah
11181,Rebekahs,ребеке,rebecca
11182,extroverts,экстраверты,extraverti
11183,extroverts,экстравертов,no_equality
11184,poisoned,отравленный,empoisonné
11185,poisoned,отравившийся,no_equality
11186,poisoned,отравляемый,no_equality
11187,sides,стороны,côté
11188,sides,стороны,partie
11189,sides,стороны,parti
11190,sides,стороны,camp
11191,sides,стороны,part
11192,sides,стороны,aspect
11193,sides,сторон,côté
11194,sides,сторон,partie
11195,sides,сторон,parti
11196,sides,сторонами,partie
11197,sides,сторонами,parti
11198,sides,сторонами,camp
11199,sides,сторонам,côté
11200,sides,сторонам,parti
11201,sides,сторонам,camp
11202,sides,сторонах,no_equality
11203,sides,бокам,flanc
11204,sides,чью-либо сторону,no_equality
11205,sides,стороне,côté
11206,sides,стороне,partie
11207,sides,стороне,bord
11208,sides,стороне,parti
11209,sides,стороне,camp
11210,sides,частях,no_equality
11211,sides,боков,no_equality
11212,sides,граней,face
11213,sides,граней,aspect
11214,sides,краям,côté
11215,sides,краям,bord
11216,sides,бортах,no_equality
11217,sides,бортов,paroi
11218,sides,сторона,côté
11219,sides,сторона,partie
11220,sides,сторона,face
11221,sides,сторона,camp
11222,sides,сторона,part
11223,sides,сторона,aspect
11224,armories,арсеналах,arsenal
11225,armories,арсеналов,arsenal
11226,aestheticss,эстетика,esthétique
11227,aestheticss,внешний вид,aspect
11228,aestheticss,внешний вид,apparence
11229,aestheticss,эстетических,esthétique
11230,aestheticss,эстетические,esthétique
11231,aestheticss,эстетичность,no_equality
11232,aestheticss,эстетическими,no_equality
11233,aestheticss,самостроя,no_equality
11234,aestheticss,улучшению эстетического облика,no_equality
11235,aestheticss,эстетичности,no_equality
11236,cornfields,кукурузные поля,no_equality
11237,cornfields,кукурузных полей,no_equality
11238,homebodies,домоседы,no_equality
11239,amphibians,амфибии,amphibien
11240,amphibians,земноводных,amphibien
11241,amphibians,земноводные,amphibien
11242,amphibians,земноводные,amphibie
11243,amphibians,амфибиям,no_equality
11244,reappraising,переоценке,no_equality
11245,expectation,ожидание,attente
11246,expectation,ожидание,anticipation
11247,expectation,надежда,espoir
11248,expectation,надежда,espérance
11249,expectation,предположение,no_equality
11250,expectation,ожидаемый результат,no_equality
11251,expectation,чаяние,no_equality
11252,expectation,расчет,no_equality
11253,expectation,математическое ожидание,attente
11254,expectation,математическое ожидание,anticipation
11255,bicycler,велосипедист,cycliste
11256,Gregory,грегори,gregory
11257,Gregory,грэгори,gregory
11258,Gregory,григорий,grégoire
11259,Gregory,григорий,gregory
11260,Gregory,григория,grégoire
11261,Gregory,ригорий,grégoire
11262,Gregory,ригорий,gregory
11263,protrusion,выступ,saillie
11264,protrusion,выпячивание,no_equality
11265,indexer,индексатора,no_equality
11266,indexer,индексации,indexation
11267,deviate,отклоняться,dévier
11268,deviate,отклоняться,s'écarter
11269,deviate,отклоняться,déroger
11270,deviate,отходить,s'écarter
11271,deviate,отходить,déroger
11272,deviate,отходить,s'éloigner
11273,deviate,отступать,s'écarter
11274,deviate,отступать,déroger
11275,deviate,отличаться,s'écarter
11276,deviate,отличаться,différer
11277,deviate,отличаться,varier
11278,deviate,отклониться,dévier
11279,deviate,отклониться,s'écarter
11280,deviate,отклонять,dévier
11281,deviate,отклонение,no_equality
11282,bridgeable,выявились преодолимые,no_equality
11283,deteriorated,ухудшения,no_equality
11284,deteriorated,обострилась,no_equality
11285,deteriorated,ухудшилось,se dégrade
11286,deteriorated,ухудшилось,se détériorait
11287,deteriorated,ухудшилась,se détériorait
11288,deteriorated,ухудшилась,empirer
11289,deteriorated,ухудшились,dégradée
11290,deteriorated,ухудшились,se détériorer
11291,deteriorated,ухудшение,no_equality
11292,deteriorated,ухудшается,no_equality
11293,deteriorated,ухудшился,no_equality
11294,deteriorated,ухудшением,no_equality
11295,deteriorated,ухудшалась,no_equality
11296,deteriorated,ухудшении,no_equality
11297,deteriorated,ухудшению,no_equality
11298,deteriorated,поврежденного,no_equality
11299,deteriorated,ухудшаются,no_equality
11300,deteriorated,обострилось,no_equality
11301,retards,замедляет,retarde
11302,retards,замедляет,ralentit
11303,retards,замедляет,freine
11304,retards,тормозит,retarde
11305,retards,тормозит,ralentit
11306,retards,тормозит,freine
11307,retards,задерживает,no_equality
11308,retards,недоумков,no_equality
11309,retards,приводит к замедлению,no_equality
11310,retards,дебилы,attardé
11311,retards,дебилов,no_equality
11312,retards,дебила,no_equality
11313,retards,психи,no_equality
11314,exuberating,перечисления,énumération
11315,exuberating,перечисления,énumérer
11316,exuberating,перечисление,énumération
11317,exuberating,перечисление,énumérer
11318,exuberating,перечислив,no_equality
11319,exuberating,перечислении,énumération
11320,exuberating,перечисляя,no_equality
11321,exuberating,которой перечисляются,no_equality
11322,exuberating,перечисляющие,no_equality
11323,exuberating,одного переписанного,no_equality
11324,exuberating,перечисляющая,no_equality
11325,metallurgic,металлургический,no_equality
11326,tanneries,кожевенное производство,no_equality
11327,tanneries,кожевенных заводов,no_equality
11328,tanneries,отходами дубильного производства,no_equality
11329,tanneries,кожевенных заводах,no_equality
11330,tanneries,кожевенные заводы,no_equality
11331,banding,объединение,no_equality
11332,banding,соединение,no_equality
11333,banding,нанесение полос,no_equality
11334,banding,диапазонов,no_equality
11335,banding,диапазоны,no_equality
11336,banding,диапазонах,fourchettes élargies
11337,banding,объединившись,no_equality
11338,UFO,нло,no_equality
11339,sorbents,сорбентов,sorbants
11340,sorbents,сорбенты,sorbants
11341,sorbents,поглощающую,no_equality
11342,sorbents,сорбентах,no_equality
11343,sorbents,сорбентами,no_equality
11344,counselled,получили консультации,no_equality
11345,counselled,получивших консультации,conseil
11346,counselled,советует,no_equality
11347,counselled,предоставляются консультации,conseil
11348,counselled,консультирование,no_equality
11349,counselled,советовали,no_equality
11350,counselled,консультативные услуги,no_equality
11351,counselled,советуют,no_equality
11352,negotiates,ведет переговоры,négocie
11353,negotiates,ведет переговоры,négocier
11354,negotiates,согласовывает,négocie
11355,negotiates,проводит переговоры,no_equality
11356,negotiates,договаривается,négocie
11357,singling,пикировка,no_equality
11358,singling,отбирать,no_equality
11359,singling,выделил,no_equality
11360,speeds,скорости,vitesse
11361,speeds,скорости,rythme
11362,speeds,скорости,rapidité
11363,speeds,скорости,vélocité
11364,speeds,скоростях,vitesse
11365,speeds,скорость,vitesse
11366,speeds,скорость,accélère
11367,speeds,скорость,accélérer
11368,speeds,скорость,rapidité
11369,speeds,скорость,vélocité
11370,speeds,скоростей,vitesse
11371,speeds,скоростей,débit
11372,speeds,скоростью,vitesse
11373,speeds,скоростью,rythme
11374,speeds,скоростью,allure
11375,speeds,скоростью,rapidité
11376,speeds,темпами,vitesse
11377,speeds,темпами,rapidité
11378,speeds,скоростями,vitesse
11379,speeds,ускоряет,accélère
11380,speeds,ускоряет,accélérer
11381,speeds,скоростям,no_equality
11382,speeds,оборотов,vitesse
11383,speeds,оборотов,régime
11384,speeds,оборотов,tour
11385,raiser,сборщик,no_equality
11386,raiser,Райзер,no_equality
11387,expends,тратит,dépense
11388,biosynthetic,биосинтетический,no_equality
11389,biosynthetic,биосинтетические,no_equality
11390,sandblasting,пескоструйная обработка,no_equality
11391,sandblasting,пескоструйная очистка,no_equality
11392,sandblasting,пескания,no_equality
11393,slipper,туфелька,pantoufle
11394,slipper,туфелька,chaussure
11395,slipper,туфелька,soulier
11396,slipper,тапочки,pantoufle
11397,slipper,тапочки,chaussure
11398,slipper,тапочек,pantoufle
11399,slipper,тапочек,chausson
11400,slipper,туфля,pantoufle
11401,slipper,туфля,chaussure
11402,slipper,туфля,soulier
11403,slipper,тапок,pantoufle
11404,slipper,тапок,chaussure
11405,slipper,тапочка,no_equality
11406,slipper,башмак,chaussure
11407,slipper,башмак,sabot
11408,slipper,башмак,soulier
11409,slipper,тапочке,chausson
11410,slipper,тапка,no_equality
11411,slipper,бане,no_equality
11412,slipper,тапком,pantoufle
11413,hurled,бросали,lançaient
11414,hurled,забросали,ont lancé
11415,hurled,швырнул,jeta
11416,hurled,стали бросать,ont lancé
11417,hurled,брошено,no_equality
11418,hurled,выкрикивали,no_equality
11419,hurled,швырнула,no_equality
11420,hurled,применили,no_equality
11421,hurled,забросаны,no_equality
11422,hurled,бросилась,no_equality
11423,talons,когти,serre
11424,talons,когти,griffe
11425,talons,когтями,serre
11426,talons,когтями,griffe
11427,talons,когтей,serre
11428,talons,когтей,griffe
11429,talons,когтях,griffe
11430,populates,заполняет,remplit
11431,doubly,вдвойне,doublement
11432,doubly,вдвойне,double
11433,doubly,двойную выгоду,double
11434,doubly,вдвое более,no_equality
11435,doubly,абсолютные гарантии,no_equality
11436,doubly,двойной,no_equality
11437,expressionist,экспрессионист,no_equality
11438,strands,стружка,no_equality
11439,crawls,ползет,rampe
11440,crawls,ползает,no_equality
11441,crawls,заползает,no_equality
11442,crawls,залезает,no_equality
11443,crawls,приползет,no_equality
11444,crawls,полз,no_equality
11445,crawls,выползает,no_equality
11446,crawls,сползает,no_equality
11447,crawls,вылезает,no_equality
11448,crawls,выполз,no_equality
11449,puffins,тупиками,no_equality
11450,dens,норы,no_equality
11451,dens,притоны,no_equality
11452,dens,гнезда,no_equality
11453,dens,дэнс,no_equality
11454,dens,притонов для,no_equality
11455,dens,логовах,no_equality
11456,dens,притонах,no_equality
11457,dens,убежищах,no_equality
11458,squeamishness,щепетильность,no_equality
11459,squeamishness,брезгливость,no_equality
11460,peninsular,полуостровной,no_equality
11461,peninsular,полуострове,no_equality
11462,peninsular,полуострова,no_equality
11463,peninsular,полуостровной части,no_equality
11464,peninsular,полуостров,no_equality
11465,outpaces,опережает,no_equality
11466,inspirations,вдохновение,inspiration
11467,inspirations,вдохновении,no_equality
11468,eggheads,умники,intellectuel
11469,eggheads,яйцеголовые,no_equality
11470,eggheads,умников,intellectuel
11471,eggheads,яйцеголовых,no_equality
11472,eggheads,яйцеголовый,no_equality
11473,completions,завершенных,achevé
11474,completions,дополнениями,no_equality
11475,completions,оборудованных скважин,no_equality
11476,interpellate,делать запрос,no_equality
11477,Tartaruses,тартар,no_equality
11478,Tartaruses,тартара,no_equality
11479,Tartaruses,тартару,au tartare
11480,Tartaruses,тартаром,no_equality
11481,Tartaruses,тартарусе,au tartare
11482,Tartaruses,тартаре,no_equality
11483,stuffed,фаршированный,no_equality
11484,stuffed,плюшевый,en peluche
11485,stuffed,набитый,no_equality
11486,stuffed,чучело,no_equality
11487,stuffed,засунул,coincé
11488,stuffed,запихнул,no_equality
11489,stuffed,засунули,fourré
11490,stuffed,засунула,no_equality
11491,stuffed,запихнули,fourré
11492,stuffed,затолкали,no_equality
11493,stuffed,набил,rempli
11494,stuffed,игрушечного,en peluche
11495,stuffed,запихал,no_equality
11496,connects,связывает,relie
11497,connects,связывает,reliant
11498,connects,связывает,lie
11499,connects,соединяет,relie
11500,connects,соединяет,relient
11501,connects,объединяет,relie
11502,connects,объединяет,lie
11503,connects,подключается,se branche
11504,connects,связано,no_equality
11505,connects,соединяющая,no_equality
11506,connects,связан,no_equality
11507,connects,соединяется с,no_equality
11508,connects,связывало бы,relie
11509,connects,связывало бы,lie
11510,connects,соединяющую,relie
11511,connects,соединяющую,reliant
11512,connects,соединяющий,reliant
11513,connects,связь,no_equality
11514,connects,связывают,relie
11515,connects,связывают,lie
11516,connects,связывают,relient
11517,connects,подключение,no_equality
11518,flute,флейта,flûte
11519,flute,на флейте,no_equality
11520,loosening,ослабление,relâchement
11521,loosening,ослабление,desserrement
11522,loosening,ослабление,assouplissement
11523,loosening,либерализация,assouplissement
11524,loosening,ослабляя,no_equality
11525,loosening,развязать,no_equality
11526,loosening,ослабевать,no_equality
11527,encoded,закодированы,no_equality
11528,encoded,закодирован,no_equality
11529,encoded,кодируются,no_equality
11530,encoded,закодирована,no_equality
11531,encoded,зашифровал,no_equality
11532,encoded,закодированное,codé
11533,encoded,закодированное,encodé
11534,encoded,закодированные,codé
11535,encoded,закодированных,no_equality
11536,encoded,кодируется,no_equality
11537,encoded,зашифрованы,no_equality
11538,encoded,зашифрованное,codé
11539,encoded,зашифрованное,crypté
11540,encoded,зашифрованное,chiffré
11541,encoded,закодированный,codé
11542,encoded,закодированный,crypté
11543,encoded,зашифрованные,no_equality
11544,encoded,закодировали,no_equality
11545,encoded,закодировал,no_equality
11546,inhibit,препятствовать,empêcher
11547,inhibit,препятствовать,entraver
11548,inhibit,препятствовать,bloquer
11549,inhibit,препятствовать,freiner
11550,inhibit,препятствовать,nuire
11551,inhibit,препятствовать,interdire
11552,inhibit,препятствовать,gêner
11553,inhibit,препятствовать,faire obstacle
11554,inhibit,препятствовать,prévenir
11555,inhibit,сдерживать,empêcher
11556,inhibit,сдерживать,entraver
11557,inhibit,сдерживать,freiner
11558,inhibit,сдерживать,limiter
11559,inhibit,подавлять,no_equality
11560,inhibit,мешать,empêcher
11561,inhibit,мешать,entraver
11562,inhibit,мешать,gêner
11563,inhibit,мешать,faire obstacle
11564,inhibit,препятствует,empêcher
11565,inhibit,препятствует,entraver
11566,inhibit,воспрепятствовать,empêcher
11567,inhibit,воспрепятствовать,entraver
11568,inhibit,воспрепятствовать,bloquer
11569,inhibit,воспрепятствовать,interdire
11570,inhibit,воспрепятствовать,faire obstacle
11571,inhibit,воспрепятствовать,prévenir
11572,inhibit,помешать,empêcher
11573,inhibit,помешать,entraver
11574,inhibit,помешать,bloquer
11575,inhibit,помешать,nuire
11576,inhibit,помешать,gêner
11577,inhibit,помешать,faire obstacle
11578,inhibit,помешать,éviter
11579,inhibit,тормозить,entraver
11580,inhibit,тормозить,bloquer
11581,inhibit,тормозить,freiner
11582,inhibit,запрещать,interdire
11583,inhibit,сдерживаться,no_equality
11584,inhibit,затрудняют,entraver
11585,announce,объявить,annoncer
11586,announce,объявить,proclamer
11587,announce,объявить,déclarer
11588,announce,объявить,décréter
11589,announce,объявлять,annoncer
11590,announce,объявлять,proclamer
11591,announce,объявлять,déclarer
11592,announce,объявлять,décréter
11593,announce,сообщает,annoncer
11594,announce,сообщает,signaler
11595,announce,сообщаю,vous informer
11596,announce,заявляю,annoncer
11597,announce,сообщить,annoncer
11598,announce,сообщить,communiquer
11599,announce,сообщить,faire part
11600,announce,сообщить,présenter
11601,announce,сообщить,dire
11602,announce,сообщить,déclarer
11603,announce,сообщить,faire savoir
11604,announce,огласить,no_equality
11605,announce,провозгласить,proclamer
11606,announce,провозгласить,déclarer
11607,announce,анонсировать,annoncer
11608,announce,обнародовать,dévoiler
11609,announce,оповестить,no_equality
11610,announce,заявить о том,dire
11611,announce,заявить о том,déclarer
11612,announce,сообщаем,no_equality
11613,seamster,дальнобойщиков,no_equality
11614,seamster,водителей грузовиков,no_equality
11615,co-eds,студенток,étudiant
11616,co-eds,студентки,étudiant
11617,insensitivity,нечувствительность,no_equality
11618,insensitivity,игнорирование,indifférence
11619,insensitivity,равнодушие,indifférence
11620,nonproliferations,нераспространение,non-prolifération
11621,nonproliferations,нераспространения ядерного оружия,no_equality
11622,nonproliferations,нераспространению ядерного оружия,no_equality
11623,hypothermia,гипотермия,hypothermie
11624,hypothermia,переохлаждение,no_equality
11625,hypothermia,переохлаждении,no_equality
11626,hypothermia,переохлаждением,no_equality
11627,hypothermia,обморожения,no_equality
11628,sprouted,проросших,no_equality
11629,sprouted,выросли,no_equality
11630,sprouted,проросли,no_equality
11631,sprouted,проросла,no_equality
11632,sprouted,проросшие,no_equality
11633,sprouted,появившихся,no_equality
11634,accedes,присоединится к,no_equality
11635,accedes,присоединяются к,no_equality
11636,accedes,которым оно присоединилось,no_equality
11637,accedes,присоединяется к тому или,no_equality
11638,accedes,присоединение происходит,no_equality
11639,accedes,обретении им,no_equality
11640,initial,первоначальный,initial
11641,initial,первоначальный,premier
11642,initial,первоначальный,préliminaire
11643,initial,первый,initial
11644,initial,первый,premier
11645,initial,начальный,no_equality
11646,initial,предварительный,préliminaire
11647,initial,исходный,initial
11648,initial,исходный,premier
11649,initial,первичный,no_equality
11650,initial,изначальный,initial
11651,initial,первое,no_equality
11652,initial,инициалы,initiale
11653,initial,первоначально,initialement
11654,initial,первоначально,abord
11655,initial,изначально,initialement
11656,initial,изначально,abord
11657,initial,вначале,initialement
11658,initial,первоначального,initial
11659,initial,первоначального,premier
11660,initial,первоначального,préliminaire
11661,initial,первоначального,démarrage
11662,initial,первоначального,initialement
11663,initial,начального,initial
11664,initial,начального,début
11665,initial,начального,démarrage
11666,trapezoid,трапеция,trapèze
11667,urchins,ежей,oursin
11668,urchins,ежи,oursin
11669,urchins,оборванцы,no_equality
11670,Perrys,перри,perry
11671,Perrys,пэррисами,perry
11672,Perrys,пэррисам,no_equality
11673,Perrys,пэррисы,no_equality
11674,stagnating,стагнирующий,no_equality
11675,stagnating,застаивающийся,no_equality
11676,stagnating,застой,stagnation
11677,stagnating,застой,stagner
11678,furnaces,печей,four
11679,furnaces,печей,fourneau
11680,furnaces,печей,poêle
11681,furnaces,печи,four
11682,furnaces,печи,fourneau
11683,furnaces,печах,four
11684,furnaces,печах,fourneau
11685,furnaces,обогреватели,chauffage
11686,furnaces,калориферов,no_equality
11687,furnaces,обогревателей,no_equality
11688,help,помогать,aider
11689,help,помогать,faire
11690,help,помогать,soutenir
11691,help,помогать,assister
11692,help,помогать,secourir
11693,help,выручить,aider
11694,help,удержаться,no_equality
11695,help,помощь,aide
11696,help,помощь,secours
11697,help,помощь,assistance
11698,help,помощь,coup de main
11699,help,помощь,coup de pouce
11700,help,поддержка,aide
11701,help,поддержка,assistance
11702,help,помощник,aide
11703,help,справка,no_equality
11704,help,подсказка,aide
11705,help,справочный,no_equality
11706,predicaments,неурядиц,no_equality
11707,ponchos,пончо,poncho
11708,walls,стены,paroi
11709,walls,стены,mur
11710,walls,стены,muraille
11711,walls,стены,enceinte
11712,walls,стены,barrière
11713,walls,стен,paroi
11714,walls,стен,mur
11715,walls,стен,muraille
11716,walls,стен,rempart
11717,walls,стенах,paroi
11718,walls,стенах,mur
11719,walls,стенах,enceinte
11720,walls,стенами,mur
11721,walls,стенки,paroi
11722,walls,стенки,mur
11723,walls,стенам,mur
11724,walls,стенок,paroi
11725,walls,стену,mur
11726,walls,стену,muraille
11727,walls,стенками,paroi
11728,walls,стене,paroi
11729,walls,стене,mur
11730,walls,стене,muraille
11731,walls,стене,rempart
11732,walls,стене,barrière
11733,walls,стенках,no_equality
11734,walls,стеной,mur
11735,walls,стеной,muraille
11736,walls,стеной,rempart
11737,walls,ограждений,no_equality
11738,walls,уоллс,walls
11739,walls,стена,mur
11740,curved,изогнутый,incurvé
11741,curved,кривой,courbe
11742,curved,искривленной,no_equality
11743,curved,изогнутую,no_equality
11744,curved,искривленного,no_equality
11745,curved,криволинейной,no_equality
11746,curved,изогнутого,no_equality
11747,curved,дугообразной,no_equality
11748,curved,искривлена,no_equality
11749,diners,закусочных,restaurant
11750,diners,посетителей,client
11751,diners,закусочные,no_equality
11752,diners,diners,no_equality
11753,diners,столовых,no_equality
11754,diners,dinners,no_equality
11755,profoundness,пропасть,no_equality
11756,profoundness,глубина,profondeur
11757,peasants,крестьян,paysan
11758,peasants,крестьян,agriculteur
11759,peasants,крестьян,fermier
11760,peasants,крестьян,cultivateur
11761,peasants,крестьяне,paysan
11762,peasants,крестьяне,agriculteur
11763,peasants,крестьяне,fermier
11764,peasants,крестьяне,cultivateur
11765,peasants,крестьянам,no_equality
11766,peasants,крестьянами,paysan
11767,peasants,крестьянами,agriculteur
11768,peasants,крестьянства,paysannerie
11769,peasants,крестьянские,paysan
11770,peasants,крестьянах,no_equality
11771,peasants,крестьянских хозяйств,paysan
11772,peasants,крестьянских хозяйств,agriculteur
11773,peasants,простолюдины,no_equality
11774,peasants,невежды,no_equality
11775,peasants,крестьянского населения,paysan
11776,nihilistic,нигилистическое,nihiliste
11777,nihilistic,нигилистический,no_equality
11778,nihilistic,нигилистическая,no_equality
11779,nihilistic,нигилист,no_equality
11780,nihilistic,нигилистические,no_equality
11781,nihilistic,нигилистическую,no_equality
11782,equalize,уравнять,égaliser
11783,equalize,уравнять,équilibrer
11784,equalize,выровнять,équilibrer
11785,equalize,выровнять,niveler
11786,equalize,уравновесить,équilibrer
11787,equalize,уравновесить,compenser
11788,equalize,уравнивать,no_equality
11789,equalize,выравнивать,no_equality
11790,equalize,выравнивания,no_equality
11791,equalize,уравнивания,no_equality
11792,equalize,выравниванию,no_equality
11793,equalize,уравниванию,no_equality
11794,equalize,выравнивании,no_equality
11795,equalize,обеспечения инвалидам равных,no_equality
11796,equalize,уравнивающий,no_equality
11797,equalize,обеспечить равные,no_equality
11798,equalize,выравнивание,no_equality
11799,equalize,обеспечению равных,no_equality
11800,unconstitutionally,неконституционно,no_equality
11801,landings,посадок,atterrissage
11802,landings,посадки,atterrissage
11803,landings,выгрузки,débarquement
11804,landings,выгрузку,débarquement
11805,landings,высадки,atterrissage
11806,landings,высадки,débarquement
11807,landings,улов,prise
11808,landings,посадку,atterrissage
11809,landings,посадку,atterrir
11810,landings,посадка,atterrissage
11811,landings,приземлений,no_equality
11812,landings,посадками,no_equality
11813,landings,приземление,atterrissage
11814,landings,приземления,atterrissage
11815,landings,приземления,atterrir
11816,landings,улова,débarquement
11817,landings,выгружаемых уловах,débarquement
11818,landings,выгруженных уловов,no_equality
11819,rattlers,змей,no_equality
11820,women,женщины,femme
11821,women,женщины,elles
11822,women,женщины,fille
11823,women,женщины,celles
11824,women,женщины,celles-ci
11825,women,женщины,dame
11826,women,женщины,women
11827,women,женщины,travailleuse
11828,women,женщины,ces dernières
11829,women,женщин,femme
11830,women,женщин,elles
11831,women,женщин,fille
11832,women,женщин,celles
11833,women,женщин,women
11834,women,женщинам,femme
11835,women,женщинами,femme
11836,women,женщинами,fille
11837,women,женщинах,no_equality
11838,women,женщина,femme
11839,women,женщина,fille
11840,women,женщина,dame
11841,women,мужчин,femme
11842,women,девушек,femme
11843,women,девушек,féminin
11844,women,девушек,fille
11845,women,девушек,dame
11846,women,женщине,femme
11847,women,женщине,fille
11848,women,женщине,dame
11849,women,женщину,no_equality
11850,women,женщиной,femme
11851,women,женщиной,féminin
11852,women,женщиной,fille
11853,women,женщиной,dame
11854,women,женских,femme
11855,women,женских,féminin
11856,women,женские,femme
11857,women,женские,féminin
11858,women,женского,femme
11859,women,женского,féminin
11860,women,женской,femme
11861,women,женской,féminin
11862,harmonise,согласовать,harmoniser
11863,harmonise,согласовать,aligner
11864,harmonise,согласовать,concilier
11865,harmonise,согласования,no_equality
11866,harmonise,гармонизировать,harmoniser
11867,harmonise,гармонизировать,harmonisation
11868,harmonise,гармонизации,no_equality
11869,harmonise,согласованию,no_equality
11870,harmonise,согласовании,no_equality
11871,harmonise,унификации,no_equality
11872,harmonise,гармонизацию,no_equality
11873,harmonise,согласование,no_equality
11874,harmonise,согласовывать,harmoniser
11875,harmonise,согласовывать,aligner
11876,harmonise,согласовывать,concilier
11877,harmonise,приведению,aligner
11878,harmonise,приведении,no_equality
11879,harmonise,унифицировать,harmoniser
11880,harmonise,унифицировать,uniformiser
11881,harmonise,унифицировать,harmonisation
11882,harmonise,гармонизация,no_equality
11883,stones,камни,pierre
11884,stones,камни,calcul
11885,stones,камни,caillou
11886,stones,камни,rocher
11887,stones,камни,diamant
11888,stones,камнями,pierre
11889,stones,камнями,caillou
11890,stones,камнями,rocher
11891,stones,камней,pierre
11892,stones,камней,rocher
11893,stones,камнях,no_equality
11894,stones,камня,pierre
11895,stones,камня,caillou
11896,stones,камня,rocher
11897,stones,камням,no_equality
11898,stones,камень,pierre
11899,stones,стоунз,stones
11900,stones,камушки,pierre
11901,stones,камушки,caillou
11902,stones,камешки,pierre
11903,stones,камешки,caillou
11904,stones,камнем,rocher
11905,stones,булыжники,caillou
11906,stones,stones,no_equality
11907,stones,камешков,caillou
11908,stones,блинчики,no_equality
11909,tags,метки,étiquette
11910,tags,метки,balise
11911,tags,метки,marqueur
11912,tags,метки,marque
11913,tags,теги,balise
11914,tags,теги,plaque
11915,tags,тегов,no_equality
11916,tags,меток,marque
11917,tags,бирки,no_equality
11918,tags,жетоны,plaque
11919,tags,бирок,étiquette
11920,tags,тэгов,no_equality
11921,tags,жетон,no_equality
11922,tags,ярлыки,no_equality
11923,tags,тэги,no_equality
11924,tags,метками,étiquette
11925,tags,метками,marque
11926,tags,тегами,no_equality
11927,tags,ярлыков,étiquette
11928,tags,тегах,no_equality
11929,womanizing,бабник,no_equality
11930,womanizing,распутство,no_equality
11931,womanizing,распутным,no_equality
11932,womanizing,бабников,no_equality
11933,intermarriages,смешанных браков,mariages mixtes
11934,intermarriages,смешанных браков,mariage mixte
11935,sentiences,приговоров,peine
11936,sentiences,приговоров,condamnation
11937,sentiences,приговоров,sentence
11938,sentiences,приговоров,condamné
11939,sentiences,приговоров,décision
11940,sentiences,приговоров,arrêt
11941,sentiences,приговоров,jugement
11942,sentiences,приговоры,peine
11943,sentiences,приговоры,condamnation
11944,sentiences,приговоры,condamné
11945,sentiences,наказания,peine
11946,sentiences,наказания,condamnation
11947,sentiences,наказания,sentence
11948,sentiences,наказания,sanction
11949,sentiences,наказание,peine
11950,sentiences,наказание,condamnation
11951,sentiences,наказание,sentence
11952,sentiences,наказание,sanction
11953,sentiences,наказаний,peine
11954,sentiences,наказаний,sanction
11955,sentiences,предложения,phrase
11956,sentiences,приговора,condamnation
11957,sentiences,предложений,phrase
11958,sentiences,заключения,peine
11959,sentiences,приговор,peine
11960,sentiences,приговор,condamnation
11961,sentiences,приговор,sentence
11962,sentiences,приговор,décision
11963,sentiences,приговор,arrêt
11964,sentiences,заключению,prison
11965,sentiences,предложениях,phrase
11966,sentiences,фразы,phrase
11967,sentiences,срок,peine
11968,sentiences,срок,prison
11969,sentiences,предложениями,no_equality
11970,drop,бросить,lâcher
11971,drop,бросить,abandonner
11972,drop,бросить,laisser tomber
11973,drop,бросить,jeter
11974,drop,бросить,larguer
11975,drop,бросать,no_equality
11976,drop,уронить,no_equality
11977,drop,высадить,déposer
11978,drop,снять,abandonner
11979,drop,сбросить,lâcher
11980,drop,сбросить,jeter
11981,drop,сбросить,larguer
11982,drop,падать,tomber
11983,drop,падать,baisser
11984,drop,падать,diminuer
11985,drop,падать,chuter
11986,drop,подбросить,déposer
11987,drop,капля,goutte
11988,drop,снижение,chute
11989,drop,снижение,baisse
11990,drop,снижение,diminution
11991,drop,снижение,recul
11992,drop,падение,no_equality
11993,drop,сокращение,chute
11994,drop,сокращение,baisse
11995,drop,сокращение,diminution
11996,drop,сокращение,recul
11997,drop,спад,chute
11998,drop,спад,baisse
11999,drop,спад,diminution
12000,drop,спад,recul
12001,drop,брось,no_equality
12002,drop,упасть,no_equality
12003,drop,сбрасывать,larguer
12004,drop,ронять,laisser tomber
12005,drop,снижаться,baisser
12006,drop,снижаться,décroître
12007,drop,отбрасывать,no_equality
12008,drop,опускаться,tomber
12009,drop,опускаться,chuter
12010,drop,понижаться,baisser
12011,drop,понижать,baisser
12012,polygraphs,полиграф,polygraphe
12013,polygraphs,полиграф,détecteur de mensonge
12014,polygraphs,полиграфе,polygraphe
12015,polygraphs,детектор лжи,polygraphe
12016,polygraphs,детектор лжи,détecteur de mensonge
12017,polygraphs,полиграфов,no_equality
12018,polygraphs,полиграфы,no_equality
12019,gliders,глайдеры,planeur
12020,gliders,глайдеров,no_equality
12021,gliders,планера,planeur
12022,gliders,планеры,no_equality
12023,prepaying,предоплата,no_equality
12024,Torontoes,торонто,no_equality
12025,Torontoes,торонтских,no_equality
12026,Torontoes,торонтский,no_equality
12027,Torontoes,торонтские,no_equality
12028,Torontoes,торонтскими,no_equality
12029,Torontoes,торонтском,no_equality
12030,Torontoes,toronto,no_equality
12031,Croesuses,пересекает,traverse
12032,Croesuses,пересекает,croise
12033,Croesuses,пересекает,franchit
12034,Croesuses,пересекает,traversent
12035,Croesuses,кресты,croix
12036,Croesuses,крестов,croix
12037,Croesuses,пересечет,traverse
12038,Croesuses,пересечет,franchit
12039,Croesuses,переходит,traverse
12040,Croesuses,переходит,passe
12041,Croesuses,переходит,dépasse
12042,Croesuses,переходит,traverser
12043,Croesuses,крестики,croix
12044,Croesuses,креста,croix
12045,Croesuses,крест,croix
12046,Croesuses,крестами,no_equality
12047,Croesuses,пересекается,croise
12048,Croesuses,пересекается,franchit
12049,Croesuses,крестиков,no_equality
12050,Croesuses,перейдет,no_equality
12051,Croesuses,крестах,no_equality
12052,Croesuses,пересекающий,no_equality
12053,Croesuses,пересекают,traversent
12054,preciousness,ценность,valeur
12055,sublimated,сублимированная,no_equality
12056,disdains,презирает,dédaigne
12057,disdains,презирает,méprise
12058,arsons,поджогах,incendies criminels
12059,arsons,поджоги,incendies criminels
12060,arsons,поджогов,incendies criminels
12061,arsons,поджогами,no_equality
12062,arsons,поджогам,no_equality
12063,warms,согревает,réchauffe
12064,warms,греет,réchauffe
12065,warms,согреет,no_equality
12066,warms,теплеет,réchauffe
12067,warms,мере потепления,no_equality
12068,warms,нагревает,réchauffe
12069,warms,нагревает,chauffe
12070,warms,нагревается,chauffe
12071,warms,разогревает,no_equality
12072,warms,греют,réchauffe
12073,warms,обогревает,no_equality
12074,warms,прогреет,no_equality
12075,sparkling,игристый,no_equality
12076,sparkling,блестящий,brillant
12077,sparkling,шипучий,no_equality
12078,sparkling,шампанский,no_equality
12079,sparkling,сверкающий,no_equality
12080,sparkling,газированный,pétillant
12081,sparkling,сияющий,brillant
12082,sparkling,поблескивавший,no_equality
12083,sparkling,сверкание,no_equality
12084,sparkling,искрение,no_equality
12085,objectivity,объективность,objectivité
12086,objectivity,объективность,impartialité
12087,objectivity,объективность,objective
12088,objectivity,объективно,no_equality
12089,objectivity,объективного,no_equality
12090,objectivity,объективным,no_equality
12091,objectivity,беспристрастности,objectivité
12092,objectivity,беспристрастности,impartialité
12093,objectivity,объективной,no_equality
12094,objectivity,объективный характер,objectivité
12095,objectivity,объективный характер,objective
12096,objectivity,необъективным,no_equality
12097,objectivity,объективный подход,objectivité
12098,objectivity,объективный подход,objectivement
12099,objectivity,объективен,no_equality
12100,objectivity,объективная реальность,no_equality
12101,objectivity,беспристрастность,objectivité
12102,objectivity,беспристрастность,impartialité
12103,objectivity,объективными,objectivité
12104,objectivity,объективными,objective
12105,lounges,салоны,salon
12106,lounges,залах ожидания,salle
12107,lounges,залов,salle
12108,lounges,комнат отдыха,salle
12109,lounges,комнаты отдыха,no_equality
12110,lounges,салонами,no_equality
12111,lounges,гостиных,salon
12112,lounges,холлах,no_equality
12113,lounges,салонах,salon
12114,lounges,шезлонги,no_equality
12115,lounges,помещениями,salle
12116,lounges,лаунджи,no_equality
12117,lounges,лаунджей,no_equality
12118,selections,выбор,choix
12119,selections,отбор,sélection
12120,selections,отбор,choix
12121,selections,отбор,sélectionné
12122,selections,отбора,sélection
12123,selections,выделения,no_equality
12124,selections,выделений,no_equality
12125,selections,подборки,no_equality
12126,selections,отобранных кандидатов,no_equality
12127,selections,кадровые решения,no_equality
12128,selections,отборе сотрудников,sélection
12129,selections,отборе сотрудников,choix
12130,selections,отборе сотрудников,sélectionner
12131,selections,отбором,sélection
12132,selections,отбором,sélectionner
12133,selections,пару вариантов,no_equality
12134,selections,"кандидатов, отобранных",no_equality
12135,selections,выборок,no_equality
12136,selections,отборов,no_equality
12137,selections,подборок,no_equality
12138,handrails,поручни,mains courantes
12139,handrails,поручни,barre
12140,handrails,поручнями,no_equality
12141,handrails,поручней,no_equality
12142,handrails,перил,balustrade
12143,ennobles,облагораживает,no_equality
12144,conferring,наделение,conférer
12145,conferring,наделение,attribuer
12146,conferring,предоставляющие,no_equality
12147,conferring,наделяющий,no_equality
12148,conferring,наделять,conférer
12149,conferring,наделяющего,no_equality
12150,conferring,предоставляющее,no_equality
12151,conferring,дающий,donnant
12152,conferring,наделяют,no_equality
12153,conferring,возложения,conférant
12154,conferring,возложения,attribution
12155,conferring,возложения,attribuer
12156,conferring,возложение,attribuant
12157,generality,общность,no_equality
12158,generality,общий характер,généralité
12159,generality,общий характер,caractère général
12160,generality,общего характера,généralité
12161,generality,общего характера,caractère général
12162,generality,обобщения,no_equality
12163,generality,всеобщности,no_equality
12164,generality,универсальности,no_equality
12165,generality,обобщенности,no_equality
12166,generality,выборе между общим характером,no_equality
12167,generality,применимость,no_equality
12168,striking,поразительный,frappant
12169,striking,поразительный,remarquable
12170,striking,разительный,no_equality
12171,striking,ярким,frappant
12172,striking,ярким,remarquable
12173,striking,поражает,no_equality
12174,striking,ярких,no_equality
12175,striking,удара,frappe
12176,striking,удара,frapper
12177,striking,поражают,no_equality
12178,striking,впечатляющим,remarquable
12179,striking,ударить,no_equality
12180,striking,забастовки,no_equality
12181,sinfulness,греховность,no_equality
12182,algorithm,алгоритм,algorithme
12183,algorithm,алгоритм,algorythme
12184,parental,родительский,no_equality
12185,Tibers,тигры,no_equality
12186,Tibers,тигров,no_equality
12187,Tibers,тиграми,no_equality
12188,Tibers,тигра,no_equality
12189,Tibers,тиграм,no_equality
12190,Tibers,тиграх,no_equality
12191,restraint,сдержанность,retenue
12192,restraint,сдержанность,modération
12193,restraint,сдержанность,réserve
12194,restraint,ограничение,contrainte
12195,restraint,ограничение,restriction
12196,restraint,ограничение,limitation
12197,restraint,сдерживание,modération
12198,restraint,сдерживание,frein
12199,restraint,ограничения,contrainte
12200,restraint,ограничения,restriction
12201,restraint,ограничения,limitation
12202,restraint,удерживающих,no_equality
12203,restraint,пресечения,no_equality
12204,restraint,удерживающего устройства,no_equality
12205,restraint,усмирения,contrainte
12206,restraint,усмирения,contention
12207,restraint,усмирения,entrave
12208,restraint,выдержку,retenue
12209,restraint,выдержку,modération
12210,restraint,принуждения,contrainte
12211,restraint,удерживающее устройство,no_equality
12212,restraint,сдержанно,no_equality
12213,restraint,выдержки,no_equality
12214,restraint,самообладание,no_equality
12215,restraint,удержания,réserve
12216,manacles,кандалы,menotte
12217,manacles,кандалы,entrave
12218,manacles,кандалах,menotte
12219,manacles,оковы,no_equality
12220,manacles,браслеты,menotte
12221,manacles,наручников,menotte
12222,manacles,кандалов,menotte
12223,predictability,предсказуемость,prévisibilité
12224,predictability,предсказуемость,caractère prévisible
12225,predictability,предсказуемый,no_equality
12226,abstract,абстрактный,abstrait
12227,abstract,абстрактное,no_equality
12228,abstract,резюме,abrégé
12229,abstract,резюме,sommaire
12230,abstract,резюме,résumé
12231,abstract,абстракция,abstraction
12232,abstract,абстрактно,no_equality
12233,abstract,выдержка,extrait
12234,abstract,аннотация,no_equality
12235,abstract,реферат,no_equality
12236,abstract,абстрагироваться,no_equality
12237,abstract,резюмировать,no_equality
12238,abstract,абстрагировать,no_equality
12239,smackers,баксов,no_equality
12240,blindfolded,с завязанными глазами,les yeux bandés
12241,blindfolded,с завязанными глазами,les yeux fermés
12242,blindfolded,с завязанными глазами,aux yeux bandés
12243,blindfolded,завязали глаза,les yeux bandés
12244,blindfolded,завязали глаза,bandé les yeux
12245,blindfolded,завязаны глаза,les yeux bandés
12246,blindfolded,завязаны глаза,bandé les yeux
12247,blindfolded,завязывали глаза,les yeux bandés
12248,blindfolded,вслепую,no_equality
12249,blindfolded,завязали ему глаза,no_equality
12250,blindfolded,повязка,no_equality
12251,blindfolded,завязывают глаза,no_equality
12252,blindfolded,с повязкой на глазах,no_equality
12253,blindfolded,с повязками,no_equality
12254,blindfolded,даже с закрытыми глазами,les yeux fermés
12255,Bougainvilles,бугенвиль,no_equality
12256,Bougainvilles,бугенвильского,no_equality
12257,Bougainvilles,бугенвильской,no_equality
12258,Bougainvilles,бугенвильском,no_equality
12259,Bougainvilles,бугенвильских,no_equality
12260,Bougainvilles,бугенвильский,no_equality
12261,Bougainvilles,бугенвильские,no_equality
12262,Bougainvilles,бугенвильское,no_equality
12263,Bougainvilles,бугенвильскими,no_equality
12264,Bougainvilles,бугенвиле,no_equality
12265,Bougainvilles,бугенвиля,no_equality
12266,Bougainvilles,бугенвиль,no_equality
12267,Bougainvilles,бугенвилю,no_equality
12268,Bougainvilles,бугенвильская,no_equality
12269,Bougainvilles,бугенвильским,no_equality
12270,slashed,порезал,no_equality
12271,slashed,перерезал,a coupé
12272,slashed,порезали,tailladé
12273,slashed,порезали,a coupé
12274,slashed,проколол,a crevé
12275,slashed,перерезали,no_equality
12276,slashed,прокололи,a crevé
12277,slashed,порезаны,no_equality
12278,slashed,полоснул,no_equality
12279,slashed,проколола,no_equality
12280,slashed,урезаны,réduit
12281,slashed,перерезано,no_equality
12282,slashed,полоснули,no_equality
12283,slashed,изрезали,no_equality
12284,slashed,перерезать,no_equality
12285,slashed,порезала,a coupé
12286,slashed,порезала,coupe
12287,designative,назначение,no_equality
12288,designative,обозначение,no_equality
12289,designative,определение,no_equality
12290,designative,провозглашение,no_equality
12291,designative,статус,no_equality
12292,designative,название,no_equality
12293,designative,наименование,no_equality
12294,designative,выделение,no_equality
12295,designative,объявление,no_equality
12296,designative,указание,no_equality
12297,designative,десигнация,no_equality
12298,designative,названия,no_equality
12299,designative,объявления,no_equality
12300,designative,указания,no_equality
12301,designative,отнесение,no_equality
12302,designative,назначение на должность,no_equality
12303,transcendent,трансцендентной,no_equality
12304,transcendent,трансцендентальное,no_equality
12305,transcendent,трансцендентального,no_equality
12306,transcendent,выдающаяся,no_equality
12307,transcendent,трансцендентного,no_equality
12308,transcendent,превосходной,no_equality
12309,transcendent,превосходно,no_equality
12310,transcendent,трансцендентальных,no_equality
12311,transcendent,трансцендентность,no_equality
12312,transcendent,трансцендентный,no_equality
12313,invocation,вызов,appel
12314,invocation,заклинание,évocation
12315,invocation,мольба,no_equality
12316,invocation,обращение,appel
12317,invocation,обращение,recours
12318,invocation,призывание,no_equality
12319,invocation,ссылка,no_equality
12320,invocation,активизация,no_equality
12321,invocation,применение,recours
12322,effectuate,реализации,no_equality
12323,effectuate,осуществления,no_equality
12324,effectuate,способствовала,no_equality
12325,effectuate,совершать,effectuer
12326,sweater,свитер,pull
12327,sweater,свитер,chandail
12328,sweater,свитер,sweat
12329,sweater,свитер,gilet
12330,sweater,свитер,pull-over
12331,sweater,свитер,sweater
12332,sweater,свитер,veste
12333,sweater,свитер,tricot
12334,sweater,свитер,sweat-shirt
12335,sweater,свитер,maillot
12336,sweater,кофта,pull
12337,sweater,кофта,sweat
12338,sweater,кофточка,no_equality
12339,sweater,свитерок,gilet
12340,sweater,пуловер,pull
12341,sweater,пуловер,pull-over
12342,sweater,джемпер,pull
12343,buggies,багги,buggy
12344,flexibly,гибко,avec souplesse
12345,flexibly,гибко,souplement
12346,flexibly,гибко,avec flexibilité
12347,flexibly,гибко,manière souple
12348,flexibly,гибкого,no_equality
12349,flexibly,гибкой основе,avec souplesse
12350,flexibly,гибкое,no_equality
12351,flexibly,проявлять гибкость,no_equality
12352,flexibly,гибкие,no_equality
12353,flexibly,гибкий подход,no_equality
12354,flexibly,гибким образом,avec souplesse
12355,flexibly,гибким образом,manière flexible
12356,flexibly,гибким образом,manière souple
12357,flexibly,гибких,no_equality
12358,flexibly,определенной гибкостью,no_equality
12359,flexibly,гибком режиме,no_equality
12360,flexibly,гибкому,no_equality
12361,flexibly,гибкости,no_equality
12362,demonstration,демонстрация,démonstration
12363,demonstration,демонстрация,manifestation
12364,demonstration,проявление,manifestation
12365,demonstration,свидетельство,preuve
12366,demonstration,подтверждение,preuve
12367,demonstration,манифестация,manifestation
12368,demonstration,доказательство,démonstration
12369,demonstration,доказательство,preuve
12370,demonstration,демонстрационный,démonstration
12371,demonstration,показательный,no_equality
12372,demonstration,демонстрационных,no_equality
12373,demonstration,показательных,démonstration
12374,demonstration,демонстрируя,no_equality
12375,demonstration,показ,démonstration
12376,demonstration,доказательства,preuve
12377,demonstration,демонстрационную,no_equality
12378,demonstration,демонстрирует,no_equality
12379,demonstration,наглядный показ,démonstration
12380,ceilings,потолки,plafond
12381,ceilings,потолков,plafond
12382,ceilings,потолками,no_equality
12383,ceilings,предельные уровни,limite
12384,ceilings,потолок,plafond
12385,ceilings,потолок,limite
12386,ceilings,ограничения,limite
12387,ceilings,верхние пределы,plafond
12388,ceilings,предельных уровней,plafond
12389,ceilings,предельных уровней,seuil
12390,ceilings,лимитов,plafond
12391,ceilings,лимитов,limite
12392,ceilings,потолках,no_equality
12393,ceilings,потолка,plafond
12394,ceilings,лимиты,plafond
12395,ceilings,лимиты,limite
12396,ceilings,верхних пределов,plafond
12397,ceilings,потолке,no_equality
12398,ceilings,потолкам,no_equality
12399,dulling,притупляет,no_equality
12400,South_African,южноафриканский,sud-africain
12401,South_African,южноафриканский,south african
12402,South_African,южно-африканский,sud-africain
12403,South_African,стран юга африки,afrique australe
12404,South_African,южной африки,sud-africain
12405,South_African,южной африки,sud-africaine
12406,South_African,южной африки,afrique du sud
12407,South_African,южной африки,afrique australe
12408,South_African,южной африки,sud africain
12409,South_African,южной африки,south african
12410,South_African,юар,afrique du sud
12411,South_African,южной африкой,sud-africaine
12412,South_African,южной африкой,afrique du sud
12413,South_African,южноафриканец,sud-africain
12414,South_African,южно-африканские,no_equality
12415,South_African,южная африка,afrique du sud
12416,South_African,южная африка,afrique australe
12417,South_African,южно-африканской республики,sud-africain
12418,optics,оптика,optique
12419,optics,оптический прибор,optique
12420,optics,оптические устройства,optique
12421,optics,оптический,no_equality
12422,padlocked,на замке,no_equality
12423,padlocked,под замком,no_equality
12424,padlocked,на замок,no_equality
12425,mummify,мумифицировать,momifier
12426,mummify,мумифицироваться,se momifier
12427,muffling,приглушение,no_equality
12428,papules,папулы,no_equality
12429,papules,папул,no_equality
12430,green party,партия зеленых,no_equality
12431,perfect,идеальный,parfait
12432,perfect,идеальный,idéal
12433,perfect,безупречный,parfait
12434,perfect,безупречный,impeccable
12435,perfect,полный,no_equality
12436,perfect,прекрасный,parfait
12437,perfect,лучший,parfait
12438,perfect,лучший,idéal
12439,perfect,лучший,bon
12440,perfect,отборный,no_equality
12441,perfect,перфектный,no_equality
12442,perfect,совершенствовать,perfectionner
12443,perfect,совершить,no_equality
12444,perfect,оттачивать,no_equality
12445,perfect,идеально,no_equality
12446,perfect,идеально подходящий,parfait
12447,perfect,идеально подходящий,idéal
12448,perfect,идеально подходящий,bon
12449,perfect,совершенство,perfection
12450,algebraically,алгебраически,no_equality
12451,gearing,собственных и заемных средств,endettement
12452,gearing,собственных и заемных средств,levier
12453,gearing,ориентирует,no_equality
12454,gearing,готовится,no_equality
12455,gearing,зацепление колес,no_equality
12456,diagnosed,диагностировали,diagnostiquer
12457,diagnosed,диагностировали,diagnostic
12458,diagnosed,поставили диагноз,no_equality
12459,diagnosed,поставлен диагноз,no_equality
12460,diagnosed,диагнозом,no_equality
12461,diagnosed,диагностирован,diagnostiqué
12462,diagnosed,обнаружили,no_equality
12463,diagnosed,диагностированных,no_equality
12464,diagnosed,диагностировано,no_equality
12465,diagnosed,диагностируется,no_equality
12466,diagnosed,диагностирована,no_equality
12467,diagnosed,диагностированы,no_equality
12468,diagnosed,выявленных,no_equality
12469,diagnosed,диагностируются,no_equality
12470,diagnosed,диагностировал у,no_equality
12471,diagnosed,диагностировала,no_equality
12472,paternal,отцовский,paternel
12473,paternal,отцовский,père
12474,paternal,отцовский,paternité
12475,paternal,по отцовской линии,paternel
12476,paternal,со стороны отца,no_equality
12477,paternal,по отцу,paternel
12478,paternal,по отцу,père
12479,paternal,родительской,parental
12480,paternal,родительская,no_equality
12481,paternal,отцом,no_equality
12482,paternal,родительских,parental
12483,paternal,родительских,paternité
12484,paternal,родительские,parental
12485,paternal,родителей,parental
12486,paternal,родителей,père
12487,pawers,полномочия,pouvoir
12488,pawers,полномочий,pouvoir
12489,pawers,полномочий,compétence
12490,pawers,полномочий,attribution
12491,pawers,полномочий,prérogative
12492,pawers,полномочий,fonction
12493,pawers,полномочий,autorité
12494,pawers,полномочиями,pouvoir
12495,pawers,полномочиями,compétence
12496,pawers,полномочиями,attribution
12497,pawers,полномочиями,prérogative
12498,pawers,полномочиями,fonction
12499,pawers,полномочиями,autorité
12500,pawers,державы,puissance
12501,pawers,держав,puissance
12502,pawers,державами,puissance
12503,pawers,силы,puissance
12504,pawers,силы,force
12505,pawers,способности,no_equality
12506,pawers,власти,pouvoir
12507,pawers,полномочиях,no_equality
12508,pawers,державам,no_equality
12509,pawers,функции,fonction
12510,pawers,силу,pouvoir
12511,pawers,силу,force
12512,pawers,сил,puissance
12513,pawers,пауэрс,powers
12514,smiled,улыбнулся,a souri
12515,smiled,улыбнулся,souriait
12516,smiled,улыбнулся,sourire
12517,smiled,улыбнулся,souriais
12518,smiled,улыбнулась,a souri
12519,smiled,улыбнулась,sourire
12520,smiled,улыбался,a souri
12521,smiled,улыбался,souriait
12522,smiled,улыбался,sourire
12523,smiled,улыбался,souriant
12524,smiled,улыбался,souriais
12525,smiled,улыбалась,sourit
12526,smiled,улыбалась,a souri
12527,smiled,улыбалась,souriait
12528,smiled,улыбалась,sourire
12529,smiled,улыбалась,souriant
12530,smiled,улыбалась,souriais
12531,smiled,улыбнулись,sourire
12532,smiled,улыбались,sourire
12533,smiled,улыбались,souriaient
12534,smiled,улыбается,sourit
12535,smiled,улыбается,a souri
12536,smiled,улыбается,souriait
12537,smiled,улыбается,sourire
12538,smiled,улыбается,souriant
12539,smiled,улыбается,sourient
12540,smiled,улыбнулось,no_equality
12541,smiled,улыбалось,no_equality
12542,smiled,усмехнулся,no_equality
12543,smiled,засмеялась,no_equality
12544,smiled,улыбаешься,sourire
12545,smiled,улыбаешься,souriant
12546,smiled,улыбаешься,souriais
12547,thinned,разбавленный,dilué
12548,thinned,поредевший,no_equality
12549,thinned,утоненный,no_equality
12550,thinned,разреженный,no_equality
12551,thinned,изреженный,no_equality
12552,porter,портер,porter
12553,porter,портье,portier
12554,porter,портье,concierge
12555,porter,портье,groom
12556,porter,носильщик,porteur
12557,porter,носильщик,portier
12558,porter,портера,porter
12559,porter,портером,porter
12560,porter,портеру,porter
12561,porter,швейцар,portier
12562,porter,привратник,concierge
12563,porter,проводник,no_equality
12564,porter,грузчик,no_equality
12565,porter,носильщиком,no_equality
12566,porter,портере,no_equality
12567,porter,портэр,no_equality
12568,principles,принципов,principe
12569,principles,принципов,règle
12570,principles,принципов,norme
12571,principles,принципов,précepte
12572,principles,принципов,pilier
12573,principles,принципы,principe
12574,principles,принципы,principles
12575,principles,принципы,règle
12576,principles,принципы,orientation
12577,principles,принципами,principe
12578,principles,принципами,règle
12579,principles,принципами,orientation
12580,principles,принципами,pilier
12581,principles,принципам,principe
12582,principles,принципах,principe
12583,principles,принципах,fondement
12584,principles,нормы,no_equality
12585,principles,основах,pilier
12586,principles,закрепленные,no_equality
12587,principles,основ,no_equality
12588,principles,принципа,principe
12589,principles,принципа,règle
12590,principles,принципа,pilier
12591,principles,принцип,principe
12592,principles,норм,no_equality
12593,principles,принципом,principe
12594,principles,принципом,règle
12595,principles,основы,principe
12596,principles,положения,règle
12597,heights,высоты,hauteur
12598,heights,высоты,altitude
12599,heights,высот,sommet
12600,heights,высот,altitude
12601,heights,высотах,altitude
12602,heights,высоту,hauteur
12603,heights,высоту,altitude
12604,heights,высоте,hauteur
12605,heights,высоте,altitude
12606,heights,высоте,haut
12607,heights,высота,hauteur
12608,heights,высота,altitude
12609,heights,высотам,no_equality
12610,heights,высотами,no_equality
12611,heights,хайтс,hauteur
12612,heights,хайтс,heights
12613,heights,хейтс,heights
12614,heights,перевал,no_equality
12615,heights,высотой,altitude
12616,heights,вершинам,no_equality
12617,heights,джексон-хайтс,no_equality
12618,heights,краун-хайтс,no_equality
12619,scuffs,потертости,no_equality
12620,scuffs,царапин,éraflure
12621,houseboats,плавучие,no_equality
12622,domineering,властная,autoritaire
12623,domineering,властного,no_equality
12624,domineering,доминирования,no_equality
12625,domineering,доминирующих,dominant
12626,domineering,деспотичной,no_equality
12627,domineering,деспотичного,no_equality
12628,fondus,фондю,no_equality
12629,inclined,склонен,no_equality
12630,inclined,склонны,no_equality
12631,inclined,склонна,no_equality
12632,inclined,наклонной,no_equality
12633,inclined,склоняется,no_equality
12634,inclined,наклонные,no_equality
12635,inclined,наклонных,no_equality
12636,inclined,наклонными,no_equality
12637,inclined,склонным,no_equality
12638,inclined,намерен,no_equality
12639,inclined,намерены,no_equality
12640,inclined,расположены,no_equality
12641,inclined,расположен,no_equality
12642,pushinesses,предприятий,entreprise
12643,pushinesses,предприятий,société
12644,pushinesses,предприятий,entrepreneur
12645,pushinesses,предприятий,pme
12646,pushinesses,предприятия,no_equality
12647,pushinesses,бизнеса,entreprise
12648,pushinesses,бизнеса,commerce
12649,pushinesses,бизнеса,affaire
12650,pushinesses,бизнеса,société
12651,pushinesses,бизнеса,business
12652,pushinesses,предприятиям,entreprise
12653,pushinesses,предприятиям,société
12654,pushinesses,предприятиям,pme
12655,pushinesses,предприятиями,entreprise
12656,pushinesses,предприятиями,société
12657,pushinesses,компаний,entreprise
12658,pushinesses,компаний,société
12659,pushinesses,бизнес,entreprise
12660,pushinesses,бизнес,commerce
12661,pushinesses,бизнес,affaire
12662,pushinesses,бизнес,activité
12663,pushinesses,бизнес,société
12664,pushinesses,бизнес,métier
12665,pushinesses,бизнес,business
12666,pushinesses,предприятиях,entreprise
12667,pushinesses,предприятиях,exploitation
12668,pushinesses,деловых кругов,entreprise
12669,pushinesses,деловых кругов,entrepreneur
12670,pushinesses,деловых кругов,business
12671,pushinesses,предпринимателей,entreprise
12672,pushinesses,предпринимателей,entrepreneur
12673,pushinesses,предпринимателей,business
12674,pushinesses,предпринимателей,commerçant
12675,pushinesses,деловые круги,no_equality
12676,pushinesses,предпринимательской деятельности,commerce
12677,pushinesses,предпринимательской деятельности,affaire
12678,pushinesses,предпринимательской деятельности,business
12679,pushinesses,предпринимательства,entreprise
12680,pushinesses,предпринимательства,commerce
12681,pushinesses,предпринимательства,affaire
12682,pushinesses,предпринимательства,entrepreneur
12683,pushinesses,дело,affaire
12684,pushinesses,бизнесом,entreprise
12685,pushinesses,бизнесом,commerce
12686,pushinesses,бизнесом,affaire
12687,pushinesses,бизнесом,business
12688,supernaturally,сверхъестественно,no_equality
12689,specifying,с указанием,no_equality
12690,specifying,указания,indiquant
12691,specifying,указания,mention
12692,specifying,указав,en précisant
12693,specifying,указав,indiquer
12694,specifying,уточнения,préciser
12695,specifying,уточнения,définir
12696,specifying,уточнения,précision
12697,specifying,конкретизации,préciser
12698,specifying,конкретизации,précision
12699,specifying,определения,définir
12700,specifying,определения,détermination
12701,specifying,уточнив,en précisant
12702,specifying,определение,détermination
12703,specifying,уточнить,préciser
12704,specifying,уточнить,précision
12705,specifying,указывая,en précisant
12706,specifying,определяющие,no_equality
12707,specifying,указание,indiquant
12708,specifying,указание,indiquer
12709,specifying,указание,mention
12710,specifying,спецификации,spécification
12711,specifying,определяющих,définissant
12712,specifying,определяющих,fixant
12713,specifying,определяющее,définissant
12714,iliums,подвздошной кости,no_equality
12715,iliums,илиона,no_equality
12716,festers,гложет,no_equality
12717,farrowings,сокращение,no_equality
12718,farrowings,сужение,no_equality
12719,farrowings,уменьшение,no_equality
12720,farrowings,сокращается,no_equality
12721,farrowings,сокращении,no_equality
12722,farrowings,сократить,no_equality
12723,farrowings,сузить,no_equality
12724,farrowings,преодоление,no_equality
12725,farrowings,сужается,no_equality
12726,farrowings,сближения,no_equality
12727,spotcheck,выборочную проверку,no_equality
12728,spotcheck,выборочной проверки,no_equality
12729,spotcheck,выборочных проверок,no_equality
12730,spotcheck,выборочная проверка,no_equality
12731,cap,глава,no_equality
12732,cap,кепка,no_equality
12733,cap,шапка,casquette
12734,cap,шапка,chapeau
12735,cap,шапка,bonnet
12736,cap,шапка,calotte
12737,cap,шапка,couronne
12738,cap,шапочка,bonnet
12739,cap,капитан,cap
12740,cap,крышка,bouchon
12741,cap,крышка,couvercle
12742,cap,ограничение,no_equality
12743,cap,колпачок,capuchon
12744,cap,колпачок,bouchon
12745,cap,лимит,plafonnement
12746,cap,ограничения,plafonnement
12747,cap,фуражка,casquette
12748,cap,цоколь,no_equality
12749,cap,гл,no_equality
12750,cap,кэп,cap
12751,cap,сар,pac
12752,cap,колпак,chapeau
12753,cap,колпак,bonnet
12754,cap,капсюль,no_equality
12755,cap,шляпка,no_equality
12756,cap,чепец,bonnet
12757,cap,заглушка,no_equality
12758,high-mindedness,высокий,no_equality
12759,high-mindedness,большой,no_equality
12760,high-mindedness,высокими,no_equality
12761,high-mindedness,высокая,no_equality
12762,high-mindedness,значительный,no_equality
12763,high-mindedness,озабоченность,no_equality
12764,platters,тарелки,assiette
12765,platters,подносы,plateau
12766,platters,пластин,no_equality
12767,astringency,строгость,no_equality
12768,astringency,жесткость,no_equality
12769,astringency,обязательных требований,no_equality
12770,astringency,жесткости требований,no_equality
12771,astringency,жесткий характер,no_equality
12772,astringency,ужесточение,no_equality
12773,astringency,жестких,no_equality
12774,astringency,ограничивающее действие,no_equality
12775,astringency,жесткие,no_equality
12776,disgorging,извержение,no_equality
12777,legal,правовой,juridique
12778,legal,правовой,légal
12779,legal,правовой,droit
12780,legal,правовой,législatif
12781,legal,юридический,juridique
12782,legal,юридический,légal
12783,legal,юридический,judiciaire
12784,legal,законный,légal
12785,legal,законный,licite
12786,legal,законный,légitime
12787,legal,легальный,légal
12788,legal,легальный,légitime
12789,legal,права,loi
12790,legal,права,législation
12791,legal,законом,justice
12792,legal,законом,loi
12793,legal,законом,législation
12794,legal,законодательных,juridique
12795,legal,законодательных,législatif
12796,legal,законодательства,loi
12797,legal,законодательства,législation
12798,legal,судебных,judiciaire
12799,legal,законодательные,juridique
12800,legal,судебного,juridique
12801,legal,судебного,judiciaire
12802,legal,судебной,juridique
12803,legal,судебной,judiciaire
12804,legal,законодательной,juridique
12805,legal,законодательной,législatif
12806,legal,судебные,judiciaire
12807,exhaling,выдох,expiration
12808,exhaling,выдыхание,no_equality
12809,exhaling,выдыхает,no_equality
12810,belied,опровергается,no_equality
12811,belied,опровергаются,no_equality
12812,belied,дает неверное представление,no_equality
12813,belied,опровергли,no_equality
12814,torched,поджег,a brûlé
12815,torched,поджег,a mis le feu
12816,torched,подожгли,mettre le feu à
12817,torched,поджог,no_equality
12818,torched,сожгли,a brûlé
12819,torched,сожгли,été brûlée
12820,torched,сжёг,a cramé
12821,torched,сожгла,incendié
12822,torched,сожгла,a brûlé
12823,torched,сожгла,a mis le feu
12824,torched,сожгла,a cramé
12825,torched,сожжены,incendié
12826,torched,спалил,a brûlé
12827,torched,спалил,a mis le feu
12828,torched,спалил,a cramé
12829,torched,сожжено,incendié
12830,torched,подожгла,no_equality
12831,torched,подожжены,incendié
12832,torched,спалили,no_equality
12833,torched,поджечь,no_equality
12834,torched,сгоревший,incendié
12835,torched,сжечь,no_equality
12836,purposefulnesses,целенаправленность,no_equality
12837,purposefulnesses,целеустремлённость,no_equality
12838,purposefulnesses,решительность,no_equality
12839,purposefulnesses,целеустремленностью,no_equality
12840,embassies,посольств,ambassade
12841,embassies,посольства,ambassade
12842,embassies,посольствами,ambassade
12843,embassies,посольствах,ambassade
12844,embassies,посольствам,ambassade
12845,embassies,посольство,no_equality
12846,embassies,посольстве,ambassade
12847,advertency,внимательное отношение,no_equality
12848,communicatings,общение,communication
12849,communicatings,коммуникации,communication
12850,communicatings,коммуникации,transmission
12851,communicatings,связь,communication
12852,communicatings,связь,transmission
12853,communicatings,доведение,no_equality
12854,communicatings,общаться,no_equality
12855,communicatings,передачи,communication
12856,communicatings,передачи,transmission
12857,communicatings,передачи,diffusion
12858,communicatings,распространения,transmission
12859,communicatings,распространения,diffusion
12860,communicatings,сообщения,communication
12861,communicatings,общались,no_equality
12862,communicatings,передача,communication
12863,communicatings,передача,transmission
12864,communicatings,сообщение,communication
12865,communicatings,сообщение,transmission
12866,communicatings,информирования о,no_equality
12867,communicatings,связаться,no_equality
12868,communicatings,общаются,no_equality
12869,communicatings,коммуникация,communication
12870,minsters,министрами,ministre
12871,minsters,министров,ministre
12872,flashes,вспышки,no_equality
12873,flashes,вспышек,flash
12874,flashes,вспышек,éclair
12875,flashes,вспышками,no_equality
12876,flashes,мигает,clignote
12877,flashes,проблесков,no_equality
12878,flashes,проблесками,no_equality
12879,flashes,проносится,défile
12880,flashes,проносится,défiler
12881,flashes,вспыхивает,no_equality
12882,flashes,сверкает,no_equality
12883,flashes,видениях,flash
12884,flashes,видения,flash
12885,flashes,видения,vision
12886,flashes,проблески,no_equality
12887,anaemic,страдают анемией,no_equality
12888,anaemic,вялым,no_equality
12889,anaemic,страдают от анемии,no_equality
12890,anaemic,малокровия,no_equality
12891,anaemic,анемичным,anémique
12892,anaemic,обескровленной,no_equality
12893,anaemic,вялые,no_equality
12894,anaemic,страдают малокровием,no_equality
12895,anaemic,малокровие,anémie
12896,anaemic,анемия наблюдается,anémique
12897,anaemic,анемией страдают,anémique
12898,anaemic,страдающих малокровием,no_equality
12899,anaemic,слабым,anémique
12900,anaemic,анемичных,no_equality
12901,anaemic,подвержены анемии,anémique
12902,incise,сделать надрез,inciser
12903,incise,надрезать,no_equality
12904,take,принять,prendre
12905,take,принять,faire
12906,take,принять,adopter
12907,take,принять,reprendre
12908,take,принять,accepter
12909,take,взять,prendre
12910,take,взять,faire
12911,take,взять,emmener
12912,take,взять,avoir
12913,take,взять,accepter
12914,take,взять,emprunter
12915,take,принимать,prendre
12916,take,принимать,faire
12917,take,принимать,adopter
12918,take,принимать,accepter
12919,take,брать,prendre
12920,take,брать,faire
12921,take,брать,emmener
12922,take,брать,avoir
12923,take,брать,accepter
12924,take,брать,prélever
12925,take,брать,emprunter
12926,take,забрать,prendre
12927,take,забрать,emmener
12928,take,забрать,enlever
12929,take,забрать,avoir
12930,take,забрать,reprendre
12931,take,забрать,emporter
12932,take,занять,prendre
12933,take,занять,faire
12934,take,занять,avoir
12935,take,занять,adopter
12936,take,занять,reprendre
12937,take,занять,assumer
12938,take,занять,emprunter
12939,take,предпринять,prendre
12940,take,предпринять,faire
12941,take,предпринять,adopter
12942,take,воспользоваться,prendre
12943,take,воспользоваться,saisir
12944,take,воспользоваться,emprunter
12945,take,отвести,emmener
12946,take,отвести,conduire
12947,take,отвезти,prendre
12948,take,отвезти,emmener
12949,take,отвезти,aller
12950,take,отвезти,conduire
12951,take,снять,prendre
12952,take,снять,enlever
12953,take,предпринимать,prendre
12954,take,предпринимать,faire
12955,take,иметь,prendre
12956,take,иметь,avoir
12957,take,пойти,prendre
12958,take,пойти,faire
12959,take,пойти,aller
12960,take,пойти,accepter
12961,take,пойти,suivre
12962,take,занимать,prendre
12963,take,занимать,tenir
12964,take,занимать,adopter
12965,take,занимать,assumer
12966,take,занимать,emprunter
12967,take,заниматься,faire
12968,take,снимать,faire
12969,take,снимать,enlever
12970,take,нести,prendre
12971,take,нести,assumer
12972,take,нести,supporter
12973,take,взяться,reprendre
12974,take,сдавать,no_equality
12975,take,браться,no_equality
12976,take,свозить,emmener
12977,take,украсть,prendre
12978,take,украсть,enlever
12979,take,украсть,emprunter
12980,take,извлекать,no_equality
12981,take,взять на себя,reprendre
12982,take,взять на себя,assumer
12983,take,взять на себя,accepter
12984,take,взять на себя,supporter
12985,unwilling,не желают,ne veulent pas
12986,unwilling,не желают,refusent
12987,unwilling,не желают,ne souhaitent pas
12988,unwilling,не желает,peu disposé
12989,unwilling,не желает,refuse
12990,unwilling,не желает,ne veulent pas
12991,unwilling,не желает,ne veut pas
12992,unwilling,не желает,ne souhaitent pas
12993,unwilling,не хотят,ne veulent pas
12994,unwilling,не хотят,refusent
12995,unwilling,не хотят,ne veut pas
12996,unwilling,не хотят,ne souhaitent pas
12997,unwilling,не хотят,ne voulaient pas
12998,unwilling,не хочет,refuse
12999,unwilling,не хочет,ne veulent pas
13000,unwilling,не хочет,ne veut pas
13001,unwilling,нежелание,no_equality
13002,unwilling,не готовы,ne veulent pas
13003,unwilling,не желали,ne veulent pas
13004,unwilling,не желали,ne voulaient pas
13005,unwilling,не желающих,ne veulent pas
13006,unwilling,не желающих,ne souhaitent pas
13007,unwilling,не желающие,ne veulent pas
13008,unwilling,не желающие,ne souhaitent pas
13009,unwilling,желания,no_equality
13010,unwilling,нерасположенный,no_equality
13011,unwilling,неохотно,no_equality
13012,unwilling,отказываются,refusent
13013,modernizes,модернизирует,modernise
13014,intuitive,интуитивный,intuitif
13015,intuitive,интуиция,no_equality
13016,intuitive,интуитивно понятный,intuitif
13017,intuitive,интуитивно понятный,intuitivement
13018,intuitive,интуитивному,no_equality
13019,intuitive,интуитивными,no_equality
13020,intuitive,чутье,no_equality
13021,chuting,причинение,no_equality
13022,chuting,нанесение,no_equality
13023,chuting,причина,no_equality
13024,chuting,вызывает,no_equality
13025,chuting,вызывая,no_equality
13026,chuting,причиной,no_equality
13027,chuting,причинив,no_equality
13028,chuting,вызывают,no_equality
13029,chuting,что привело к,no_equality
13030,chuting,вызвав,no_equality
13031,chuting,вызывающих,no_equality
13032,chuting,вызвать,no_equality
13033,chuting,причиняет,no_equality
13034,chuting,создает,no_equality
13035,chuting,приводя к,no_equality
13036,chuting,порождение,no_equality
13037,chuting,являясь причиной,no_equality
13038,dimmed,потускнела,no_equality
13039,dimmed,померкла,no_equality
13040,dimmed,затемнили,no_equality
13041,dimmed,ослабили,no_equality
13042,integration,интеграция,intégration
13043,integration,интеграция,insertion
13044,integration,интеграция,incorporation
13045,integration,интеграция,intégrer
13046,integration,объединение,intégration
13047,integration,объединение,unification
13048,integration,объединение,fusion
13049,integration,включение,no_equality
13050,integration,комплектация,no_equality
13051,integration,укрупнение,no_equality
13052,integration,интегрированность,intégration
13053,integration,встраивание,no_equality
13054,integration,комплексирование,no_equality
13055,integration,интеграционный,no_equality
13056,integration,интегрированный,no_equality
13057,integration,интегрирующий,no_equality
13058,penetrating,пронизывающий,no_equality
13059,penetrating,проникающий,no_equality
13060,penetrating,пронзительный,perçant
13061,penetrating,проницательный,perspicace
13062,penetrating,проникновенный,pénétrant
13063,penetrating,пенетрирующий,no_equality
13064,penetrating,проникновение,no_equality
13065,recalls,напоминает о том,rappelle
13066,recalls,ссылается,rappelle
13067,recalls,ссылается,évoque
13068,recalls,ссылается,renvoie
13069,recalls,отмечает,no_equality
13070,recalls,вспоминает,se souvient
13071,recalls,содержится ссылка,évoque
13072,recalls,содержится ссылка,renvoie
13073,recalls,содержатся ссылки,renvoie
13074,recalls,упоминаются,no_equality
13075,recalls,обращает внимание,renvoie
13076,recalls,напоминают,rappelé
13077,recalls,напоминают,rappellent
13078,recalls,упоминается,évoque
13079,recalls,содержится напоминание о том,rappelé
13080,recalls,напоминаются,no_equality
13081,recalls,напоминается о том,no_equality
13082,recalls,помнит,no_equality
13083,recalls,ссылаясь,rappelant
13084,replacings,замена,no_equality
13085,replacings,замещение,no_equality
13086,replacings,заменить,no_equality
13087,replacings,заменив,no_equality
13088,replacings,вместо,no_equality
13089,replacings,заменяя,no_equality
13090,replacings,смену,no_equality
13091,replacings,заменяет,no_equality
13092,replacings,заменять,no_equality
13093,replacings,заменяют,no_equality
13094,replacings,заменит,no_equality
13095,replacings,взамен,no_equality
13096,replacings,заменивший,no_equality
13097,replacings,который заменил,no_equality
13098,replacings,заменила,no_equality
13099,kabobs,кебаб,brochette
13100,kabobs,кебаб,kebab
13101,displeasing,огорчает,no_equality
13102,obeyed,подчинялась,no_equality
13103,obeyed,подчинился,no_equality
13104,obeyed,повиновались,no_equality
13105,obeyed,подчинялись,no_equality
13106,obeyed,повиновался,obéit
13107,obeyed,повиноваться,no_equality
13108,obeyed,подчинились,no_equality
13109,obeyed,подчиняются,no_equality
13110,obeyed,соблюдал,no_equality
13111,obeyed,выполняться,no_equality
13112,obeyed,подчиняться,no_equality
13113,obeyed,соблюдались,no_equality
13114,obeyed,соблюдаться,no_equality
13115,characterise,характеризовать,caractériser
13116,characterise,характеризовать,qualifier
13117,hip,бедро,hanche
13118,hip,бедро,cuisse
13119,hip,бедра,hanche
13120,hip,бедра,cuisse
13121,hip,хип,no_equality
13122,hip,модная,no_equality
13123,hip,тазобедренных,no_equality
13124,hip,тазовой,no_equality
13125,hip,сиамские близнецы,no_equality
13126,hip,разлей вода,no_equality
13127,hip,тазобедренного сустава,no_equality
13128,hip,гип-гип,no_equality
13129,presages,предвещает,présage
13130,presages,предвещает,laisse présager
13131,presages,дурные знаки,no_equality
13132,bite,укусить,mordre
13133,bite,укусить,croquer
13134,bite,кусать,mordre
13135,bite,кусать,piquer
13136,bite,кусаться,mordre
13137,bite,откусить,mordre
13138,bite,откусить,arracher
13139,bite,откусить,croquer
13140,bite,укус,morsure
13141,bite,укус,bouchée
13142,bite,укус,piqûre
13143,bite,кусочек,bouchée
13144,bite,кусочек,morceau
13145,bite,кусочек,bout
13146,bite,кусочек,peu
13147,bite,кусочек,petit morceau
13148,bite,кусок,bouchée
13149,bite,кусок,morceau
13150,bite,кусок,bout
13151,bite,покусать,mordre
13152,bite,покусать,piquer
13153,bite,поесть,no_equality
13154,bite,грызть,mordre
13155,bite,прикус,no_equality
13156,bite,клюнет,no_equality
13157,bite,кусали,no_equality
13158,bite,клюнул,no_equality
13159,bite,клюет,no_equality
13160,pursuers,преследователей,poursuivant
13161,pursuers,преследователи,poursuivant
13162,resigns,уходит в отставку,no_equality
13163,resigns,увольняется,démissionne
13164,resigns,подает в отставку,démissionne
13165,resigns,слагает с себя полномочия,no_equality
13166,resigns,слагает с себя обязанности,no_equality
13167,Scientologys,сайентологии,no_equality
13168,Scientologys,сайентология,scientologie
13169,Scientologys,саентология,no_equality
13170,Scientologys,сайентологию,no_equality
13171,Scientologys,сайентологи,no_equality
13172,Scientologys,саентологов,scientologie
13173,Scientologys,сайентологов,no_equality
13174,Scientologys,сайентологами,no_equality
13175,Scientologys,цс,no_equality
13176,Scientologys,саентологии,scientologie
13177,Scientologys,сайентологией,no_equality
13178,synchronized,синхронизированный,no_equality
13179,synchronized,синхронизованный,no_equality
13180,synchronized,синхронизирован,no_equality
13181,letter,письмо,lettre
13182,letter,письмо,courrier
13183,letter,письмо,écrit
13184,letter,письмо,correspondance
13185,letter,письмо,message
13186,letter,письма,no_equality
13187,letter,буква,lettre
13188,letter,буква,caractère
13189,letter,буквы,lettre
13190,letter,послание,lettre
13191,letter,послание,missive
13192,letter,послание,message
13193,letter,записку,écrit
13194,letter,записку,note
13195,letter,записку,message
13196,letter,письменное,lettre
13197,letter,письмецо,no_equality
13198,letter,прошение,lettre
13199,letter,подпункт,no_equality
13200,letter,грамота,no_equality
13201,letter,литера,no_equality
13202,letter,полученное,no_equality
13203,irradiated,облученного,irradié
13204,irradiated,облученных,no_equality
13205,irradiated,облученный,no_equality
13206,irradiated,облучены,no_equality
13207,irradiated,облучению,rayonnement
13208,irradiated,облучали,no_equality
13209,irradiated,облучена,no_equality
13210,irradiated,облученным,no_equality
13211,irradiated,облучении,rayonnement
13212,adjustable,регулируемый,réglable
13213,adjustable,настраиваемый,no_equality
13214,adjustable,устанавливаемый,no_equality
13215,adjustable,передвижной,no_equality
13216,adjustable,раздвижной,no_equality
13217,adjustable,разводной,no_equality
13218,juddered,убитый,no_equality
13219,juddered,убийство,no_equality
13220,juddered,убитая,no_equality
13221,juddered,убили,no_equality
13222,juddered,убил,no_equality
13223,juddered,убит,no_equality
13224,juddered,убита,no_equality
13225,juddered,убиты,no_equality
13226,juddered,убийства,no_equality
13227,juddered,убила,no_equality
13228,juddered,убивают,no_equality
13229,juddered,убить,no_equality
13230,juddered,убивали,no_equality
13231,juddered,убивал,no_equality
13232,juddered,убьют,no_equality
13233,courthouses,зданий судов,tribunal
13234,courthouses,судах,tribunal
13235,courthouses,зданий суда,tribunal
13236,courthouses,здания судов,tribunal
13237,courthouses,залов судебных заседаний,no_equality
13238,courthouses,судебных зданий,tribunal
13239,courthouses,здания суда,palais de justice
13240,courthouses,суды,tribunal
13241,steepness,крутизна,no_equality
13242,steepness,крутость,no_equality
13243,flunkies,лакеев,laquais
13244,flunkies,лакеев,larbin
13245,flunkies,челядь,no_equality
13246,gravestones,надгробия,pierres tombales
13247,gravestones,надгробия,pierre tombale
13248,gravestones,надгробий,pierres tombales
13249,gravestones,надгробиями,no_equality
13250,gravestones,могильные плиты,no_equality
13251,racists,расисты,raciste
13252,racists,расистов,raciste
13253,racists,расистам,no_equality
13254,racists,расизма,raciste
13255,racists,расизма,racisme
13256,racists,расистами,raciste
13257,racists,бы расист,raciste
13258,tranquillisers,транквилизаторы,tranquillisant
13259,tranquillisers,успокоительное,calmant
13260,tranquillisers,транквилизаторами,tranquillisant
13261,lovebirds,голубки,no_equality
13262,lovebirds,голубков,amoureux
13263,lovebirds,влюбленные пташки,amoureux
13264,lovebirds,голубка,tourtereaux
13265,lovebirds,голубка,tourterelle
13266,lovebirds,влюбленных,tourtereaux
13267,lovebirds,влюбленных,amoureux
13268,transformation,преобразование,transformation
13269,transformation,трансформация,transformation
13270,transformation,трансформация,transformer
13271,transformation,изменение,transformation
13272,transformation,изменение,mutation
13273,transformation,изменение,changement
13274,transformation,перестройка,transformation
13275,transformation,превращение,transformation
13276,transformation,превращение,métamorphose
13277,transformation,превращение,transformer
13278,transformation,переход,transformation
13279,transformation,переход,changement
13280,transformation,переход,passage
13281,transformation,перемены,no_equality
13282,transformation,реорганизации,transformation
13283,transformation,реорганизации,remaniement
13284,transformation,реорганизации,réforme
13285,transformation,перемен,transformation
13286,transformation,перемен,mutation
13287,transformation,перемен,changement
13288,transformation,реформ,changement
13289,transformation,реформ,réforme
13290,transformation,реформы,no_equality
13291,transformation,переработки,transformation
13292,transformation,трансформирование,no_equality
13293,transformation,преображение,transformation
13294,transformation,перевоплощение,no_equality
13295,transformation,переработке,transformation
13296,transformation,переработке,transformant
13297,standee,стоящий пассажир,no_equality
13298,capuchins,капуцины,no_equality
13299,capuchins,капуцинов,no_equality
13300,capuchins,капуцинам,no_equality
13301,elusion,уклонение,esquive
13302,melanomas,меланомы,mélanome
13303,courts,суды,tribunal
13304,courts,суды,cour
13305,courts,суды,judiciaire
13306,courts,суды,juge
13307,courts,судов,tribunal
13308,courts,судов,juridiction
13309,courts,судов,judiciaire
13310,courts,судах,tribunal
13311,courts,судах,juge
13312,courts,судах,instance
13313,courts,судами,tribunal
13314,courts,судам,justice
13315,courts,суд,tribunal
13316,courts,суд,juridiction
13317,courts,суд,cour
13318,courts,суд,justice
13319,courts,суд,court
13320,courts,суд,juge
13321,courts,суд,instance
13322,courts,суда,tribunal
13323,courts,суда,cour
13324,courts,суда,judiciaire
13325,courts,суда,juge
13326,courts,суде,tribunal
13327,courts,суде,cour
13328,courts,суде,court
13329,courts,суде,juge
13330,courts,судом,tribunal
13331,courts,судом,cour
13332,courts,судом,justice
13333,courts,судом,judiciaire
13334,courts,судом,instance
13335,courts,судебные органы,tribunal
13336,courts,судебные органы,juridiction
13337,courts,судебных органов,tribunal
13338,courts,судебных органов,juridiction
13339,courts,судебных органов,juge
13340,courts,делам,tribunal
13341,courts,судебном порядке,justice
13342,courts,суду,tribunal
13343,courts,суду,cour
13344,courts,суду,judiciaire
13345,courts,судебными органами,juridiction
13346,courts,судебными органами,judiciaire
13347,resonant,резонансный,no_equality
13348,resonant,резонансным,no_equality
13349,resonant,резонанса,no_equality
13350,bystanders,прохожих,passant
13351,bystanders,прохожих,spectateur
13352,bystanders,свидетелей,témoin
13353,bystanders,посторонних лиц,no_equality
13354,bystanders,очевидцев,no_equality
13355,bystanders,наблюдатели,observateur
13356,bystanders,зевак,spectateur
13357,bystanders,зевак,badaud
13358,bystanders,сторонними наблюдателями,observateur
13359,bystanders,других лиц,tiers
13360,bystanders,свидетелями,témoin
13361,bystanders,посторонним лицам,no_equality
13362,bystanders,находившиеся неподалеку,no_equality
13363,bystanders,прохожим,passant
13364,bystanders,сторонних наблюдателей,observateur
13365,bystanders,мирных граждан,innocent
13366,bystanders,случайные прохожие,passant
13367,overwritten,перезаписан,no_equality
13368,overwritten,перезаписаны,no_equality
13369,overwritten,перезаписать,no_equality
13370,overwritten,переписывается,no_equality
13371,overwritten,изображениях будут заменены метаданными,no_equality
13372,overwritten,перезаписи,no_equality
13373,theocratic,теократический,théocratique
13374,theocratic,теократическим,no_equality
13375,theocratic,теократическому,no_equality
13376,theocratic,теократических,no_equality
13377,theocratic,теократическая,no_equality
13378,theocratic,теократической,no_equality
13379,gravitating,тяготеющий,no_equality
13380,gravitating,гравитирующий,no_equality
13381,gravitating,тяготение,no_equality
13382,gravitating,гравитационный,no_equality
13383,check_in,связаться,no_equality
13384,check_in,зарегистрироваться,s'enregistrer
13385,check_in,проверить,vérifier
13386,check_in,проведать,vérifier
13387,check_in,проверю,no_equality
13388,check_in,проверять,vérifier
13389,check_in,проверять,vérification
13390,check_in,отметиться,pointer
13391,check_in,регистрироваться,s'enregistrer
13392,check_in,чек в,no_equality
13393,check_in,зайду,no_equality
13394,check_in,заглянуть,vérifier
13395,check_in,проверим,no_equality
13396,check_in,навестить,no_equality
13397,check_in,позвонить,no_equality
13398,outgoes,опережает,no_equality
13399,behold,узреть,voir
13400,behold,смотреть,voir
13401,behold,смотреть,regarder
13402,behold,вот,voici
13403,behold,вот,voilà
13404,behold,чудо,no_equality
13405,behold,созерцать,contempler
13406,behold,созерцайте,no_equality
13407,behold,созерцай,no_equality
13408,philanthropy,филантропия,philanthropie
13409,philanthropy,филантропия,mécénat
13410,philanthropy,благотворительность,philanthropie
13411,philanthropy,благотворительная деятельность,no_equality
13412,philanthropy,благотворительной деятельности,no_equality
13413,philanthropy,филантропической деятельности,no_equality
13414,philanthropy,филантропией,philanthropie
13415,philanthropy,филантропическую деятельность,no_equality
13416,philanthropy,филантропов,no_equality
13417,philanthropy,благотворительную деятельность,no_equality
13418,philanthropy,благотворительных организаций,no_equality
13419,bacteria,бактерионоситель,no_equality
13420,cannibalized,разобраны,no_equality
13421,cannibalized,разобранных,no_equality
13422,hedonists,гедонисты,no_equality
13423,hedonists,гедонистами,no_equality
13424,peddling,торгуют,no_equality
13425,peddling,торговать,no_equality
13426,peddling,продает,vendre
13427,peddling,торговля вразнос,colportage
13428,peddling,торгуешь,no_equality
13429,peddling,продавал,vendre
13430,peddling,барыжил,no_equality
13431,peddling,втюхивает,no_equality
13432,joking,шутка,plaisanterie
13433,joking,шутка,farce
13434,joking,шутливый,no_equality
13435,joking,шутящий,no_equality
13436,chimaeras,химеровых,no_equality
13437,good-bies,хороший,bon
13438,good-bies,хороший,bien
13439,good-bies,добрый,bon
13440,good-bies,добрый,bien
13441,good-bies,хорошая,bon
13442,good-bies,хорошая,bonne
13443,good-bies,хорошая,bien
13444,good-bies,отличный,no_equality
13445,good-bies,отлично,no_equality
13446,good-bies,оби,no_equality
13447,good-bies,мби,no_equality
13448,descends,спускается,descend
13449,descends,спускается,descendait
13450,descends,опускается,descend
13451,descends,опускается,s'abaisse
13452,descends,опустится,descend
13453,descends,опустится,descende
13454,descends,обрушилась,no_equality
13455,descends,скатывается,no_equality
13456,clicked,нажатый,no_equality
13457,disappearing,исчезновение,disparition
13458,disappearing,исчезновение,disparu
13459,disappearing,исчезновение,disparaître
13460,disappearing,исчезновение,disparaisse
13461,disappearing,исчезновение,extinction
13462,disappearing,исчезают,no_equality
13463,disappearing,исчезает,no_equality
13464,disappearing,исчезать,no_equality
13465,disappearing,исчезнуть,no_equality
13466,disappearing,пропадают,disparaissent
13467,disappearing,пропадают,disparaissant
13468,disappearing,исчез,no_equality
13469,disappearing,исчезающих,disparition
13470,disappearing,исчезающие,no_equality
13471,disappearing,пропадать,no_equality
13472,disappearing,исчезал,disparu
13473,disappearing,исчезал,disparaît
13474,disappearing,исчезал,disparaissait
13475,disappearing,исчезающей,no_equality
13476,disappearing,исчезли,no_equality
13477,disappearing,пропадаешь,no_equality
13478,disappearing,стираются,no_equality
13479,specificity,специфика,spécificité
13480,specificity,специфика,particularité
13481,specificity,конкретность,no_equality
13482,specificity,особенность,spécificité
13483,specificity,особенность,particularité
13484,specificity,особенность,spécialité
13485,specificity,специфичность,spécificité
13486,specificity,конкретизации,spécificité
13487,specificity,конкретизации,précision
13488,specificity,конкретики,no_equality
13489,specificity,самобытности,spécificité
13490,specificity,самобытности,particularité
13491,specificity,специфический характер,spécificité
13492,specificity,конкретно,no_equality
13493,specificity,конкретикой,no_equality
13494,zippy,зиппи,zippy
13495,zippy,шустрик,zippy
13496,zippy,живчик,zippy
13497,zippy,живчика,no_equality
13498,zippy,энергичный,no_equality
13499,improvising,импровизация,improvisation
13500,improvising,импровизация,improviser
13501,improvising,импровизация,impro
13502,improvising,импровизировать,no_equality
13503,improvising,импровизировал,improvise
13504,improvising,импровизируют,no_equality
13505,improvising,импровизируя,improvisant
13506,improvising,импровизируем,no_equality
13507,improvising,импровизирует,improvise
13508,improvising,импровизирую,improvise
13509,improvising,импровизируешь,no_equality
13510,improvising,импровизировали,no_equality
13511,venturer,авантюрист,aventurier
13512,venturer,авантюристка,aventurier
13513,nerds,ботанов,nerds
13514,nerds,ботанов,intellectuel
13515,nerds,ботаны,binoclard
13516,nerds,ботаников,geek
13517,nerds,ботаники,nerds
13518,nerds,задротов,nerds
13519,nerds,задротов,intellectuel
13520,nerds,задротов,geek
13521,nerds,задроты,no_equality
13522,nerds,ботанами,no_equality
13523,nerds,умники,intellectuel
13524,nerds,зануды,no_equality
13525,nerds,умников,intellectuel
13526,nerds,занудами,no_equality
13527,nerds,болваны,crétin
13528,nerds,задротами,no_equality
13529,nerds,зануд,ringard
13530,nerds,ботаникам,no_equality
13531,valuer,оценщик,évaluateur
13532,valuer,оценщик,expert
13533,AIS,аис,sia
13534,AIS,аис,ais
13535,AIS,аис,sai
13536,AIS,дуп,ssc
13537,AIS,сов,no_equality
13538,AIS,сигнал указания аварии,no_equality
13539,AIS,ais,no_equality
13540,self-regards,себя,no_equality
13541,self-regards,себе,no_equality
13542,self-regards,сущность,no_equality
13543,self-regards,личность,no_equality
13544,self-regards,"""я""",no_equality
13545,self-regards,рассматривает,no_equality
13546,self-regards,считает,considère
13547,self-regards,считает,estime
13548,self-regards,привет,salutation
13549,self-regards,привет,amitié
13550,self-regards,почтение,no_equality
13551,self-regards,наилучшие пожелания,no_equality
13552,necrotic,некротические,no_equality
13553,necrotic,некротическая,no_equality
13554,necrotic,некротических,no_equality
13555,necrotic,омертвевшую,no_equality
13556,necrotic,некроза,no_equality
13557,necrotic,отмершей,no_equality
13558,necrotic,мертвые,no_equality
13559,necrotic,начался некроз,no_equality
13560,necrotic,омертвевший,no_equality
13561,necrotic,омертвевшие,no_equality
13562,plumbing,водопровод,plomberie
13563,plumbing,водопровод,tuyau
13564,plumbing,водопровод,eau courante
13565,plumbing,сантехника,plomberie
13566,plumbing,сантехника,plombier
13567,plumbing,слесарное дело,no_equality
13568,plumbing,слесарные работы,no_equality
13569,plumbing,прокладка труб,no_equality
13570,plumbing,сантехническая арматура,no_equality
13571,plumbing,сантехнический,no_equality
13572,plumbing,устанавливающий вертикально,no_equality
13573,calming,успокаивающий,no_equality
13574,calming,успокаивать,no_equality
13575,calming,нормализации,no_equality
13576,calming,успокоить,no_equality
13577,calming,снижение интенсивности,no_equality
13578,calming,успокаивает,calme
13579,calming,успокоиться,no_equality
13580,calming,ограниченным,no_equality
13581,follicles,фолликул,follicule
13582,follicles,фолликулами,no_equality
13583,troubles,проблемы,problème
13584,troubles,проблемы,mal
13585,troubles,беды,ennui
13586,troubles,беды,perturbation
13587,troubles,беды,mal
13588,troubles,проблем,problème
13589,troubles,проблем,ennui
13590,troubles,проблем,difficulté
13591,troubles,неприятности,problème
13592,troubles,неприятности,trouble
13593,troubles,неприятности,ennui
13594,troubles,неприятности,mal
13595,troubles,проблемах,problème
13596,troubles,проблемах,ennui
13597,troubles,проблемах,souci
13598,troubles,проблемах,difficulté
13599,troubles,бед,ennui
13600,troubles,бед,perturbation
13601,troubles,бед,mal
13602,troubles,бедами,no_equality
13603,troubles,беспокоит,problème
13604,troubles,беспокоит,souci
13605,troubles,беспокоит,dérange
13606,troubles,беспокоит,inquiète
13607,troubles,беспокоит,préoccupe
13608,troubles,беспокоит,gêne
13609,troubles,бедах,no_equality
13610,troubles,неприятностей,ennui
13611,troubles,трудности,difficulté
13612,troubles,проблемами,problème
13613,troubles,бедам,no_equality
13614,troubles,тревожит,trouble
13615,troubles,тревожит,dérange
13616,troubles,тревожит,inquiète
13617,troubles,тревожит,préoccupe
13618,troubles,тревожит,gêne
13619,troubles,неприятностях,no_equality
13620,depress,вогнать,no_equality
13621,depress,подавлять,no_equality
13622,depress,снижать,abaisser
13623,depress,снижать,diminuer
13624,depress,удручать,no_equality
13625,depress,нажимаешь,no_equality
13626,depress,угнетают,no_equality
13627,depress,угнетает,no_equality
13628,depress,огорчаешь,no_equality
13629,depress,понижают,no_equality
13630,depress,ведут к снижению,diminuer
13631,depress,ведут к снижению,baisse
13632,depress,удручают,no_equality
13633,depress,расстраивает,no_equality
13634,depress,угнетать,no_equality
13635,slingings,толкают,no_equality
13636,slingings,лезешь,no_equality
13637,slingings,толкал,fourguait
13638,slingings,подержанными,no_equality
13639,slingings,разносила,no_equality
13640,slingings,продажу,no_equality
13641,slingings,толкает героин,no_equality
13642,slingings,торгуешь,deales de
13643,sensibility,чувствительность,sensibilité
13644,sensibility,чувство,no_equality
13645,Ethiopians,эфиопов,no_equality
13646,Ethiopians,эфиопы,éthiopien
13647,Ethiopians,эфиопцев,éthiopien
13648,Ethiopians,граждан эфиопии,no_equality
13649,Ethiopians,эфиопами,éthiopien
13650,Ethiopians,эфиопских граждан,no_equality
13651,Ethiopians,эфиопских беженцев,no_equality
13652,Ethiopians,жителей эфиопии,éthiopien
13653,Ethiopians,эфиопцы,no_equality
13654,Ethiopians,эфиопам,no_equality
13655,Ethiopians,эфиопцами,no_equality
13656,Ethiopians,эфиопцам,no_equality
13657,Ethiopians,гражданам эфиопии,éthiopien
13658,Ethiopians,эфиопские войска,no_equality
13659,Ethiopians,эфиопским гражданам,éthiopien
13660,crimping,вербовка,no_equality
13661,highlight,подчеркнуть,souligner
13662,highlight,подчеркнуть,insister sur
13663,highlight,подчеркнуть,signaler
13664,highlight,подчеркивать,souligner
13665,highlight,подчеркивать,mettre en évidence
13666,highlight,подчеркивать,mettre en lumière
13667,highlight,подчеркивать,mettre en valeur
13668,highlight,подчеркивать,mettre en relief
13669,highlight,подчеркивать,mettre en avant
13670,highlight,подчеркивать,insister sur
13671,highlight,подчеркивать,mettre l'accent sur
13672,highlight,осветить,souligner
13673,highlight,осветить,mettre en évidence
13674,highlight,осветить,mettre en lumière
13675,highlight,осветить,mettre en relief
13676,highlight,осветить,insister sur
13677,highlight,осветить,mettre l'accent sur
13678,highlight,выделить,souligner
13679,highlight,выделить,insister sur
13680,highlight,выделить,sélectionner
13681,highlight,привлечь внимание,souligner
13682,highlight,привлечь внимание,mettre en lumière
13683,highlight,высветить,souligner
13684,highlight,высветить,mettre en évidence
13685,highlight,высветить,mettre en lumière
13686,highlight,высветить,mettre en relief
13687,highlight,высветить,mettre en avant
13688,highlight,высветить,faire ressortir
13689,highlight,высветить,mettre en exergue
13690,highlight,высветить,attirer l'attention sur
13691,highlight,обратить внимание,signaler
13692,highlight,остановиться,no_equality
13693,highlight,освещение,no_equality
13694,highlight,выявить,no_equality
13695,highlight,освещаться,no_equality
13696,highlight,освещать,mettre en évidence
13697,highlight,освещать,mettre en lumière
13698,highlight,указывать,montrer
13699,highlight,указывать,signaler
13700,highlight,высвечивать,no_equality
13701,highlight,особо отметить,souligner
13702,highlight,особо отметить,mettre en lumière
13703,highlight,особо отметить,mettre en relief
13704,highlight,особо отметить,insister sur
13705,highlight,особо отметить,mettre en exergue
13706,highlight,особо отметить,signaler
13707,highlight,выделять,no_equality
13708,highlight,изюминка,no_equality
13709,highlight,подсветка,surlignement
13710,highlight,подсветить,no_equality
13711,highlight,выдвигать на первый план,no_equality
13712,highlight,подсвечивать,surligner
13713,highlight,подсвечивать,mettre en surbrillance
13714,indiscriminately,без разбора,sans discrimination
13715,indiscriminately,без разбора,sans discernement
13716,indiscriminately,без разбора,sans distinction
13717,indiscriminately,беспорядочно,au hasard
13718,indiscriminately,огульно,indistinctement
13719,indiscriminately,неразборчиво,no_equality
13720,indiscriminately,подряд,no_equality
13721,indiscriminately,неизбирательный,aveuglette
13722,loser,неудачник,perdant
13723,loser,неудачник,loser
13724,loser,неудачник,raté
13725,loser,неудачник,nul
13726,loser,неудачник,looser
13727,loser,неудачник,tocard
13728,loser,неудачник,pauvre type
13729,loser,неудачник,ringard
13730,loser,неудачник,minable
13731,loser,неудачник,naze
13732,loser,неудачник,bon à rien
13733,loser,неудачница,loser
13734,loser,неудачница,raté
13735,loser,неудачница,perdant
13736,loser,неудачница,looser
13737,loser,неудачница,naze
13738,loser,лузер,perdant
13739,loser,лузер,loser
13740,loser,лузер,raté
13741,loser,лузер,looser
13742,loser,лузер,minable
13743,loser,проигравший,no_equality
13744,loser,лузером,loser
13745,loser,лузером,raté
13746,loser,лузером,looser
13747,loser,проигравшего,perdant
13748,loser,проигравшим,perdant
13749,loser,лузеров,loser
13750,loser,лузеров,raté
13751,loser,лузеров,nul
13752,loser,ничтожество,nul
13753,loser,ничтожество,pauvre type
13754,loser,ничтожество,minable
13755,loser,ничтожество,bon à rien
13756,loser,лох,no_equality
13757,loser,лузера,loser
13758,loser,проиграл,no_equality
13759,loser,проигравших,perdant
13760,loser,проиграет,perdant
13761,loser,проигравшей,perdant
13762,loser,проигравшая,perdant
13763,sitter,Няня,baby-sitter
13764,sitter,Няня,nounou
13765,sitter,Няня,gardien
13766,sitter,Няня,babysitter
13767,sitter,Няня,nourrice
13768,sitter,натурщик,no_equality
13769,sitter,пассажир,no_equality
13770,sitter,сидящий,personne assise
13771,sitter,присматривающий,no_equality
13772,objects,объектов,objet
13773,objects,объектов,objectif
13774,objects,объекты,objet
13775,objects,объекты,objectif
13776,objects,предметы,objet
13777,objects,предметы,article
13778,objects,предметы,chose
13779,objects,предметы,œuvres
13780,objects,предметов,objet
13781,objects,предметов,article
13782,objects,предметов,pièce
13783,objects,предметов,élément
13784,objects,объектами,objet
13785,objects,объектам,objet
13786,objects,объектах,no_equality
13787,objects,предметами,objet
13788,objects,предметами,article
13789,objects,возражает против,conteste
13790,objects,объекта,objet
13791,objects,объекта,objectif
13792,objects,ценностей,objet
13793,objects,вещи,chose
13794,objects,объект,objet
13795,objects,объект,objectif
13796,objects,целей,objet
13797,objects,целей,objectif
13798,objects,целей,but
13799,objects,вещей,objet
13800,objects,вещей,chose
13801,integrator,интегратор,intégrateur
13802,integrator,интегрирующий,no_equality
13803,Negroes,негры,noir
13804,Negroes,негры,nègre
13805,Negroes,негры,négro
13806,Negroes,негров,noir
13807,Negroes,негров,nègre
13808,Negroes,неграми,blackos
13809,Negroes,неграх,no_equality
13810,Negroes,неграм,nègre
13811,Negroes,темнокожие,no_equality
13812,strips,полос,bande
13813,strips,полос,piste
13814,strips,полос,barre
13815,strips,полосы,bande
13816,strips,полосы,piste
13817,strips,полоски,bande
13818,strips,полоски,lamelle
13819,strips,полоски,barre
13820,strips,лишает,no_equality
13821,strips,полосок,no_equality
13822,strips,полосками,no_equality
13823,strips,полосами,bande
13824,strips,ленты,bande
13825,strips,ленты,ruban
13826,strips,полосах,piste
13827,strips,раздевается,no_equality
13828,strips,колодки,no_equality
13829,strips,форма,no_equality
13830,strips,комиксов,no_equality
13831,trusses,кисти,no_equality
13832,trusses,кистям,no_equality
13833,trusses,для кистей,no_equality
13834,trusses,стропильных ферм,ferme
13835,trusses,кистях,no_equality
13836,virulence,вирулентность,virulence
13837,virulence,злобность,no_equality
13838,virulence,ядовитость,no_equality
13839,virulence,вирулентности,no_equality
13840,pull,тянуть,tirer
13841,pull,тянуть,traîner
13842,pull,потянуть,tirer
13843,pull,дернуть,no_equality
13844,pull,достать,no_equality
13845,pull,извлечь,tirer
13846,pull,извлечь,sortir
13847,pull,извлечь,enlever
13848,pull,извлечь,extraire
13849,pull,подтянуть,no_equality
13850,pull,вывести,enlever
13851,pull,вывести,mettre
13852,pull,вывести,extraire
13853,pull,спустить,no_equality
13854,pull,отвести,mettre
13855,pull,отвести,ramener
13856,pull,потянуться,no_equality
13857,pull,придвинуть,no_equality
13858,pull,утягивать,no_equality
13859,pull,одергивать,no_equality
13860,pull,тяга,tirage
13861,praises,дифирамбы,no_equality
13862,praises,хвалит,no_equality
13863,praises,высоко оценивает,loue
13864,praises,высоко оценивает,salue
13865,praises,высоко оценивает,fait l'éloge
13866,praises,высоко оценивает,rend hommage
13867,praises,похвалы,louange
13868,praises,похвалы,mérite
13869,praises,хвалу,louange
13870,praises,выражает признательность,salue
13871,praises,выражает признательность,rend hommage
13872,praises,восхваляет,loue
13873,praises,хвалы,no_equality
13874,praises,превозносит,no_equality
13875,praises,отдает должное,salue
13876,praises,отдает должное,félicite
13877,praises,отдает должное,rend hommage
13878,praises,похвалами,no_equality
13879,praises,восхвалений,no_equality
13880,praises,восхваляют,no_equality
13881,praises,восхваляем,no_equality
13882,praises,отважному,no_equality
13883,speedometers,спидометры,no_equality
13884,speedometers,спидометров,no_equality
13885,idlers,бездельников,oisif
13886,idlers,бездельников,fainéant
13887,idlers,бездельников,paresseux
13888,vitriol,купорос,vitriol
13889,vitriol,язвительность,no_equality
13890,vitriol,сарказма,no_equality
13891,clusters,кассет,no_equality
13892,ratification,ратификация,ratification
13893,ratification,ратификация,ratifié
13894,ratification,ратификация,ratifient
13895,ratification,ратификация,ratifier
13896,ratification,утверждение,adoption
13897,ratification,ратификационный,no_equality
13898,ratification,ратифицировала,no_equality
13899,ratification,ратифицировав,ratification
13900,ratification,ратифицировало,no_equality
13901,ratification,ратифицировавших,no_equality
13902,ratification,ратифицировал,no_equality
13903,ratification,ратифицировать,no_equality
13904,ratification,ратифицирована,ratification
13905,ratification,ратифицирована,ratifié
13906,ratification,ратифицировали,no_equality
13907,ratification,ратифицированных,no_equality
13908,discussions,дискуссии,discussion
13909,discussions,дискуссии,débat
13910,discussions,дискуссии,entretien
13911,discussions,дискуссии,pourparler
13912,discussions,дискуссии,délibération
13913,discussions,дискуссии,travaux
13914,discussions,дискуссии,dialogue
13915,discussions,обсуждения,pourparler
13916,discussions,обсуждения,délibération
13917,discussions,обсуждения,examen
13918,discussions,обсуждения,discuter
13919,discussions,обсуждений,discussion
13920,discussions,обсуждений,débat
13921,discussions,обсуждений,entretien
13922,discussions,обсуждений,pourparler
13923,discussions,обсуждений,délibération
13924,discussions,обсуждений,travaux
13925,discussions,обсуждений,négociation
13926,discussions,обсуждений,consultation
13927,discussions,обсуждений,dialogue
13928,discussions,обсуждение,débat
13929,discussions,обсуждение,examen
13930,discussions,обсуждение,travaux
13931,discussions,обсуждение,dialogue
13932,discussions,обсуждениях,discussion
13933,discussions,обсуждениях,débat
13934,discussions,обсуждениях,entretien
13935,discussions,обсуждениях,travaux
13936,discussions,обсуждениях,consultation
13937,discussions,дискуссиях,débat
13938,discussions,переговоры,discussion
13939,discussions,переговоры,entretien
13940,discussions,переговоры,pourparler
13941,discussions,переговоры,négociation
13942,discussions,переговоры,consultation
13943,discussions,переговоры,dialogue
13944,discussions,обсуждению,examen
13945,discussions,переговоров,discussion
13946,discussions,переговоров,entretien
13947,discussions,переговоров,pourparler
13948,discussions,переговоров,négociation
13949,discussions,переговоров,consultation
13950,discussions,переговоров,dialogue
13951,discussions,обсуждениям,discussion
13952,discussions,обсуждениям,débat
13953,discussions,обсуждениям,délibération
13954,discussions,обсуждениям,travaux
13955,discussions,ходе дискуссий,discussion
13956,discussions,дискуссиям,no_equality
13957,discussions,беседы,discussion
13958,discussions,беседы,conversation
13959,discussions,консультации,discussion
13960,discussions,консультации,entretien
13961,discussions,консультации,consultation
13962,discussions,дискуссию,discussion
13963,discussions,дискуссию,débat
13964,discussions,дискуссию,délibération
13965,discussions,дискуссию,examen
13966,syncopation,синкопа,no_equality
13967,Franks,фрэнкс,franks
13968,Franks,фрэнкса,franks
13969,Franks,френкс,franks
13970,Franks,фрэнксом,franks
13971,Franks,франками,no_equality
13972,Franks,франки,no_equality
13973,Franks,франков,franc
13974,Franks,фрэнк,franck
13975,disk,диск,disque
13976,disk,диск,disquette
13977,disk,дискового,disque
13978,disk,дисковый,no_equality
13979,disk,дисковое,disque
13980,disk,disk,no_equality
13981,disk,диски,disque
13982,disk,пластинка,no_equality
13983,disk,дискету,disquette
13984,disk,дискеты,disquette
13985,disk,дискета,disquette
13986,insolvency,несостоятельность,insolvabilité
13987,insolvency,несостоятельность,faillite
13988,insolvency,банкротство,faillite
13989,insolvency,неплатёжеспособность,insolvabilité
13990,insolvency,деле о несостоятельности,insolvabilité
13991,insolvency,неплатежеспособности,insolvabilité
13992,insolvency,неплатежеспособности,faillite
13993,insolvency,делу о несостоятельности,insolvabilité
13994,insolvency,производства,no_equality
13995,insolvency,имущественную,no_equality
13996,insolvency,неплатежеспособностью,insolvabilité
13997,insolvency,несостоя-тельности,insolvable
13998,insolvency,несостоя-тельности,insolvency
13999,insolvency,несостоятельного,no_equality
14000,compositor,наборщик,no_equality
14001,remember,помнить,se rappeler
14002,remember,помнить,se souvenir
14003,remember,помнить,retenir
14004,remember,вспомнить,se rappeler
14005,remember,вспомнить,se souvenir
14006,remember,вспомнить,me souviens
14007,remember,вспомнить,me rappelle
14008,remember,запомнить,se rappeler
14009,remember,запомнить,se souvenir
14010,remember,запомнить,retenir
14011,remember,запомнить,mémoriser
14012,remember,запомнить,me souviens
14013,remember,запомнить,me rappelle
14014,remember,забыть,souvenir
14015,remember,забыть,penser
14016,remember,вспоминать,se rappeler
14017,remember,вспоминать,se souvenir
14018,remember,вспоминать,se remémorer
14019,remember,припоминать,no_equality
14020,remember,запоминать,se rappeler
14021,remember,запоминать,se souvenir
14022,remember,запоминать,retenir
14023,remember,запоминать,mémoriser
14024,remember,припомнить,se rappeler
14025,remember,припомнить,me rappelle
14026,remember,забывай,no_equality
14027,remember,забывайте,no_equality
14028,remember,памяти,no_equality
14029,remember,забывать о том,no_equality
14030,remember,запомнилось,no_equality
14031,remember,напоминать,se rappeler
14032,remember,напоминать,rappeler
14033,remember,напоминать,souvenir
14034,remember,напоминать,remémorer
14035,remember,не забывать,se rappeler
14036,remember,не забывать,se souvenir
14037,remember,не забывать,n'oubliez pas
14038,remember,поминать,no_equality
14039,remember,не забыть,se souvenir
14040,remember,упомнить,no_equality
14041,aromatise,ароматический,no_equality
14042,aromatise,ароматный,no_equality
14043,aromatise,ароматическое,no_equality
14044,witchery,колдовство,sorcellerie
14045,witchery,чары,sorcellerie
14046,implicit,имплицитный,implicite
14047,implicit,косвенный,implicite
14048,implicit,подразумевается,implique
14049,implicit,подразумевается,sous-entend
14050,implicit,подразумеваемым,implicite
14051,implicit,подразумеваемым,tacite
14052,implicit,подразумеваемым,implicitement
14053,implicit,подразумеваемого,implicite
14054,implicit,подразумеваемого,implicitement
14055,implicit,неявный,no_equality
14056,implicit,присущий,inhérent
14057,implicit,скрытые,no_equality
14058,implicit,подразумеваемое,implicite
14059,implicit,подразумеваемое,implicitement
14060,implicit,подразумевает,implique
14061,implicit,подразумевает,sous-entend
14062,implicit,неявные,implicite
14063,implicit,подразумеваемые,no_equality
14064,implicit,подразумеваемом,no_equality
14065,implicit,скрытого,implicite
14066,implicit,скрытой,implicite
14067,implicit,скрытой,implicitement
14068,implicit,подразумеваемых,no_equality
14069,norther,северной,no_equality
14070,norther,нордер,no_equality
14071,motels,мотели,motel
14072,motels,мотелей,motel
14073,motels,мотелях,motel
14074,motels,мотель,motel
14075,motels,отели,no_equality
14076,motels,отелях,motel
14077,motels,мотеля,motel
14078,motels,мотелям,no_equality
14079,motels,мотелями,no_equality
14080,biophysicist,биофизик,no_equality
14081,realigned,соответствие,no_equality
14082,realigned,перестроила,no_equality
14083,realigned,реорганизовала,no_equality
14084,realigned,реорганизована,réorganisé
14085,realigned,перестроена,no_equality
14086,realigned,перегруппированы,no_equality
14087,realigned,перераспределены,no_equality
14088,realigned,перенастроен,no_equality
14089,realigned,перераспределяемых,no_equality
14090,realigned,переработаны,no_equality
14091,realigned,скорректировали,no_equality
14092,realigned,упорядочена,no_equality
14093,realigned,перестроили,réaligné
14094,realigned,переориентирована,réorienté
14095,realigned,перестроены,no_equality
14096,unceasing,неустанный,no_equality
14097,unceasing,непрекращающейся,no_equality
14098,unceasing,непрекращающихся,no_equality
14099,unceasing,непрекращающееся,no_equality
14100,unceasing,непрестанные,no_equality
14101,unceasing,непрекращающуюся,no_equality
14102,unceasing,непрекращающиеся,no_equality
14103,shrimpers,ловцы креветок,no_equality
14104,billets,заготовок,no_equality
14105,billets,заготовки,no_equality
14106,defensive,оборонительный,défensif
14107,defensive,защитительный,no_equality
14108,defensive,оборонительная позиция,no_equality
14109,defensive,оборона,défensive
14110,defensive,оборонительный характер,no_equality
14111,defensive,оборонительное сооружение,no_equality
14112,defensive,защищающийся,no_equality
14113,defensive,защищающий,no_equality
14114,Audubons,одюбон,audubon
14115,Audubons,одюбона,no_equality
14116,Audubons,одубон,no_equality
14117,Audubons,одюбоновского,no_equality
14118,Audubons,аудубонских,no_equality
14119,priest,священник,prêtre
14120,priest,священник,curé
14121,priest,священник,pasteur
14122,priest,священник,ecclésiastique
14123,priest,жрец,prêtre
14124,priest,кюре,curé
14125,priest,поп,no_equality
14126,priest,монах,moine
14127,priest,святой отец,no_equality
14128,priest,пастор,prêtre
14129,priest,пастор,pasteur
14130,priest,духовник,confesseur
14131,priest,святоша,prêtre
14132,priest,ксёндз,no_equality
14133,priest,отец,père
14134,priest,отец,abbé
14135,priest,батюшка,père
14136,priest,священик,no_equality
14137,priest,священика,no_equality
14138,priest,прист,no_equality
14139,priest,попа,no_equality
14140,sour,кислый,acide
14141,sour,сметаны,no_equality
14142,conciliator,посредник,no_equality
14143,conciliator,миротворец,conciliateur
14144,conciliator,примирителя,no_equality
14145,conciliator,уполномоченного,no_equality
14146,minstrels,менестрелей,no_equality
14147,minstrels,менестрели,no_equality
14148,minstrels,хорах,no_equality
14149,waists,талии,no_equality
14150,uglifies,квалифицируется,no_equality
14151,uglifies,квалифицирует,no_equality
14152,uglifies,имеет право,no_equality
14153,uglifies,подходит,no_equality
14154,uglifies,можно квалифицировать,no_equality
14155,uglifies,отвечает критериям,no_equality
14156,uglifies,расценивается,no_equality
14157,uglifies,получает право,no_equality
14158,uglifies,отвечает требованиям,no_equality
14159,uglifies,квалифицируются,no_equality
14160,cooperative,совместный,collaboration
14161,cooperative,совместный,conjoint
14162,cooperative,совместный,collaboratif
14163,cooperative,кооперативный,coopératif
14164,cooperative,сотрудничество,coopération
14165,cooperative,сотрудничество,collaboration
14166,cooperative,сотрудничество,coopérant
14167,cooperative,кооператив,coopérative
14168,cooperative,кооперации,coopérative
14169,cooperative,кооперации,coopération
14170,cooperative,кооперационных,no_equality
14171,cooperative,кооперационные,no_equality
14172,cooperative,сотрудничающих,no_equality
14173,eccentric,эксцентричный,excentrique
14174,eccentric,чудаковатый,no_equality
14175,eccentric,эксцентрик,no_equality
14176,eccentric,чудак,no_equality
14177,eccentric,эксцентриком,no_equality
14178,eccentric,эксцентричны,no_equality
14179,eccentric,эксцентричности,no_equality
14180,objectivenesses,объективность,no_equality
14181,sapper,сапер,no_equality
14182,sapper,сапёров,no_equality
14183,lecher,распутник,débauché
14184,lecher,распутник,libertin
14185,lecher,распутница,no_equality
14186,lecher,блудник,no_equality
14187,lecher,развратник,débauché
14188,lecher,развратник,vicieux
14189,lecher,блудница,no_equality
14190,lecher,развратница,no_equality
14191,lecher,распутничает,no_equality
14192,shrouding,обруч,no_equality
14193,shrouding,экранирование,no_equality
14194,shrouding,покрывание,no_equality
14195,shrouding,бандажирование,no_equality
14196,shrouding,зачехление,no_equality
14197,bristles,щетиной,no_equality
14198,bristles,щетинки,no_equality
14199,bristles,щетинок,no_equality
14200,fascias,фасций,no_equality
14201,turnstiles,турникетов,no_equality
14202,turnstiles,турникеты,no_equality
14203,turnstiles,перилах,no_equality
14204,interwoven,взаимосвязанный,no_equality
14205,interwoven,переплетаются,interdépendants
14206,interwoven,переплетаются,indissociables
14207,interwoven,взаимосвязанных,interdépendants
14208,interwoven,взаимосвязанных,indissociables
14209,interwoven,переплетены,no_equality
14210,interwoven,переплетена,no_equality
14211,interwoven,переплетенных,no_equality
14212,interwoven,переплетением,no_equality
14213,interwoven,переплетающихся,no_equality
14214,interwoven,тесно взаимосвязаны,no_equality
14215,interwoven,тесно связана,no_equality
14216,interwoven,сочетается,no_equality
14217,meteorologist,метеоролог,no_equality
14218,munitioned,упомянутых,mentionné
14219,munitioned,упомянул,no_equality
14220,munitioned,упомянутые,no_equality
14221,munitioned,упоминалось,fait état
14222,munitioned,упоминается,indiqué
14223,munitioned,упоминается,fait état
14224,munitioned,отмечалось,no_equality
14225,munitioned,упомянуты,mentionné
14226,munitioned,упомянуты,évoqué
14227,munitioned,вышеупомянутых,susmentionné
14228,munitioned,упоминал,no_equality
14229,munitioned,отметил,no_equality
14230,munitioned,упомянули,no_equality
14231,munitioned,упомянуть,no_equality
14232,munitioned,упоминаются,no_equality
14233,munitioned,указывалось,précisé
14234,munitioned,упомянутый,mentionné
14235,munitioned,упомянутый,évoqué
14236,munitioned,упомянутый,susmentionné
14237,munitioned,приведенный,no_equality
14238,swans,лебеди,no_equality
14239,swans,лебедей,cygne
14240,swans,лебедями,no_equality
14241,threateningly,угрожающе,no_equality
14242,ordnances,боеприпасах,no_equality
14243,ordnances,снарядов,no_equality
14244,ordnances,снаряды,explosés
14245,self-assurances,себя,no_equality
14246,self-assurances,себе,no_equality
14247,self-assurances,сущность,no_equality
14248,self-assurances,личность,no_equality
14249,self-assurances,"""я""",no_equality
14250,self-assurances,гарантии,assurance
14251,self-assurances,заверения,assurance
14252,self-assurances,заверения,assuré
14253,self-assurances,гарантиях,garantie
14254,self-assurances,заверений,garantie
14255,self-assurances,заверений,assurance
14256,self-assurances,гарантиями,garantie
14257,self-assurances,гарантиями,assurance
14258,accomplishing,выполнении,réalisation
14259,accomplishing,выполнения,réalisation
14260,accomplishing,достижения,réalisation
14261,accomplishing,достижении,réaliser
14262,accomplishing,достижении,réalisation
14263,accomplishing,достижении,atteindre
14264,accomplishing,достижении,obtenir
14265,accomplishing,выполнение,réalisation
14266,gratification,удовлетворение,satisfaction
14267,gratification,удовлетворение,plaisir
14268,gratification,удовольствие,satisfaction
14269,gratification,удовольствие,plaisir
14270,gratification,вознаграждение,gratification
14271,gratification,вознаграждение,récompense
14272,gratification,наслаждение,no_equality
14273,gratification,удовлетворением отмечает,no_equality
14274,gratification,благодарностью,satisfaction
14275,behoved,надлежит,no_equality
14276,encroachments,посягательства,atteinte
14277,encroachments,посягательств,atteinte
14278,encroachments,посягательств,empiètement
14279,encroachments,вторжений,no_equality
14280,thinking,мышление,pensée
14281,thinking,мышление,réflexion
14282,thinking,мышление,idée
14283,thinking,суждение,no_equality
14284,thinking,раздумья,no_equality
14285,thinking,обдумывание,no_equality
14286,thinking,представление,idée
14287,thinking,осмысление,no_equality
14288,thinking,мыслительный процесс,no_equality
14289,thinking,думанье,no_equality
14290,thinking,мышление человека,pensée
14291,thinking,мышление человека,réflexion
14292,thinking,мыслящий,no_equality
14293,thinking,подумывающий,no_equality
14294,thinking,соображающий,no_equality
14295,thinking,помышляющий,no_equality
14296,thinking,мыслительный,no_equality
14297,aphorized,уполномоченный,autorisé
14298,aphorized,санкционированный,no_equality
14299,aphorized,разрешенный,autorisé
14300,aphorized,разрешено,droit
14301,aphorized,разрешено,autorisation
14302,aphorized,разрешение,no_equality
14303,aphorized,уполномочен,no_equality
14304,aphorized,утвержденных,autorisé
14305,aphorized,утвержденных,agréé
14306,aphorized,утвержденных,approuvé
14307,aphorized,санкционировал,autoriser
14308,aphorized,санкционировал,autorisait
14309,aphorized,утвержденной,autorisé
14310,aphorized,утвержденной,agréé
14311,aphorized,санкционированных,no_equality
14312,aphorized,санкционированной,no_equality
14313,aphorized,разрешается,droit
14314,aphorized,разрешается,autorisation
14315,aphorized,уполномочил,autorisait
14316,aphorized,право,no_equality
14317,aphorized,уполномочены,no_equality
14318,aphorized,санкционировано,autorisation
14319,aphorized,авторизованный,no_equality
14320,aphorized,уставной,no_equality
14321,mains,электросети,no_equality
14322,mains,электросеть,réseau
14323,mains,магистрали,no_equality
14324,mains,электрической сети,no_equality
14325,mains,водопроводная,no_equality
14326,mains,водопроводной,no_equality
14327,mains,водопроводы,no_equality
14328,mains,напряжения,no_equality
14329,adduct,аддукт,no_equality
14330,adduct,привести,no_equality
14331,informaticss,информатика,informatique
14332,informaticss,информационной,no_equality
14333,informaticss,информационного обслуживания,no_equality
14334,informaticss,информатикой,no_equality
14335,informaticss,информационных,no_equality
14336,synapses,синапсы,synapse
14337,synapses,синапсов,no_equality
14338,synapses,нейронные связи,no_equality
14339,synapses,синапсах,no_equality
14340,synapses,синапсам,no_equality
14341,synapses,выходныесинапсы,no_equality
14342,Reptilias,рептилия,reptile
14343,Reptilias,этот отдел самой примитивной частью,no_equality
14344,Venezuela,венесуэла,venezuela
14345,Venezuela,венесуэла,vénézuela
14346,Venezuela,венесуэла,vénézuélien
14347,Venezuela,чили,venezuela
14348,Venezuela,эквадор,venezuela
14349,Venezuela,венесуэлы,vénézuélien
14350,Venezuela,венесуэле,vénézuélien
14351,Venezuela,венесуэлой,venezuela
14352,Venezuela,венесуэлу,no_equality
14353,Venezuela,эквадора,no_equality
14354,Venezuela,стране,no_equality
14355,Venezuela,венесуэльского,no_equality
14356,Venezuela,венесуэльской,no_equality
14357,Venezuela,венесуэльских,no_equality
14358,bones,костная масса,osseuse
14359,bones,кости скелетов,os
14360,bones,кости скелетов,squelette
14361,bones,кости скелетов,bones
14362,bones,кости скелетов,osseux
14363,bones,трубчатые кости,os
14364,bones,трубчатые кости,bones
14365,bones,трубчатые кости,osseux
14366,Malay,малайский,malais
14367,Malay,малайский,malaisien
14368,Malay,малайский язык,malais
14369,Malay,малайский язык,malaisien
14370,Malay,малаец,no_equality
14371,roads,дорог,route
14372,roads,дорог,chemin
14373,roads,дорог,voie
14374,roads,дорог,réseau routier
14375,roads,дорог,routière
14376,roads,дороги,route
14377,roads,дороги,voie
14378,roads,дороги,rue
14379,roads,дороги,chaussée
14380,roads,дорогах,route
14381,roads,дорогах,routière
14382,roads,дорогам,route
14383,roads,дорогам,piste
14384,roads,дорогами,routière
14385,roads,автодорог,route
14386,roads,дороге,chemin
14387,roads,дорожной сети,route
14388,roads,дорожной сети,réseau routier
14389,roads,пути,route
14390,roads,пути,chemin
14391,roads,пути,voie
14392,roads,автомагистралей,no_equality
14393,roads,автодороги,no_equality
14394,roads,дорожное строительство,no_equality
14395,roads,путями,voie
14396,roads,дорожного строительства,no_equality
14397,roads,магистралей,no_equality
14398,cloudy,облачно,nuageux
14399,cloudy,облачно,nuage
14400,cloudy,облачный,nuageux
14401,cloudy,облачный,nuage
14402,cloudy,мутный,no_equality
14403,cloudy,пасмурный,no_equality
14404,cloudy,тумане,no_equality
14405,cloudy,неясным,no_equality
14406,cloudy,облачные,no_equality
14407,cloudy,небо,no_equality
14408,cloudy,тучи,nuage
14409,cloudy,туманно,brumeux
14410,cloudy,облака,nuage
14411,cloudy,клауди,no_equality
14412,cloudy,облачность,nuage
14413,cloudy,пасмурно,no_equality
14414,polluting,загрязнение,no_equality
14415,polluting,загрязняющих окружающую среду,polluant
14416,polluting,загрязняя,no_equality
14417,polluting,загрязнителей,no_equality
14418,polluting,загрязняющие окружающую среду,no_equality
14419,polluting,загрязняют окружающую среду,polluant
14420,polluting,загрязняют окружающую среду,polluent
14421,polluting,загрязняющими,polluant
14422,polluting,загрязняет,polluent
14423,polluting,загрязняет,pollue
14424,polluting,загрязняет,pollueur
14425,polluting,загрязняющей окружающую среду,no_equality
14426,polluting,загрязняющее,polluant
14427,polluting,загрязнителями,polluant
14428,polluting,загрязнителями,pollueur
14429,polluting,грязных,no_equality
14430,Cuban,кубинский,cubain
14431,Cuban,кубинец,cubain
14432,Cuban,куба,cubain
14433,Cuban,куба,havane
14434,Cuban,кубы,cubain
14435,Cuban,кубе,cubain
14436,Cuban,кубой,no_equality
14437,Cuban,кубу,no_equality
14438,Cuban,кьюбан,cuban
14439,Cuban,кубинцу,no_equality
14440,press,нажимать,presser
14441,press,нажимать,appuyer
14442,press,отжать,no_equality
14443,press,настаивать,insister
14444,press,настаивать,forcer
14445,press,потеснить,no_equality
14446,press,печать,presse
14447,press,печать,imprimerie
14448,press,нажатие,pression
14449,press,пресс,presse
14450,press,давление,pression
14451,press,журналисты,presse
14452,press,журналисты,média
14453,press,жим,no_equality
14454,press,прессовый,no_equality
14455,vinaceous,жизнерадостный,no_equality
14456,vinaceous,живой,no_equality
14457,vinaceous,многолетний,no_equality
14458,vinaceous,живучий,no_equality
14459,vinaceous,оживлённый,no_equality
14460,radios,радиостанций,no_equality
14461,radios,радио,radio
14462,radios,рации,radio
14463,radios,радиоприемники,no_equality
14464,radios,радиоприемников,radio
14465,radios,радиостанциями,radio
14466,radios,радиосвязи,radio
14467,radios,радиопередатчиков,no_equality
14468,radios,приёмники,radio
14469,radios,радиостанциям,no_equality
14470,radios,радиосвязь,radio
14471,radios,рациями,no_equality
14472,radios,радиопередатчики,no_equality
14473,discovering,обнаружения,no_equality
14474,discovering,выявление,détection
14475,discovering,выявление,identification
14476,discovering,открытия,no_equality
14477,discovering,обнаружить,découvrir
14478,discovering,обнаружить,trouver
14479,discovering,обнаружить,détecter
14480,discovering,обнаружив,découvrant
14481,discovering,обнаружил,découvrir
14482,discovering,обнаружил,découvre
14483,discovering,открыл,découvrir
14484,discovering,открыл,découvre
14485,discovering,обнаружение,découverte
14486,discovering,обнаружение,détection
14487,discovering,обнаружение,détecter
14488,discovering,открывать,découvrir
14489,discovering,обнаруживают,découvrent
14490,discovering,открываем,découvrons
14491,discovering,обнаруживать,découvrir
14492,discovering,обнаруживать,détection
14493,discovering,обнаруживать,détecter
14494,discovering,открывают для себя,no_equality
14495,discovering,открытием,découverte
14496,perspiration,пот,transpiration
14497,perspiration,пот,sueur
14498,perspiration,пот,transpire
14499,perspiration,пот,transpirer
14500,perspiration,потливость,transpiration
14501,perspiration,потливость,sueur
14502,perspiration,испарина,transpiration
14503,perspiration,испарина,sueur
14504,perspiration,потение,no_equality
14505,perspiration,потоотделения,no_equality
14506,perspiration,повышенное потоотделение,transpiration
14507,perspiration,повышенное потоотделение,sueur
14508,perspiration,следы пота,no_equality
14509,perspiration,"то, что я потею",transpire
14510,taunted,насмехался над,no_equality
14511,taunted,насмехались над,no_equality
14512,taunted,издевался над,no_equality
14513,taunted,насмехаются,no_equality
14514,taunted,дразнили,no_equality
14515,secluding,изоляция,isolement
14516,progressiveness,прогрессивность,no_equality
14517,progressiveness,их неотъемлемости,no_equality
14518,hears,слышит,entend
14519,hears,слышит,écoute
14520,hears,слышит,entendra
14521,hears,слышит,entende
14522,hears,слышит,entendent
14523,hears,слышит,entendait
14524,hears,услышит,entend
14525,hears,услышит,entendra
14526,hears,услышит,entende
14527,hears,услышит,saura
14528,hears,услышит,entendu
14529,hears,услышит,entendent
14530,hears,узнает,apprend
14531,hears,узнает,saura
14532,hears,узнает,apprenne
14533,hears,узнает,apprendra
14534,hears,рассматривает,connaît
14535,hears,рассматривает,examine
14536,hears,заслушивает,entend
14537,hears,услышал,entende
14538,hears,услышал,entendre
14539,hears,слышал,entendre
14540,hears,услышат,entendra
14541,hears,услышат,entende
14542,hears,услышат,entendent
14543,hears,слушает,no_equality
14544,hears,услышала,entende
14545,hears,услышала,entendre
14546,hears,услышать,entendre
14547,hears,узнают,no_equality
14548,hears,слышат,entend
14549,hears,слышат,entendent
14550,hears,услышав,entendre
14551,belongs,принадлежит,fait partie
14552,belongs,принадлежит,appartiennent
14553,belongs,принадлежит,revient
14554,belongs,принадлежит,appartenait
14555,belongs,относится,appartient
14556,belongs,относится,relève
14557,belongs,принадлежат,appartenant
14558,belongs,входит,no_equality
14559,belongs,принадлежащее,revient
14560,belongs,находится,no_equality
14561,belongs,лежит,relève
14562,belongs,лежит,revient
14563,belongs,лежит,incombe
14564,belongs,должна быть,no_equality
14565,belongs,должен быть,doit être
14566,belongs,должен быть,devrait être
14567,belongs,место,no_equality
14568,belongs,является,no_equality
14569,belongs,относятся,appartiennent
14570,belongs,расположена,no_equality
14571,belongs,принадлежало,no_equality
14572,belongs,принадлежала,no_equality
14573,Iraq,Ирак,iraq
14574,Iraq,Ирак,irak
14575,Iraq,иракский,no_equality
14576,piffled,сложил,no_equality
14577,piffled,свалили,no_equality
14578,piffled,накопилось,accumulé
14579,piffled,сложены,no_equality
14580,piffled,навалено,no_equality
14581,piffled,человеках,no_equality
14582,piffled,сложили,no_equality
14583,piffled,свалены,no_equality
14584,piffled,завалил,no_equality
14585,demeaningly,унизительно,dégradant
14586,demeaningly,унизительно,humiliant
14587,demeaningly,унизительно,rabaissant
14588,demeaningly,унизительным,dégradant
14589,demeaningly,унизительным,humiliant
14590,demeaningly,унизительными,no_equality
14591,demeaningly,унижение,no_equality
14592,demeaningly,унизительных,no_equality
14593,demeaningly,унизительные,no_equality
14594,demeaningly,унизительной,dégradant
14595,demeaningly,унизительной,humiliant
14596,demeaningly,оскорбительных,no_equality
14597,demeaningly,унизительную,no_equality
14598,demeaningly,унижающих достоинство,dégradant
14599,demeaningly,унижают,no_equality
14600,demeaningly,унижать,no_equality
14601,demeaningly,унижает,no_equality
14602,demeaningly,высоко,no_equality
14603,demeaningly,оскорбительно,no_equality
14604,defoliating,опадение листьев,no_equality
14605,Turins,превращается,no_equality
14606,Turins,превращает,no_equality
14607,Turins,поворачивается,no_equality
14608,Turins,заводит,no_equality
14609,Turins,превратится,no_equality
14610,Turins,становится,no_equality
14611,Turins,поворотов,no_equality
14612,Turins,обращается,no_equality
14613,Turins,исполнится,no_equality
14614,Turins,поворачивает,no_equality
14615,Turins,повороты,no_equality
14616,Turins,исполняется,no_equality
14617,Turins,включает,no_equality
14618,Turins,превратит,no_equality
14619,Turins,станет,no_equality
14620,feeds,новостные ленты,flux
14621,condemnations,осуждения,condamnation
14622,condemnations,осуждения,condamner
14623,condemnations,осуждение,condamnation
14624,condemnations,осуждение,dénonciation
14625,condemnations,осуждение,condamné
14626,condemnations,осуждений,condamnation
14627,condemnations,осуждением,condamnation
14628,condemnations,осуждением,condamner
14629,condemnations,осуждениями,no_equality
14630,memorized,запомнил,mémoriser
14631,memorized,запомнил,ai appris
14632,memorized,запомнила,ai mémorisé
14633,memorized,запомнили,no_equality
14634,memorized,выучил наизусть,ai appris
14635,memorized,выучил наизусть,ai retenu
14636,memorized,запоминал,ai mémorisé
14637,memorized,запоминается,no_equality
14638,memorized,заучить,no_equality
14639,memorized,запомнишь,no_equality
14640,memorized,вызубрил,no_equality
14641,memorized,запоминаю,no_equality
14642,memorized,помню,no_equality
14643,granting,предоставляющий,accordant
14644,granting,наделяющий,no_equality
14645,granting,предоставление,octroi
14646,granting,предоставление,attribution
14647,granting,дарование,no_equality
14648,grannies,бабушки,mamie
14649,grannies,бабушки,grand-mère
14650,grannies,бабушки,mémé
14651,grannies,бабушек,mamie
14652,grannies,бабушек,grand-mère
14653,grannies,бабулек,no_equality
14654,grannies,бабули,mamie
14655,grannies,бабули,grand-mère
14656,grannies,бабуль,mamie
14657,grannies,бабуль,grand-mère
14658,grannies,старушек,no_equality
14659,Nassaus,нассау,nassau
14660,Nassaus,нассо,no_equality
14661,Nassaus,нассо,no_equality
14662,Nassaus,полосатая,no_equality
14663,Iagoes,идет,va
14664,Iagoes,идет,se passe
14665,Iagoes,идет,fait
14666,Iagoes,идет,vont
14667,Iagoes,идет,voilà
14668,Iagoes,пойдет,va
14669,Iagoes,пойдет,se passe
14670,Iagoes,пойдет,ira
14671,Iagoes,пойдет,aille
14672,Iagoes,выходит,sort
14673,Iagoes,ходит,va
14674,Iagoes,ходит,fait
14675,Iagoes,ходит,sort
14676,Iagoes,происходит,no_equality
14677,Iagoes,проходит,se passe
14678,Iagoes,уходит,part
14679,Iagoes,уходит,sort
14680,Iagoes,пройдет,se passe
14681,Iagoes,касается,no_equality
14682,Iagoes,продолжается,continue
14683,Iagoes,говорит,dit
14684,Iagoes,уйдет,part
14685,Iagoes,едет,no_equality
14686,Iagoes,отправляется,va
14687,Iagoes,отправляется,part
14688,Iagoes,отправляется,se rend
14689,Iagoes,отправляется,ira
14690,Iagoes,идут,vont
14691,punctured,проколол,no_equality
14692,punctured,проткнул,perforé
14693,punctured,проткнули,no_equality
14694,punctured,проткнула,no_equality
14695,punctured,проколота,no_equality
14696,punctured,пробит,no_equality
14697,punctured,проколола,no_equality
14698,punctured,пробил,perforé
14699,punctured,пробил,percé
14700,punctured,прокололи,no_equality
14701,punctured,пробито,no_equality
14702,punctured,проколоты,no_equality
14703,punctured,пробиты,crevé
14704,punctured,проколото,no_equality
14705,punctured,прокол,no_equality
14706,punctured,задел,no_equality
14707,allowing,позволяющий,no_equality
14708,allowing,допускающий,autorisant
14709,allowing,учитывающий,no_equality
14710,allowing,разрешение,autorisation
14711,allowing,разрешение,permission
14712,allowing,разрешительный,no_equality
14713,deified,обожествляли,no_equality
14714,pliers,плоскогубцы,pince
14715,pliers,клещи,pince
14716,pliers,клещи,tenaille
14717,pliers,щипцы,pince
14718,pliers,кусачки,no_equality
14719,pliers,пассатижи,no_equality
14720,pliers,щипцами,pince
14721,safeties,предохранители,sécurité
14722,safeties,предохранителей,no_equality
14723,safeties,защитники,no_equality
14724,safeties,предохранителе,no_equality
14725,cones,конусы,cône
14726,cones,конусов,cône
14727,cones,конуса,no_equality
14728,cones,конусами,no_equality
14729,cones,колбочки,no_equality
14730,cones,стробилы,no_equality
14731,cones,конусах,no_equality
14732,cones,колбочек,no_equality
14733,cones,конусам,no_equality
14734,cones,шишек,no_equality
14735,cones,рожки,no_equality
14736,cones,стаканчике,no_equality
14737,cones,стаканчиках,no_equality
14738,cones,мороженое,no_equality
14739,cones,шишки,bosse
14740,napped,дремал,no_equality
14741,napped,вздремнул,no_equality
14742,napped,ворсового,no_equality
14743,napped,задремала,no_equality
14744,machined,механической обработке,no_equality
14745,machined,смоделированной,no_equality
14746,machined,блестящим,no_equality
14747,machined,торцам,no_equality
14748,technical,технический,technique
14749,technical,техничный,no_equality
14750,technical,технически,no_equality
14751,thresher,молотилке,no_equality
14752,dissociative,диссоциативный,no_equality
14753,voicer,голос,no_equality
14754,voicer,мнение,no_equality
14755,voicer,тон,no_equality
14756,voicer,рупор,no_equality
14757,voicer,глас,no_equality
14758,voicer,голосок,no_equality
14759,voicer,голосовой,no_equality
14760,voicer,речевой,no_equality
14761,voicer,выразить,no_equality
14762,voicer,высказать,no_equality
14763,voicer,заявить,no_equality
14764,voicer,высказывать,no_equality
14765,voicer,выражать,no_equality
14766,voicer,позиции,no_equality
14767,voicer,роли,no_equality
14768,voicer,речь,no_equality
14769,voicer,залог,no_equality
14770,voicer,озвучивать,no_equality
14771,referenced,упоминаемый,no_equality
14772,referenced,указываемый,no_equality
14773,referenced,ссылаемый,no_equality
14774,dialects,диалектах,dialecte
14775,dialects,диалектов,dialecte
14776,dialects,диалекты,dialecte
14777,dialects,диалекта,dialecte
14778,dialects,диалектами,no_equality
14779,dialects,наречий,no_equality
14780,operative,оперативник,agent
14781,operative,агент,agent
14782,operative,оперативный,opérationnel
14783,operative,постановляющей части,no_equality
14784,operative,постановляющая,no_equality
14785,operative,постановляющую,no_equality
14786,operative,силу,no_equality
14787,operative,оперативные,opérationnel
14788,operative,постановляющих,no_equality
14789,operative,поста-новляющей части,no_equality
14790,operative,постанов-ляющей части,no_equality
14791,cheeks,щеки,joue
14792,cheeks,щечки,joue
14793,cheeks,щечки,pommette
14794,cheeks,щек,joue
14795,cheeks,щеках,no_equality
14796,cheeks,щекам,joue
14797,cheeks,щеками,joue
14798,cheeks,щечками,no_equality
14799,cheeks,булки,fesse
14800,cheeks,щечках,no_equality
14801,cheeks,чикс,no_equality
14802,cheeks,ягодицы,fesse
14803,cheeks,ягодицами,fesse
14804,regulations,регламент,règlement
14805,regulations,регламент,règle
14806,kineticss,кинетика,no_equality
14807,kineticss,кинетики,no_equality
14808,kineticss,кинетику,no_equality
14809,kineticss,кинетике,no_equality
14810,cheaply,дёшево,moins cher
14811,cheaply,недорого,no_equality
14812,cheaply,низкой цене,no_equality
14813,cheaply,без значительных затрат,no_equality
14814,cheaply,недорогостоящей,no_equality
14815,cheaply,при небольших затратах,à peu de frais
14816,cheaply,дешевой цене,no_equality
14817,cheaply,недорогой,no_equality
14818,cheaply,дешевле,moins cher
14819,cheaply,дешевле,meilleur marché
14820,cheaply,низким ценам,meilleur marché
14821,uprising,восстание,soulèvement
14822,uprising,восстание,insurrection
14823,uprising,восстание,révolte
14824,uprising,восстание,rébellion
14825,uprising,восстание,émeute
14826,uprising,мятеж,soulèvement
14827,uprising,мятеж,insurrection
14828,uprising,мятеж,révolte
14829,uprising,мятеж,rébellion
14830,uprising,мятеж,émeute
14831,uprising,мятеж,mutinerie
14832,uprising,восстаниях,soulèvement
14833,uprising,бунт,révolte
14834,uprising,бунт,rébellion
14835,uprising,бунт,émeute
14836,uprising,бунт,mutinerie
14837,foot,нога,pied
14838,foot,нога,patte
14839,foot,ноги,pied
14840,foot,ноги,patte
14841,foot,фут,pied
14842,foot,фут,centimètre
14843,foot,фут,foot
14844,foot,ступня,pied
14845,foot,стопы,pied
14846,foot,ножка,pied
14847,foot,подножье,no_equality
14848,foot,шаг,no_equality
14849,foot,пеший,no_equality
14850,foot,стопа,pied
14851,foot,метра,pied
14852,foot,метра,mètre
14853,foot,ножной,no_equality
14854,foot,пешеходный,no_equality
14855,foot,футовый,no_equality
14856,foot,пешему,no_equality
14857,foot,изножье,no_equality
14858,beetles,жуков,coléoptère
14859,beetles,жуков,scarabée
14860,beetles,жуков,insecte
14861,beetles,жуков,bousier
14862,beetles,жуков,dendroctone
14863,beetles,жуков,coccinelle
14864,beetles,жуки,coléoptère
14865,beetles,жуки,scarabée
14866,beetles,жуки,insecte
14867,beetles,жучков,scarabée
14868,beetles,жуками,scarabée
14869,beetles,жуками,insecte
14870,beetles,жуках,no_equality
14871,beetles,жукам,insecte
14872,versed,разбирается,no_equality
14873,versed,разбираюсь,no_equality
14874,versed,разбираются,no_equality
14875,versed,разбирающихся,no_equality
14876,versed,мидазолам,no_equality
14877,versed,разбираетесь,no_equality
14878,versed,разбирались,no_equality
14879,versed,сведуща,no_equality
14880,versed,разбирающегося,no_equality
14881,versed,осведомлены,no_equality
14882,versed,верседа,no_equality
14883,versed,разбираешься,no_equality
14884,versed,хорошо знаю,no_equality
14885,versed,сведущ,no_equality
14886,intrusions,вторжения,intrusion
14887,intrusions,вторжения,incursion
14888,intrusions,вторжений,intrusion
14889,intrusions,вторжений,incursion
14890,intrusions,вторжение,intrusion
14891,intrusions,вторжение,atteinte
14892,intrusions,вторжение,incursion
14893,intrusions,вторгаться,no_equality
14894,intrusions,вторжением,intrusion
14895,intrusions,вторжением,incursion
14896,intrusions,взломах,no_equality
14897,intrusions,случаев проникновения,no_equality
14898,intrusions,вмешательства,intrusion
14899,intrusions,вмешательства,atteinte
14900,intrusions,вмешательства,ingérence
14901,intrusions,вторжениях,intrusion
14902,intrusions,вторжениях,incursion
14903,intrusions,посягательства,atteinte
14904,intrusions,посягательства,ingérence
14905,intrusions,посягательств,atteinte
14906,intrusions,интрузий,no_equality
14907,swimmers,пловцов,nageur
14908,swimmers,пловцы,nageur
14909,swimmers,пловцами,no_equality
14910,swimmers,головастики,no_equality
14911,swimmers,плаванию,no_equality
14912,swimmers,пловцам,no_equality
14913,swimmers,сперматозоиды,no_equality
14914,inequalities,неравенства,inégalité
14915,inequalities,неравенства,disparité
14916,inequalities,неравенства,iniquité
14917,inequalities,неравенство,inégalité
14918,inequalities,неравенство,disparité
14919,inequalities,неравенство,iniquité
14920,inequalities,неравенство,déséquilibre
14921,inequalities,неравенство,injustice
14922,inequalities,неравенством,inégalité
14923,inequalities,неравенством,disparité
14924,inequalities,диспропорций,no_equality
14925,inequalities,неравенству,inégalité
14926,inequalities,неравенству,disparité
14927,inequalities,неравенству,injustice
14928,inequalities,неравенстве,inégalité
14929,inequalities,неравенств,inégalité
14930,inequalities,неравенств,disparité
14931,inequalities,различия,disparité
14932,inequalities,неравноправия,inégalité
14933,inequalities,неравноправия,disparité
14934,inequalities,неравноправия,injustice
14935,inequalities,неравноправие,inégalité
14936,inequalities,различий,inégalité
14937,inequalities,различий,disparité
14938,inequalities,несправедливости,inégalité
14939,inequalities,несправедливости,iniquité
14940,inequalities,несправедливости,injustice
14941,inequalities,неравноправием,inégalité
14942,inequalities,неравенствах,no_equality
14943,inequalities,неравенствами,no_equality
14944,finished,законченный,fini
14945,finished,отделанный,no_equality
14946,finished,завершившийся,no_equality
14947,finished,конченный,no_equality
14948,finished,доведенный,no_equality
14949,finished,завершивший,no_equality
14950,finished,заканчиваемый,no_equality
14951,finished,готовый,no_equality
14952,counterparts,сверстники,homologue
14953,counterparts,контрпартнеры,no_equality
14954,dangle,болтаться,balancer
14955,dangle,болтаться,pendre
14956,dangle,размахивать,agiter
14957,dangle,помахать,agiter
14958,dangle,махать,agiter
14959,dangle,свесить,no_equality
14960,dangle,дангл,no_equality
14961,dangle,приговор смертный,no_equality
14962,dangle,приманка,no_equality
14963,dangle,подставой,no_equality
14964,dangle,специально раскачиваться,no_equality
14965,owners,владельцев,propriétaire
14966,owners,владельцев,détenteur
14967,owners,владельцев,titulaire
14968,owners,владельцев,armateur
14969,owners,владельцев,actionnaire
14970,owners,владельцев,exploitant
14971,owners,владельцев,proprio
14972,owners,владельцы,titulaire
14973,owners,владельцы,armateur
14974,owners,владельцам,propriétaire
14975,owners,владельцам,titulaire
14976,owners,владельцам,armateur
14977,owners,владельцам,actionnaire
14978,owners,владельцами,propriétaire
14979,owners,собственников,propriétaire
14980,owners,собственников,armateur
14981,owners,собственниками,propriétaire
14982,owners,собственники,propriétaire
14983,owners,хозяева,propriétaire
14984,owners,хозяева,maître
14985,owners,хозяева,patron
14986,owners,хозяев,maître
14987,owners,хозяев,patron
14988,owners,собственникам,no_equality
14989,owners,владельцах,propriétaire
14990,owners,владельца,propriétaire
14991,owners,владельца,détenteur
14992,owners,владельца,possesseur
14993,owners,владельца,patron
14994,owners,владельца,proprio
14995,owners,хозяевами,propriétaire
14996,owners,хозяевами,maître
14997,owners,хозяевам,propriétaire
14998,owners,домовладельцев,propriétaire
14999,scenarios,сценариев,scénario
15000,scenarios,сценариев,scenarii
15001,scenarios,сценариев,hypothèse
15002,scenarios,сценарии,scénario
15003,scenarios,сценарии,scénarii
15004,scenarios,сценарии,cas de figure
15005,scenarios,сценариях,scénario
15006,scenarios,сценариям,scénario
15007,scenarios,сценариями,scénario
15008,scenarios,вариантов,no_equality
15009,scenarios,варианты,no_equality
15010,scenarios,ситуаций,situation
15011,scenarios,варианта,no_equality
15012,scenarios,ситуациях,no_equality
15013,scenarios,вариантах,no_equality
15014,scenarios,сценарию,scénario
15015,scenarios,версий,no_equality
15016,scenarios,вариантами,no_equality
15017,rationally,рационально,rationnellement
15018,rationally,рационально,manière rationnelle
15019,rationally,рационально,façon rationnelle
15020,rationally,разумно,raisonnablement
15021,rationally,рационального,no_equality
15022,rationally,рациональное,no_equality
15023,rationally,рациональным образом,no_equality
15024,rationally,рациональной основе,rationnellement
15025,guess,полагать,supposer
15026,guess,полагать,présumer
15027,guess,угадать,deviner
15028,guess,похоже,no_equality
15029,guess,кажется,no_equality
15030,guess,предполагать,supposer
15031,guess,предполагать,présumer
15032,guess,догадаться,deviner
15033,guess,догадываться,no_equality
15034,guess,предположить,deviner
15035,guess,предположить,supposer
15036,guess,предположить,estimer
15037,guess,предположить,déduire
15038,guess,предположить,présumer
15039,guess,предположение,supposition
15040,guess,предположение,idée
15041,guess,предположение,hypothèse
15042,guess,догадка,supposition
15043,guess,догадка,idée
15044,guess,догадка,hypothèse
15045,guess,догадка,estimation
15046,guess,догадка,conjecture
15047,guess,думаю,no_equality
15048,guess,понимаю,no_equality
15049,guess,знаешь,no_equality
15050,guess,считать,supposer
15051,guess,считать,estimer
15052,guess,считать,présumer
15053,guess,гадать,no_equality
15054,guess,отгадать,deviner
15055,guess,угадывать,deviner
15056,dragons,драконов,dragon
15057,dragons,драконы,dragon
15058,dragons,драконами,dragon
15059,dragons,драконах,dragon
15060,dragons,дракона,dragon
15061,dragons,драконам,dragon
15062,dragons,шакалов,chacal
15063,dragons,дракон,dragon
15064,Gorkys,горький,no_equality
15065,Gorkys,горького,no_equality
15066,quickeners,ускорилось,no_equality
15067,quickeners,ускорился,no_equality
15068,quickeners,ускорились,no_equality
15069,quickeners,ускорила,no_equality
15070,quickeners,ускорил свой шаг,no_equality
15071,consular,консульский,consulaire
15072,consular,консульства,no_equality
15073,consular,консульств,consulat
15074,consular,консульскому,no_equality
15075,consular,консульство,no_equality
15076,Nanjings,нанкине,nankin
15077,Nanjings,нанкине,nanjing
15078,Nanjings,наньцзине,nanjing
15079,Nanjings,нанкин,nankin
15080,Nanjings,нанкин,nanjing
15081,Nanjings,наньцзин,nanjing
15082,Nanjings,нанджинг,nankin
15083,Nanjings,нанкина,no_equality
15084,Nanjings,нанкинское,no_equality
15085,Nanjings,наньцзин,nanjing
15086,Nanjings,нанджин,no_equality
15087,proprietor,владелец,propriétaire
15088,proprietor,владелец,titulaire
15089,proprietor,владелец,patron
15090,proprietor,собственник,propriétaire
15091,proprietor,хозяин,propriétaire
15092,proprietor,хозяин,patron
15093,proprietor,для владельцев предприятий,no_equality
15094,proprietor,хозяйка,propriétaire
15095,proprietor,хозяйка,patronne
15096,Morocco,марокко,maroc
15097,Morocco,марокко,marocain
15098,Morocco,марокко,royaume
15099,Morocco,морокко,no_equality
15100,Morocco,марокканской,no_equality
15101,Morocco,королевство,royaume
15102,floater,поплавок,flotteur
15103,floater,плавающий объект,no_equality
15104,floater,летун,no_equality
15105,floater,флотатор,no_equality
15106,floater,плавающий,no_equality
15107,creaming,сливкообразование,no_equality
15108,creaming,разделываю,no_equality
15109,driving,вождение,no_equality
15110,driving,движение,no_equality
15111,driving,езда,conduite
15112,driving,за рулем,no_equality
15113,driving,сводит,no_equality
15114,driving,водительских,no_equality
15115,driving,ехал,no_equality
15116,driving,движущих,no_equality
15117,driving,водить,no_equality
15118,driving,водительские,no_equality
15119,driving,ехать,no_equality
15120,driving,ехали,no_equality
15121,driving,ехала,no_equality
15122,driving,вел,conduit
15123,driving,ездить,no_equality
15124,driving,управление автомобилем,no_equality
15125,driving,драйвовый,no_equality
15126,autocratic,авторитарный,autoritaire
15127,autocratic,автократических,no_equality
15128,autocratic,автократические,autocrate
15129,autocratic,автократическим,no_equality
15130,autocratic,автократической,no_equality
15131,autocratic,диктаторские,no_equality
15132,autocratic,диктаторской,no_equality
15133,autocratic,авторитарна,no_equality
15134,autocratic,автократическая,no_equality
15135,autocratic,автократического,no_equality
15136,autocratic,автократическом,no_equality
15137,blisters,волдыри,ampoule
15138,blisters,волдыри,cloque
15139,blisters,мозоли,no_equality
15140,blisters,мозолей,ampoule
15141,blisters,мозолей,cloque
15142,blisters,волдырями,cloque
15143,blisters,волдырях,no_equality
15144,blisters,пузыри,no_equality
15145,blisters,волдырей,ampoule
15146,blisters,волдырей,cloque
15147,blisters,мозолях,no_equality
15148,necromancers,некромантов,no_equality
15149,necromancers,некроманты,no_equality
15150,fishing,рыболовство,pêche
15151,fishing,рыболовство,pêcherie
15152,fishing,Рыбная ловля,pêche
15153,fishing,рыболов,pêcheur
15154,fishing,удочка,no_equality
15155,fishing,вылов рыбы,pêche
15156,fishing,вылов рыбы,halieutique
15157,fishing,ужение,no_equality
15158,fishing,рыболовный,no_equality
15159,fishing,рыбодобывающий,no_equality
15160,fishing,ловильный,no_equality
15161,surfaced,наплавленный,no_equality
15162,biliousness,предвзятость,no_equality
15163,biliousness,раздражительность,no_equality
15164,biliousness,желтушность,no_equality
15165,dabbing,клевки,no_equality
15166,dabbing,нанесение,no_equality
15167,dabbing,вытирая,no_equality
15168,craftsmanship,мастерство,savoir-faire
15169,craftsmanship,мастерство,art
15170,craftsmanship,искусства,no_equality
15171,craftsmanship,мастеров,no_equality
15172,craftsmanship,ремесла,artisanat
15173,craftsmanship,ремесла,métier
15174,craftsmanship,тонкая работа,no_equality
15175,craftsmanship,тонкую работу,no_equality
15176,craftsmanship,ремесел,artisanat
15177,craftsmanship,ремесел,métier
15178,craftsmanship,ручная работа,no_equality
15179,craftsmanship,посылка пришла из израиля,no_equality
15180,inundated,затоплено,inondé
15181,inundated,затоплены,inondé
15182,inundated,оказались затопленными,no_equality
15183,inundated,наводнены,no_equality
15184,inundated,затопления,no_equality
15185,inundated,завалена,no_equality
15186,inundated,наводнена,inondé
15187,inundated,затоплена,inondé
15188,inundated,под водой,no_equality
15189,Catulluses,мозоли,callosité
15190,Catulluses,мозоли,cal
15191,Catulluses,мозоли,cor
15192,Catulluses,мозоли,corne
15193,Catulluses,мозолей,no_equality
15194,Catulluses,каллюсами,no_equality
15195,spicery,пряности,épice
15196,scrutinisers,тщательно изучает,no_equality
15197,scrutinisers,тщательно анализирует,no_equality
15198,metallurgies,металлургии,no_equality
15199,malignly,злобно,no_equality
15200,carroty,рыжий,roux
15201,geriatrics,гериатрии,gériatrie
15202,geriatrics,гериатрии,geriatrics
15203,geriatrics,гериатрию,no_equality
15204,broker,брокер,courtier
15205,broker,брокер,broker
15206,broker,комиссионер,no_equality
15207,broker,посредничество,intermédiaire
15208,broker,посредничество,courtage
15209,broker,брокерский,courtage
15210,inapplicability,неприменимость,inapplicabilité
15211,inapplicability,неприменимость,non-applicabilité
15212,inapplicability,несостоятельность,no_equality
15213,inapplicability,неприменение,no_equality
15214,juice,сок,no_equality
15215,juice,джус,no_equality
15216,juice,джуса,juice
15217,juice,джусом,juice
15218,juice,энергии,no_equality
15219,juice,джусу,juice
15220,juice,настойки,no_equality
15221,juice,напиток,boire
15222,heels,каблуки,talon
15223,heels,каблуки,escarpin
15224,heels,каблуках,chaussure
15225,heels,каблуков,talon
15226,heels,каблуками,talon
15227,heels,шпильки,talon
15228,heels,шпильки,escarpin
15229,heels,на пятки,talonne
15230,heels,туфли,talon
15231,heels,туфли,chaussure
15232,heels,туфли,escarpin
15233,heels,шпильках,talon
15234,heels,пятках,no_equality
15235,heels,туфлях,talon
15236,heels,туфлях,chaussure
15237,heels,следам,trace
15238,heels,по пятам,no_equality
15239,heels,каблук,no_equality
15240,heels,пятками,no_equality
15241,geophysicists,геофизиков,no_equality
15242,geophysicists,геофизиков-разведчиков,no_equality
15243,geophysicists,геофизиков-изыскателей,no_equality
15244,excusably,оправдать,no_equality
15245,paralysis,паралич,paralysie
15246,paralysis,бездействие,paralysie
15247,paralysis,бездействие,immobilisme
15248,paralysis,парализована,paralysie
15249,paralysis,застоя,immobilisme
15250,paralysis,тупика,paralysie
15251,paralysis,парализовало,no_equality
15252,paralysis,парализованы,paralysé
15253,paralysis,парализовать,no_equality
15254,paralysis,тупик,no_equality
15255,announced,объявлено,proclamé
15256,announced,заявил,a annoncé
15257,announced,заявил,a déclaré
15258,announced,объявил о том,a annoncé
15259,announced,объявил о том,a déclaré
15260,announced,объявлены,no_equality
15261,announced,объявляет,annoncer
15262,announced,объявляет,annonçant
15263,announced,объявленные,no_equality
15264,announced,объявила о том,a annoncé
15265,announced,объявленных,no_equality
15266,announced,объявило о том,a annoncé
15267,announced,объявило о том,annonçait
15268,announced,объявили о том,no_equality
15269,announced,объявлен,proclamé
15270,announced,сообщил о,no_equality
15271,announced,сообщила,a annoncé
15272,announced,сообщила,a déclaré
15273,announced,сообщила,signale
15274,announced,объявленное,proclamé
15275,announced,объявлена,no_equality
15276,prams,детских колясок,poussette
15277,prams,детскими колясками,no_equality
15278,prams,детские коляски,poussette
15279,credit,кредит,crédit
15280,credit,кредитование,crédit
15281,credit,заслуга,mérite
15282,credit,честь,honneur
15283,credit,честь,hommage
15284,credit,лавры,no_equality
15285,credit,льготы,no_equality
15286,credit,зачет,no_equality
15287,credit,льгота,no_equality
15288,credit,кредитный,crédit
15289,credit,кредитный,créditeur
15290,credit,кредитов,crédit
15291,credit,кредитных,no_equality
15292,credit,должное,crédit
15293,credit,должное,mérite
15294,credit,должное,hommage
15295,credit,долг,no_equality
15296,credit,благодарности,no_equality
15297,credit,похвалы,mérite
15298,thumbprints,отпечатки пальцев,no_equality
15299,thumbprints,отпечатков пальцев,empreintes digitales
15300,thumbprints,отпечатка,no_equality
15301,thumbprints,отпечатки больших пальцев,no_equality
15302,Nankings,рейтинг,classement
15303,Nankings,ранжирование,classement
15304,Nankings,рангов,no_equality
15305,Nankings,рангами,no_equality
15306,Nankings,показателям,no_equality
15307,Nankings,рейтинговые оценки,no_equality
15308,hovered,завис,no_equality
15309,hovered,парил,no_equality
15310,hovered,зависла,no_equality
15311,hovered,зависал,no_equality
15312,hovered,колебались,no_equality
15313,carried,перенесенный,reporté
15314,carried,осуществленный,no_equality
15315,carried,реализованный,no_equality
15316,carried,унесенный,no_equality
15317,carried,несущийся,no_equality
15318,carried,отнесенный,no_equality
15319,carried,доставленный,no_equality
15320,carried,носимый,no_equality
15321,carried,разносимый,no_equality
15322,carried,несомый,no_equality
15323,sedate,спокойный,calme
15324,sedate,степенный,no_equality
15325,sedate,седативный,no_equality
15326,sedate,солидный,no_equality
15327,sedate,уравновешенный,no_equality
15328,sedate,успокаивать,no_equality
15329,preponderantly,преимущественно,no_equality
15330,implicates,изобличает,no_equality
15331,trumpeters,трубачи,no_equality
15332,juxtaposition,сопоставление,confrontation
15333,juxtaposition,противопоставление,no_equality
15334,juxtaposition,соприкосновение,no_equality
15335,juxtaposition,близость,no_equality
15336,juxtaposition,непосредственное соседство,no_equality
15337,juxtaposition,отображение,no_equality
15338,cursing,ругань,juron
15339,cursing,ругань,insulte
15340,cursing,проклятие,malédiction
15341,cursing,ругаться,no_equality
15342,cursing,проклинать,no_equality
15343,cursing,проклинал,no_equality
15344,cursing,проклиная,no_equality
15345,cursing,ругалась,no_equality
15346,cursing,ругается,jurer
15347,cursing,ругается,jure
15348,cursing,ругался,no_equality
15349,cursing,матерится,jure
15350,cursing,проклинает,no_equality
15351,cursing,ругательств,juron
15352,cursing,проклинала,maudissait
15353,cursing,проклинаю,no_equality
15354,commissariats,комиссариатах,commissariat
15355,commissariats,комиссариатов,no_equality
15356,commissariats,комиссариаты,commissariat
15357,commissariats,комиссариата,commissariat
15358,commissariats,комиссариатами,no_equality
15359,commissariats,комиссариатам,no_equality
15360,reigning,правящий,no_equality
15361,reigning,царствующий,no_equality
15362,reigning,княжение,no_equality
15363,reigning,действующая,actuel
15364,reigning,господствующей,dominante
15365,reigning,действующий,actuel
15366,reigning,чемпионы,no_equality
15367,reigning,чемпиона,no_equality
15368,reigning,правительница,no_equality
15369,reigning,царствующего,no_equality
15370,reigning,царствующая,no_equality
15371,instillment,взнос,no_equality
15372,instillment,рассрочка,no_equality
15373,instillment,часть,no_equality
15374,instillment,транша,no_equality
15375,instillment,инсталляцию,no_equality
15376,submarine,подлодка,sous-marin
15377,submarine,подлодка,sous marin
15378,submarine,подводная лодка,sous-marin
15379,submarine,субмарина,sous-marin
15380,submarine,подводный,sous-marin
15381,submarine,подводной лодки,sous-marin
15382,submarine,подводной лодке,sous-marin
15383,submarine,подводную лодку,sous-marin
15384,urban,городской,urbain
15385,urban,городской,ville
15386,urban,городской,citadin
15387,urban,городской,urbanisme
15388,urban,городов,no_equality
15389,urban,урбанизации,urbain
15390,urban,урбанизации,urbanisme
15391,urban,урбанизации,urbanisation
15392,urban,сельских,no_equality
15393,urban,городом,ville
15394,urban,городам,ville
15395,urban,градостроительного,no_equality
15396,urban,градостроительной,no_equality
15397,urban,пригородных,no_equality
15398,urban,градостроительных,no_equality
15399,urban,урбан,urbain
15400,urban,урбанизация,urbanisation
15401,urban,районах,no_equality
15402,urban,урбанистической,urbanisée
15403,jocosely,свободно,no_equality
15404,jocosely,условно,no_equality
15405,jocosely,нежёстко,no_equality
15406,jocosely,произвольно,no_equality
15407,jocosely,небрежно,no_equality
15408,jocosely,слабо,no_equality
15409,jocosely,общем плане,no_equality
15410,jocosely,расплывчатое,no_equality
15411,jocosely,разрозненных,no_equality
15412,jocosely,нечетко,no_equality
15413,influencing,влияющий,no_equality
15414,influencing,влияние,influence
15415,drooled,слюнявили,no_equality
15416,accurately,точно,précisément
15417,accurately,точно,exactement
15418,accurately,точно,justement
15419,accurately,четко,avec précision
15420,accurately,четко,précisément
15421,accurately,правильно,correctement
15422,accurately,тщательно,soigneusement
15423,accurately,тщательно,rigoureusement
15424,accurately,аккуратно,soigneusement
15425,accurately,точного,no_equality
15426,accurately,точной,no_equality
15427,accurately,точное,no_equality
15428,accurately,точную,no_equality
15429,accurately,точностью,no_equality
15430,accurately,точности,no_equality
15431,accurately,точному,no_equality
15432,accurately,надлежащим образом,correctement
15433,accurately,надлежащим образом,adéquatement
15434,accurately,достоверно,fidèlement
15435,accurately,точные,no_equality
15436,reconsidering,пересмотр,revoir
15437,reconsidering,пересмотреть,reconsidérer
15438,reconsidering,пересмотреть,réexaminer
15439,reconsidering,пересмотреть,revoir
15440,reconsidering,пересмотреть,repenser
15441,reconsidering,пересмотреть,revenir sur
15442,reconsidering,пересматривает,no_equality
15443,reconsidering,пересматривают,no_equality
15444,reconsidering,вновь рассматривает,réexamine
15445,reconsidering,повторного рассмотрения,réexamen
15446,reconsidering,повторном рассмотрении,réexamen
15447,reconsidering,повторном рассмотрении,revenir sur
15448,reconsidering,пересмотрев,no_equality
15449,reconsidering,пересматриваешь,no_equality
15450,reconsidering,пересматривая,no_equality
15451,reconsidering,пересматривало,no_equality
15452,reconsidering,передумать,reconsidérer
15453,reconsidering,передумать,repenser
15454,reconsidering,повторным рассмотрением,no_equality
15455,border,границы,frontière
15456,border,границы,frontalier
15457,border,границы,bordure
15458,border,границы,limite
15459,border,граница,frontière
15460,border,граница,bordure
15461,border,граница,limite
15462,border,границе,frontière
15463,border,границе,frontalier
15464,border,границе,bordure
15465,border,пограничный,frontalier
15466,border,приграничный,no_equality
15467,border,граничить,no_equality
15468,border,пограничных,frontalier
15469,border,приграничных,frontière
15470,border,приграничных,frontalier
15471,border,приграничной,frontalier
15472,border,приграничном,frontière
15473,border,приграничные,frontalier
15474,border,грань,frontière
15475,border,грань,limite
15476,border,пограничный район,no_equality
15477,border,контрольно-пропускного,no_equality
15478,cattleship,линкор,cuirassé
15479,cattleship,линкор,navire de guerre
15480,cattleship,корабль,cuirassé
15481,cattleship,корабль,croiseur
15482,cattleship,броненосец,cuirassé
15483,cattleship,морской бой,bataille navale
15484,cattleship,крейсер,croiseur
15485,cattleship,эсминец,no_equality
15486,cattleship,флагман,no_equality
15487,cattleship,боевом корабле,no_equality
15488,cattleship,эсминцем,no_equality
15489,cattleship,военном корабле,navire de guerre
15490,cattleship,линкором,no_equality
15491,cattleship,баттлшип,no_equality
15492,salamanders,саламандры,no_equality
15493,salamanders,саламандр,salamandre
15494,traitorously,предательски объявили,no_equality
15495,sandmen,песочники,no_equality
15496,vying,соперничающие,no_equality
15497,vying,борющимися,no_equality
15498,vying,выбирали,no_equality
15499,vying,претендовали,no_equality
15500,vying,борясь,no_equality
15501,vying,претендует,no_equality
15502,vying,претендующих,no_equality
15503,vying,борются,no_equality
15504,vying,соперничают друг,no_equality
15505,stinter,стингер,no_equality
15506,stinter,жало,no_equality
15507,stinter,резкий удар,no_equality
15508,stinter,стингером,no_equality
15509,stinter,скорожала,no_equality
15510,stinter,стингеру,no_equality
15511,stinter,стингера,no_equality
15512,stinter,скорожал,no_equality
15513,stinter,жалит его своим жалом,no_equality
15514,stinter,"""колючка""",no_equality
15515,overrated,переоценивают,surestimée
15516,overrated,переоцененный,no_equality
15517,overrated,переоценить,no_equality
15518,overrated,переоценена,no_equality
15519,overrated,переоценили,surévalué
15520,overrated,переоценены,no_equality
15521,overrated,переоцененным,no_equality
15522,overrated,переоценено,no_equality
15523,overrated,преувеличивают,no_equality
15524,overrated,переоценен,surestimé
15525,hospitalized,госпитализирован,hospitalisé
15526,hospitalized,госпитализированы,hospitalisé
15527,hospitalized,госпитализированных,hospitalisé
15528,hospitalized,госпитализированных,hospitalisation
15529,hospitalized,госпитализации,no_equality
15530,hospitalized,госпитализировали,no_equality
15531,hospitalized,в больнице,hospitalisé
15532,hospitalized,в больнице,hospitalisation
15533,hospitalized,в больнице,à l'hôpital
15534,hospitalized,в больницу,no_equality
15535,hospitalized,госпитализировано,no_equality
15536,hospitalized,госпитализирована,hospitalisé
15537,hospitalized,госпитализированные,no_equality
15538,hospitalized,госпитализированными,no_equality
15539,hospitalized,госпитализированный,no_equality
15540,hospitalized,госпитализировать,no_equality
15541,hospitalized,госпитализируются,no_equality
15542,Fijian,фиджийский,fidjien
15543,Fijian,фиджийского,fidjien
15544,Fijian,фиджийского,fidjienne
15545,Fijian,фиджийского,fidji
15546,Fijian,фиджийских,fidjiens
15547,Fijian,фиджийских,fidjienne
15548,Fijian,фиджийские,fidjiens
15549,Fijian,фиджийцев,fidjiens
15550,Fijian,фиджи,fidjien
15551,Fijian,фиджи,fidjienne
15552,Fijian,фиджи,fidji
15553,Fijian,фиджиец,fidjien
15554,Fijian,фиджийской,fidjien
15555,Fijian,фиджийской,fidjienne
15556,Fijian,фиджийской,fidji
15557,Fijian,фиджийском,fidjienne
15558,Fijian,фиджийское,fidjien
15559,Fijian,фиджийское,fidjienne
15560,Fijian,фиджийская,fidjienne
15561,Fijian,фиджийская,fidji
15562,Fijian,фиджийскими,no_equality
15563,Fijian,фиджийским,no_equality
15564,Fijian,фиджийскому,no_equality
15565,Fijian,фиджийцами,fidjiens
15566,one-fourths,один,celui
15567,one-fourths,один,seul
15568,one-fourths,один,personne
15569,one-fourths,одним из,no_equality
15570,one-fourths,одной из,no_equality
15571,one-fourths,одна из,no_equality
15572,one-fourths,который,celui
15573,one-fourths,четверти,quart
15574,one-fourths,четвертей,no_equality
15575,one-fourths,четвертями,quart
15576,no,нет,sans
15577,no,нет,ne
15578,no,нет,pas
15579,no,нет,non
15580,no,нет,aucun
15581,no,нет,je
15582,no,без,sans
15583,no,без,non
15584,no,без,aucun
15585,no,без,ni
15586,no,никакой,no_equality
15587,no,никто,personne
15588,no,никто,rien
15589,no,отсутствие,absence
15590,no,не,n
15591,no,не,rien
15592,no,не,ne
15593,no,не,jamais
15594,no,никаких,personne
15595,no,никаких,rien
15596,no,никаких,absence
15597,no,ни,ne
15598,no,ни,jamais
15599,no,ни,pas
15600,no,ни,aucun
15601,no,никакого,rien
15602,no,никакого,absence
15603,no,да,no_equality
15604,no,каких-либо,rien
15605,no,каких-либо,absence
15606,no,нет-нет,no_equality
15607,no,никакие,no_equality
15608,no,никакая,no_equality
15609,no,nº,no
15610,no,nº,numéro
15611,rebirths,перерождений,no_equality
15612,marrying,женитьба,mariage
15613,marrying,женитьба,épouser
15614,marrying,женитьба,épousant
15615,marrying,женитьба,se marier
15616,marrying,женившийся,no_equality
15617,evict,выселить,expulser
15618,evict,выселить,évincer
15619,evict,выселить,virer
15620,evict,выселять,expulser
15621,evict,изгнать,expulser
15622,evict,изгнать,chasser
15623,evict,изгонять,expulser
15624,evict,изгонять,chasser
15625,evict,выселения,no_equality
15626,evict,выселим,no_equality
15627,evict,выселение,no_equality
15628,evict,выселению,no_equality
15629,schlocks,потрясений,choc
15630,schlocks,потрясений,perturbation
15631,schlocks,потрясениям,choc
15632,schlocks,потрясениям,bouleversement
15633,schlocks,потрясения,choc
15634,schlocks,потрясения,bouleversement
15635,schlocks,потрясениями,no_equality
15636,schlocks,шоков,no_equality
15637,schlocks,шокам,choc
15638,schlocks,шокирует,choque
15639,schlocks,шоки,choc
15640,schlocks,шок,no_equality
15641,schlocks,ударов,choc
15642,schlocks,ударов,coup
15643,schlocks,бедствий,no_equality
15644,schlocks,шоками,no_equality
15645,schlocks,кризисов,crise
15646,schlocks,ударам,coup
15647,schlocks,катаклизмов,no_equality
15648,make-believes,сделать,faire
15649,make-believes,сделать,rendre
15650,make-believes,сделать,prendre
15651,make-believes,чтобы,no_equality
15652,make-believes,делать,faire
15653,make-believes,делать,rendre
15654,make-believes,делать,prendre
15655,make-believes,заставить,faire
15656,make-believes,заставить,rendre
15657,make-believes,внести,apporter
15658,make-believes,считает,estime
15659,make-believes,считает,croit
15660,make-believes,считает,pense
15661,make-believes,считает,considère
15662,make-believes,считает,est d'avis
15663,make-believes,полагает,estime
15664,make-believes,полагает,croit
15665,make-believes,полагает,pense
15666,make-believes,полагает,considère
15667,make-believes,полагает,est d'avis
15668,make-believes,верит,estime
15669,make-believes,верит,croit
15670,make-believes,верит,pense
15671,make-believes,убеждена,estime
15672,make-believes,убеждена,considère
15673,make-believes,считают,no_equality
15674,narcissistic,самовлюбленный,narcissique
15675,narcissistic,нарциссический,narcissique
15676,narcissistic,эгоистично,narcissique
15677,narcissistic,нарциссическое,no_equality
15678,narcissistic,нарциссической,no_equality
15679,narcissistic,нарциссические,no_equality
15680,narcissistic,нарциссичный,no_equality
15681,narcissistic,нарциссизму,no_equality
15682,narcissistic,самовлюбленными,no_equality
15683,narcissistic,нарциссизм,no_equality
15684,link,связь,lien
15685,link,связь,liaison
15686,link,связь,relation
15687,link,связь,rapport
15688,link,связь,connexion
15689,link,связь,lié
15690,link,связь,corrélation
15691,link,связи,lien
15692,link,связи,liaison
15693,link,связи,relation
15694,link,связи,rapport
15695,link,увязка,liaison
15696,link,звено,lien
15697,link,звено,maillon
15698,link,звено,chaînon
15699,link,взаимосвязь,lien
15700,link,взаимосвязь,liaison
15701,link,взаимосвязь,relation
15702,link,взаимосвязь,rapport
15703,link,взаимосвязь,corrélation
15704,link,ссылка,no_equality
15705,link,ссылки,lien
15706,link,ссылки,référence
15707,link,линк,no_equality
15708,link,увязать,relier
15709,link,увязать,lier
15710,link,увязать,associer
15711,link,связать,relier
15712,link,связать,lier
15713,link,связать,associer
15714,link,связать,connecter
15715,link,увязывать,relier
15716,link,увязывать,lier
15717,link,увязывать,associer
15718,link,связывать,relier
15719,link,связывать,lier
15720,link,связывать,associer
15721,link,ссылку,lien
15722,link,ссылку,référence
15723,link,увязывание,no_equality
15724,link,соединение,liaison
15725,link,соединение,connexion
15726,link,связующее звено,lien
15727,link,канал,lien
15728,link,связываться,communiquer
15729,link,соединять,relier
15730,link,соединять,lier
15731,link,соединять,connecter
15732,link,гиперссылка,hyperlien
15733,physiotherapist,физиотерапевт,physiothérapeute
15734,physiotherapist,физиотерапевт,kinésithérapeute
15735,physiotherapist,физиотерапевт,kinésithérapie
15736,physiotherapist,психотерапевт,physiothérapeute
15737,rurality,сельской местности,no_equality
15738,unhappy,несчастный,malheureux
15739,unhappy,несчастный,triste
15740,unhappy,несчастливый,malheureux
15741,unhappy,недовольны,mécontent
15742,unhappy,недовольны,insatisfait
15743,unhappy,недовольны,pas content
15744,unhappy,недовольны,mécontentement
15745,unhappy,недоволен,déçu
15746,unhappy,недовольна,mécontent
15747,unhappy,расстроена,no_equality
15748,unhappy,счастлив,malheureux
15749,unhappy,недовольных,mécontent
15750,unhappy,недовольные,no_equality
15751,unhappy,расстраивает,no_equality
15752,improving,улучшение,amélioration
15753,improving,улучшение,mieux
15754,improving,улучшение,renforcement
15755,improving,улучшение,meilleur
15756,improving,улучшение,améliorer
15757,improving,улучшение,améliorant
15758,improving,улучшение,renforcer
15759,improving,улучшение,améliorent
15760,improving,повышение,amélioration
15761,improving,повышение,renforcement
15762,improving,повышение,meilleur
15763,improving,повышение,accroissement
15764,improving,совершенствование,amélioration
15765,improving,совершенствование,meilleur
15766,improving,совершенствование,perfectionnement
15767,improving,расширение,renforcement
15768,improving,укрепление,amélioration
15769,improving,укрепление,renforcement
15770,improving,укрепление,meilleur
15771,improving,укрепление,améliorer
15772,improving,укрепление,renforcer
15773,improving,укрепление,renforçant
15774,improving,усовершенствование,amélioration
15775,improving,усовершенствование,perfectionnement
15776,improving,укрепления,amélioration
15777,improving,укрепления,mieux
15778,improving,укрепления,renforcement
15779,improving,укрепления,améliorer
15780,improving,укрепления,renforcer
15781,improving,укрепления,accroître
15782,improving,усиление,amélioration
15783,improving,усиление,renforcement
15784,improving,усиление,meilleur
15785,improving,усиление,accroissement
15786,improving,наращивание,renforcement
15787,improving,наращивание,accroissement
15788,improving,наращивание,accroître
15789,improving,углубление,renforcement
15790,improving,улучшить,no_equality
15791,improving,повысить,no_equality
15792,improving,улучшается,no_equality
15793,improving,совершенствовать,no_equality
15794,improving,улучшая,no_equality
15795,musicianship,музыкальность,no_equality
15796,Rockefellers,рокфеллеры,no_equality
15797,Rockefellers,рокфеллерами,no_equality
15798,domiciliary,по месту жительства,à domicile
15799,domiciliary,на дому,no_equality
15800,domiciliary,домашний,no_equality
15801,girdles,пояса,no_equality
15802,girdles,корсет,gaine
15803,girdles,делают корсеты,no_equality
15804,stipulated,установленный,no_equality
15805,stipulated,предусмотренных,prévu
15806,stipulated,предусматривается,no_equality
15807,stipulated,предусматривает,prévu
15808,stipulated,предусмотренные,prévu
15809,stipulated,предусмотренные,défini
15810,stipulated,соответствии,no_equality
15811,stipulated,говорится,no_equality
15812,stipulated,согласно,no_equality
15813,stipulated,предусмотрены,prévu
15814,stipulated,предусмотренным,énoncé
15815,stipulated,гласит,no_equality
15816,stipulated,указывается,spécifié
15817,stipulated,предусмотренной,no_equality
15818,stipulated,оговоренных,no_equality
15819,stipulated,предусматривалось,no_equality
15820,fleshy,мясистыми,no_equality
15821,fleshy,мясистая,no_equality
15822,fleshy,мясистые,no_equality
15823,fleshy,мясистым,no_equality
15824,fleshy,вульгарна,no_equality
15825,fleshy,мясистую,no_equality
15826,diffusive,диффузорный,no_equality
15827,videos,видео,vidéo
15828,videos,видео,image
15829,videos,видеоматериалы,vidéo
15830,videos,видеоматериалы,image
15831,videos,видеоматериалов,no_equality
15832,videos,видеофильмов,vidéo
15833,videos,видеофильмов,vidéocassette
15834,videos,видеозаписи,vidéo
15835,videos,видеофильмы,vidéo
15836,videos,видеозаписей,vidéocassette
15837,videos,видеоролики,no_equality
15838,videos,видеороликов,no_equality
15839,videos,видео-,vidéo
15840,videos,фильмы,vidéo
15841,videos,фильмы,film
15842,videos,записи,vidéo
15843,videos,записи,image
15844,videos,видеоклипы,vidéo
15845,videos,ролики,vidéo
15846,videos,фильмов,vidéo
15847,videos,фильмов,film
15848,ambivalent,неоднозначные,ambigu
15849,ambivalent,двойственным,no_equality
15850,ambivalent,двойственное отношение,no_equality
15851,ambivalent,двойственной,no_equality
15852,ambivalent,двойственные,no_equality
15853,ambivalent,неоднозначная,no_equality
15854,ambivalent,неоднозначными,no_equality
15855,ambivalent,амбивалентна,no_equality
15856,ambivalent,неоднозначно,no_equality
15857,ambivalent,противоречивым,no_equality
15858,ambivalent,противоречивы,no_equality
15859,ambivalent,двойственного,no_equality
15860,ambivalent,двойственному,no_equality
15861,ambivalent,амбивалентности,no_equality
15862,ambivalent,неоднозначность,no_equality
15863,fiances,жених,fiancé
15864,hiring,наем,embauche
15865,hiring,наем,recrutement
15866,hiring,наем,location
15867,hiring,наем,embauchage
15868,hiring,наем,emploi
15869,hiring,наем,embaucher
15870,hiring,наем,recruter
15871,hiring,найм,embauche
15872,hiring,найм,recrutement
15873,hiring,найм,embaucher
15874,hiring,найм,recruter
15875,hiring,набор,embauche
15876,hiring,набор,recrutement
15877,hiring,привлечение,recrutement
15878,hiring,привлечение,engagement
15879,hiring,привлечение,recours
15880,hiring,прием на работу,embauche
15881,hiring,прием на работу,recrutement
15882,hiring,прием на работу,embaucher
15883,hiring,прием на работу,recruter
15884,hiring,нанять,no_equality
15885,hiring,нанимать,no_equality
15886,hiring,приеме на работу,embauche
15887,hiring,приема на работу,embauche
15888,hiring,приема на работу,recrutement
15889,hiring,приема на работу,recruter
15890,hiring,найме на работу,embauche
15891,hiring,найме на работу,recrutement
15892,hiring,найме на работу,recruter
15893,hiring,нанимают,engage
15894,hiring,нанимают,embauchent
15895,hiring,нанял,embaucher
15896,hiring,нанял,engager
15897,hiring,аренду,location
15898,hiring,аренду,louer
15899,hiring,нанимает,embauche
15900,hiring,нанимает,engage
15901,hiring,наняв,embaucher
15902,fundaments,основах,no_equality
15903,expediting,ускорения,accélérer
15904,expediting,ускорения,accélération
15905,expediting,ускорения,hâter
15906,expediting,ускорения,diligenter
15907,expediting,ускорение,accélérer
15908,expediting,ускорение,accélération
15909,expediting,ускорить,accélérer
15910,expediting,ускорить,accélération
15911,expediting,ускорить,hâter
15912,expediting,ускорить,diligenter
15913,expediting,повышения оперативности,no_equality
15914,expediting,ускоряет,accélérer
15915,expediting,ускоряет,accélérant
15916,expediting,ускоряет,accélèrent
15917,expediting,ускорив,accélérant
15918,expediting,ускорив,accéléré
15919,expediting,скорейшего,accélérer
15920,expediting,более оперативного,no_equality
15921,swings,колебания,fluctuation
15922,swings,колебания,variation
15923,swings,качелях,balançoire
15924,swings,качели,balançoire
15925,swings,качелей,balançoire
15926,swings,резких колебаний,fluctuation
15927,swings,качелями,balançoire
15928,swings,колебаниям,fluctuation
15929,swings,колебаниям,variation
15930,swings,качается,se balance
15931,swings,колебаниями,fluctuation
15932,swings,колебаниями,variation
15933,swings,настроении,no_equality
15934,engrams,энграммы,no_equality
15935,engrams,энграмм,no_equality
15936,overflows,переполнения буфера,no_equality
15937,overflows,переполнение,no_equality
15938,overflows,переполнится,no_equality
15939,overflows,перетоков,no_equality
15940,overflows,тебя затопит счастьем...,no_equality
15941,estimations,оценки,estimation
15942,estimations,оценок,estimation
15943,estimations,оценок,estimer
15944,estimations,оценкам,estimation
15945,estimations,оценках,estimation
15946,estimations,расчетами,estimation
15947,estimations,согласно расчетам,no_equality
15948,haemorrhage,кровотечение,hémorragie
15949,haemorrhage,кровотечение,saignement
15950,haemorrhage,кровоизлияние,hémorragie
15951,haemorrhage,кровоизлияние,saignement
15952,haemorrhage,потеря крови,hémorragie
15953,efforts,усилия,effort
15954,efforts,усилия,activité
15955,efforts,усилия,déployés
15956,efforts,усилия,travail
15957,efforts,усилия,œuvre
15958,efforts,усилий,effort
15959,efforts,усилий,travail
15960,efforts,усилиям,effort
15961,efforts,усилиях по,no_equality
15962,efforts,усилиями,no_equality
15963,efforts,деятельности,activité
15964,efforts,меры,effort
15965,efforts,меры,activité
15966,efforts,меры,initiative
15967,efforts,меры,œuvre
15968,efforts,деятельность,activité
15969,efforts,деятельность,initiative
15970,efforts,работу,effort
15971,efforts,работу,activité
15972,efforts,работу,œuvrer
15973,efforts,работу,travail
15974,efforts,работу,travaux
15975,efforts,мер,no_equality
15976,efforts,предпринимаемые,effort
15977,efforts,предпринимаемые,initiative
15978,efforts,попытки,initiative
15979,efforts,попытки,efforcent
15980,efforts,мероприятий,effort
15981,efforts,мероприятий,activité
15982,efforts,мероприятий,initiative
15983,efforts,прилагаемые,effort
15984,efforts,предпринятые,effort
15985,efforts,предпринятые,initiative
15986,efforts,хлопоты,no_equality
15987,localizing,локализация,localisation
15988,localizing,ограничение,no_equality
15989,localizing,местном уровне,no_equality
15990,localizing,локализовать,no_equality
15991,localizing,программа осуществления,no_equality
15992,geographers,географов,no_equality
15993,geographers,географы,no_equality
15994,geographers,географическую академию,no_equality
15995,depictions,изображений,illustration
15996,depictions,изображениями,représentation
15997,depictions,изображения,représentation
15998,depictions,изображения,illustration
15999,sleet,слякоть,neige fondue
16000,sleet,мокрый снег,no_equality
16001,sleet,мокрым снегом,no_equality
16002,sleet,мокрого снега,no_equality
16003,sleet,в снег,no_equality
16004,sleet,виде дождя,no_equality
16005,toasters,тостеры,grille-pain
16006,toasters,тостеров,no_equality
16007,toasters,тостерами,no_equality
16008,contemplative,задумчивый,no_equality
16009,contemplative,созерцательной,no_equality
16010,contemplative,созерцательную,no_equality
16011,Lithuania,литва,lituanie
16012,Lithuania,литва,lithuanie
16013,Lithuania,литвы,no_equality
16014,Lithuania,литве,no_equality
16015,Lithuania,литвой,lituanie
16016,Lithuania,литву,lituanie
16017,Lithuania,литовская,lituanie
16018,Lithuania,литовского,lituanie
16019,Lithuania,литовских,lituanie
16020,Lithuania,литовское,no_equality
16021,Lithuania,латвия,lettonie
16022,Lithuania,литовском,no_equality
16023,Lithuania,латвии,lettonie
16024,Lithuania,литовские,lituanie
16025,Lithuania,литовский,no_equality
16026,overdrafts,овердрафты,no_equality
16027,overdrafts,овердрафтам,no_equality
16028,overdrafts,возникновение овердрафтов,no_equality
16029,regulates,регулирует,réglemente
16030,regulates,регулирует,régule
16031,regulates,регулирует,régit
16032,regulates,регулирует,règle
16033,regulates,регулирует,définit
16034,regulates,регулирует,régissant
16035,regulates,регулирует,régissent
16036,regulates,регламентирует,réglemente
16037,regulates,регламентирует,régit
16038,regulates,регламентирует,définit
16039,regulates,регулируются,réglemente
16040,regulates,регулируются,régit
16041,regulates,регулируются,réglementent
16042,regulates,регулируются,régissent
16043,regulates,регулируется,régit
16044,regulates,регулируется,réglementent
16045,regulates,регулируется,régissent
16046,regulates,регламентируется,régit
16047,regulates,регламентируется,régissent
16048,regulates,регулируют,réglemente
16049,regulates,регулируют,régit
16050,regulates,регулируют,réglementer
16051,regulates,регулируют,régissant
16052,regulates,регулируют,réglementent
16053,regulates,регулируют,régissent
16054,regulates,регулируют,régulent
16055,regulates,регламентируются,réglemente
16056,regulates,регламентируются,régit
16057,regulates,регламентируются,réglementent
16058,regulates,устанавливает,définit
16059,regulates,устанавливает,fixe
16060,regulates,регулирующий,réglementer
16061,regulates,регулирующий,régissant
16062,regulates,регулирующий,réglementant
16063,regulates,регулирующего,régit
16064,regulates,регулирующего,réglementer
16065,regulates,регулирующего,régissant
16066,regulates,регулирующего,réglementant
16067,regulates,регулирующим,régit
16068,regulates,регулирующим,régissant
16069,regulates,регулирующим,réglementant
16070,regulates,регулирующим,réglementent
16071,regulates,регулирующим,régissent
16072,regulates,определяет порядок,no_equality
16073,regulates,определяются,définit
16074,regulates,определяются,fixe
16075,regulates,регулирующие,régit
16076,regulates,регулирующие,réglementer
16077,regulates,регулирующие,régissant
16078,regulates,регулирующие,réglementant
16079,regulates,регулирующие,réglementent
16080,regulates,регулирующие,régissent
16081,regulates,регулирование,réglemente
16082,regulates,регулирование,règle
16083,withstanding,выдерживать,supporter
16084,withstanding,выдерживать,résister aux
16085,withstanding,выдержать,supporter
16086,withstanding,выдержать,résister à
16087,withstanding,противостоянии,no_equality
16088,withstanding,невзирая,no_equality
16089,withstanding,дефлаграции,no_equality
16090,withstanding,выдержав,no_equality
16091,dances,бальные танцы,no_equality
16092,snitched,настучал,a balancé
16093,snitched,настучал,as mouchardé
16094,snitched,стучал,a balancé
16095,snitched,сдал меня,no_equality
16096,snitched,стучала,no_equality
16097,snitched,стучали,no_equality
16098,snitched,донёс,a balancé
16099,snitched,настучала,no_equality
16100,snitched,его заложил,a balancé
16101,snitched,его заложил,a dénoncé
16102,snitched,заложила,no_equality
16103,snitched,стукач,no_equality
16104,coffees,кофе,café
16105,condenser,конденсатор,condensateur
16106,condenser,конденсор,condensateur
16107,condenser,конденсата,condensation
16108,moms,мамы,mère
16109,moms,мамы,maman
16110,moms,мам,mère
16111,moms,мам,maman
16112,moms,мам,m'man
16113,moms,мама,mère
16114,moms,мама,maman
16115,moms,мама,m'man
16116,moms,мамам,no_equality
16117,moms,мамами,mère
16118,moms,мамочки,mère
16119,moms,мамочки,maman
16120,moms,матери,mère
16121,moms,матери,maman
16122,moms,мамочек,maman
16123,moms,матерей,mère
16124,moms,матерей,maman
16125,moms,мамаши,mère
16126,moms,мамаши,maman
16127,moms,мамаш,no_equality
16128,moms,мамой,mère
16129,moms,мамой,maman
16130,moms,мамуля,mère
16131,moms,мамуля,maman
16132,moms,мамашам,no_equality
16133,moms,маму,mère
16134,moms,маму,maman
16135,abators,субъектов,no_equality
16136,abators,субъектами,no_equality
16137,abators,субъекты,no_equality
16138,abators,участников,no_equality
16139,abators,действующих лиц,no_equality
16140,abators,участниками,no_equality
16141,abators,субъектам,no_equality
16142,abators,организаций,no_equality
16143,abators,участники,no_equality
16144,abators,стороны,no_equality
16145,abators,действующими лицами,no_equality
16146,abators,актеров,no_equality
16147,abators,структур,no_equality
16148,abators,актеры,no_equality
16149,abators,действующие лица,no_equality
16150,transshipped,переваливаемых,no_equality
16151,EWS,срп,no_equality
16152,EWS,ежс,ews
16153,EWS,центр слежения,no_equality
16154,EWS,центром слежения,no_equality
16155,EWS,еус,no_equality
16156,implored,умолял,supplie
16157,implored,умолял,suppliait
16158,implored,умоляли,no_equality
16159,implored,умоляет,supplie
16160,implored,призывали,no_equality
16161,write in,вписать,no_equality
16162,write-in,вписанный,no_equality
16163,spin,вращаться,tourner
16164,spin,крутить,tourner
16165,spin,крутиться,tourner
16166,spin,крутиться,tournoyer
16167,spin,вращать,faire tourner
16168,spin,вращение,rotation
16169,spin,спина,no_equality
16170,spin,покрутить,no_equality
16171,spin,вертеться,tourner
16172,spin,плести,no_equality
16173,spin,повернуть,tourner
16174,spin,повернуть,retourner
16175,spin,оборот,rotation
16176,spin,оборот,tour
16177,spin,поворот,rotation
16178,spin,поворот,tour
16179,spin,раскрутить,lancer
16180,spin,вертеть,tourner
16181,spin,вертеть,faire tourner
16182,spin,прясть,filer
16183,dissociated,диссоциированный,no_equality
16184,dissociated,разъединенный,no_equality
16185,sharpeners,точилки,no_equality
16186,shippers,грузоотправителей,expéditeur
16187,shippers,грузоотправителей,chargeur
16188,shippers,грузоотправителей,transporteur
16189,shippers,грузоотправители,no_equality
16190,shippers,грузоотправителями,expéditeur
16191,shippers,грузоотправителями,chargeur
16192,shippers,грузоотправителям,no_equality
16193,shippers,перевозчиков,transporteur
16194,shippers,грузоперевозчиков,no_equality
16195,shippers,отправителей,no_equality
16196,shippers,отправителям,no_equality
16197,shippers,грузоперевозчикам,no_equality
16198,curlers,бигуди,bigoudi
16199,curlers,бигудях,no_equality
16200,curlers,бигудей,no_equality
16201,napkins,салфетки,serviette
16202,napkins,салфетки,couche
16203,napkins,салфеток,serviette
16204,napkins,салфетками,no_equality
16205,napkins,салфетках,no_equality
16206,napkins,пеленок,couche
16207,fleeting,мимолетный,éphémère
16208,fleeting,скоротечный,no_equality
16209,fleeting,беглый,fugitif
16210,fleeting,ускользающий,no_equality
16211,insulate,оградить,isoler
16212,insulate,оградить,protéger
16213,insulate,оградить,soustraire
16214,insulate,изолировать,isoler
16215,insulate,защитить,protéger
16216,insulate,теплоизоляции,no_equality
16217,insulate,уберечь,protéger
16218,insulate,ограждения,no_equality
16219,insulate,изолироваться,no_equality
16220,insulate,отгородить,no_equality
16221,insulate,отделить,isoler
16222,geese,гусей,no_equality
16223,geese,гуси,oie
16224,geese,гусями,no_equality
16225,geese,гусях,oie
16226,geese,гусыни,no_equality
16227,offerors,оферентов,no_equality
16228,pinks,розовый,rose
16229,pinks,розовые,rose
16230,pinks,порозовеет,no_equality
16231,foundation,основа,fondation
16232,foundation,основа,fondement
16233,foundation,основа,base
16234,foundation,основа,assise
16235,foundation,основа,fond
16236,foundation,фонд,fondation
16237,foundation,фонд,foundation
16238,foundation,фонд,fond
16239,foundation,учреждение,fondation
16240,foundation,учреждение,établissement
16241,foundation,создание,création
16242,foundation,создание,établissement
16243,foundation,учредительство,no_equality
16244,foundation,устой,no_equality
16245,foundation,опора,no_equality
16246,foundation,Фундация,no_equality
16247,foundation,фундаментный,no_equality
16248,gets,получает,obtient
16249,gets,получает,reçoit
16250,gets,получает,prend
16251,gets,получает,gagne
16252,gets,получит,obtient
16253,gets,получит,reçoit
16254,gets,получит,prend
16255,gets,получит,gagne
16256,gets,становится,devient
16257,gets,становится,prend
16258,gets,станет,devient
16259,gets,станет,peut
16260,gets,доберется,no_equality
16261,gets,получил,no_equality
16262,gets,попадет,va
16263,gets,попадает,tombe
16264,gets,понимает,no_equality
16265,gets,бывает,no_equality
16266,gets,получила,no_equality
16267,gets,начинает,devient
16268,gets,начинает,prend
16269,gets,получают,reçoit
16270,gets,достанется,no_equality
16271,gets,встанет,no_equality
16272,reverberates,отражается,se répercute
16273,reverberates,отдается,no_equality
16274,pauperize,доводить до нищеты,no_equality
16275,fertilized,удобренный,no_equality
16276,fertilized,оплодотворенный,no_equality
16277,intensiveness,интенсивность,intensité
16278,fluorides,фторидов,no_equality
16279,air_conditionings,кондиционер,climatisation
16280,air_conditionings,кондиционер,air conditionné
16281,air_conditionings,кондиционер,climatiseur
16282,air_conditionings,кондиционирование воздуха,climatisation
16283,air_conditionings,кондиционирования воздуха,climatisation
16284,air_conditionings,кондиционирования воздуха,air conditionné
16285,air_conditionings,кондиционирования воздуха,climatiseur
16286,air_conditionings,кондиционеров воздуха,climatisation
16287,air_conditionings,кондиционеров воздуха,climatiseur
16288,air_conditionings,air conditioning,no_equality
16289,air_conditionings,кондиционировании воздуха,climatisation
16290,air_conditionings,кондиционировании воздуха,climatiseur
16291,air_conditionings,кондиционированием воздуха,no_equality
16292,air_conditionings,кондиционерах воздуха,no_equality
16293,air_conditionings,кондиционирующих,no_equality
16294,air_conditionings,кондиционированию воздуха,climatiseur
16295,air_conditionings,систем воздухоснабжения,air conditionné
16296,synchronous,синхронный,no_equality
16297,synchronous,синхронизированный,no_equality
16298,synchronous,синхронный обмен,no_equality
16299,soundless,а стал беззвучным,no_equality
16300,trusted,доверять,no_equality
16301,trusted,доверял,no_equality
16302,trusted,надеется,no_equality
16303,trusted,доверенный,fidèle
16304,trusted,доверяла,no_equality
16305,trusted,доверяли,no_equality
16306,trusted,выражает надежду,no_equality
16307,trusted,доверился,no_equality
16308,trusted,полагает,no_equality
16309,trusted,верил,no_equality
16310,trusted,верить,no_equality
16311,trusted,верит,no_equality
16312,trusted,доверил,no_equality
16313,trusted,доверие,no_equality
16314,trusted,считает,no_equality
16315,advisors,советников,conseiller
16316,advisors,советников,consultatif
16317,advisors,советники,conseiller
16318,advisors,консультантов по вопросам,no_equality
16319,advisors,советниками,conseiller
16320,advisors,консультантами,conseiller
16321,advisors,консультантами,consultant
16322,advisors,консультанты по вопросам,no_equality
16323,advisors,советника,conseiller
16324,advisors,советникам,no_equality
16325,advisors,юрисконсульты,no_equality
16326,positioning,позиционирование,positionnement
16327,positioning,размещение,placement
16328,positioning,расположение,positionnement
16329,positioning,расположение,localisation
16330,positioning,расположение,position
16331,positioning,определения местоположения,positionnement
16332,positioning,определения местоположения,localisation
16333,positioning,определения координат,no_equality
16334,positioning,позиции,no_equality
16335,positioning,местоопределения,no_equality
16336,positioning,определение местоположения,positionnement
16337,positioning,определения местонахождения,no_equality
16338,recommending,рекомендовать,recommander
16339,recommending,рекомендовать,préconiser
16340,recommending,рекомендует,recommander
16341,recommending,рекомендует,recommandent
16342,recommending,рекомендует,recommandait
16343,recommending,рекомендует,préconise
16344,recommending,рекомендует,conseille
16345,recommending,рекомендует,recommande-t-il
16346,recommending,рекомендуя,recommander
16347,recommending,рекомендации,recommander
16348,recommending,рекомендации,recommandation
16349,recommending,рекомендовав,no_equality
16350,recommending,рекомендация,recommander
16351,recommending,рекомендация,recommandant
16352,recommending,рекомендация,recommandation
16353,recommending,рекомендация,recommandait
16354,recommending,рекомендовал,recommander
16355,recommending,рекомендовал,recommandant
16356,recommending,рекомендовал,recommandait
16357,recommending,рекомендуется,recommande
16358,recommending,рекомендуется,recommandation
16359,recommending,рекомендуется,recommandent
16360,recommending,рекомендую,recommander
16361,recommending,рекомендую,recommande
16362,recommending,рекомендовала,recommander
16363,recommending,рекомендовала,recommande
16364,recommending,рекомендовала,recommandation
16365,recommending,рекомендовала,recommandait
16366,recommending,рекомендовали,recommander
16367,recommending,рекомендовали,recommandent
16368,recommending,рекомендовали,recommandaient
16369,recommending,рекомендуют,no_equality
16370,recommending,рекомендуем,recommande
16371,recommending,вынесения рекомендаций относительно,recommander
16372,recommending,вынесения рекомендаций о,recommander
16373,Scot,шотландец,écossais
16374,Scot,шотландка,écossaise
16375,Scot,скотт,no_equality
16376,Scot,шотландкой,no_equality
16377,Scot,из шотландии,no_equality
16378,Scot,скотта,no_equality
16379,Scot,scot,no_equality
16380,Scot,безнаказанным,no_equality
16381,disaster,катастрофа,catastrophe
16382,disaster,катастрофа,désastre
16383,disaster,катастрофа,désastreux
16384,disaster,катастрофа,catastrophique
16385,disaster,бедствие,catastrophe
16386,disaster,бедствие,désastre
16387,disaster,бедствие,calamité
16388,disaster,авария,no_equality
16389,disaster,цунами,catastrophe
16390,disaster,цунами,tsunami
16391,disaster,несчастье,no_equality
16392,disaster,трагедия,tragédie
16393,disaster,беда,catastrophe
16394,disaster,беда,malheur
16395,disaster,кошмар,désastre
16396,disaster,чрезвычайной,no_equality
16397,disaster,чрезвычайного,no_equality
16398,disaster,ужасно,no_equality
16399,disaster,послеаварийному,no_equality
16400,disaster,стихийных бедствий,catastrophe
16401,disaster,стихийных бедствий,urgence
16402,disaster,провал,désastre
16403,disaster,беды,no_equality
16404,deafening,оглушительный,no_equality
16405,deafening,оглушающий,no_equality
16406,deafening,оглушение,no_equality
16407,deafening,оглушительной,assourdissant
16408,deafening,оглушает,no_equality
16409,deafening,оглушающим,assourdissant
16410,deafening,оглушающей,no_equality
16411,deafening,гробовое,no_equality
16412,professorships,профессорских должностей,no_equality
16413,professorships,должностей профессоров,chaire
16414,professorships,кафедры,no_equality
16415,professorships,преподавательского состава,no_equality
16416,professorships,преподавательские должности,no_equality
16417,professorships,профессуры,no_equality
16418,professorships,профессорские должности,professeur
16419,professorships,профессор,professeur
16420,professorships,должностей доцентов,no_equality
16421,delegating,делегирующий,no_equality
16422,delegating,делегирование,déléguer
16423,delegating,делегирование,délégation
16424,swatting,что муху прибить,no_equality
16425,swatting,отмахиваясь от,no_equality
16426,resumed,возобновленной,no_equality
16427,resumed,возобновление,reprendre
16428,resumed,возобновились,ont repris
16429,resumed,возобновил,a repris
16430,resumed,возобновил,a recommencé
16431,resumed,возобновил,reprenne
16432,resumed,возобновили,ont repris
16433,resumed,возобновили,reprendre
16434,resumed,возобновили,reprennent
16435,resumed,возобновили,relancé
16436,resumed,возобновили,rétabli
16437,resumed,возобновила,no_equality
16438,resumed,возобновить,reprendre
16439,resumed,возобновленную,reprise de la
16440,resumed,возобновлены,reprendre
16441,resumed,возобновлены,reprennent
16442,resumed,возобновился,ont repris
16443,resumed,возобновленная,reprise de la
16444,resumed,возобновилась,a repris
16445,resumed,возобновилась,ont repris
16446,resumed,возобновлено,relancé
16447,resumed,возобновилось,ont repris
16448,resumed,возобновлена,rétabli
16449,exacerbates,усугубляет,no_equality
16450,exacerbates,обостряет,exacerbe
16451,exacerbates,обостряет,aggrave
16452,exacerbates,обостряет,accentue
16453,exacerbates,обостряет,aggravent
16454,exacerbates,обостряет,amplifie
16455,exacerbates,обостряет,attise
16456,exacerbates,обостряет,aggravant
16457,exacerbates,усиливает,exacerbe
16458,exacerbates,усиливает,aggrave
16459,exacerbates,усиливает,accentue
16460,exacerbates,усиливает,renforce
16461,exacerbates,усиливает,accroît
16462,exacerbates,усиливает,amplifie
16463,exacerbates,усиливает,exacerbant
16464,exacerbates,усугубляют,exacerbe
16465,exacerbates,усугубляют,aggrave
16466,exacerbates,усугубляют,exacerbent
16467,exacerbates,усугубляют,aggravent
16468,exacerbates,усугубляют,accentuent
16469,exacerbates,усугубляются,aggrave
16470,exacerbates,усугубляется,aggravent
16471,exacerbates,ухудшает,exacerbe
16472,exacerbates,ухудшает,aggrave
16473,exacerbates,ускоряет,no_equality
16474,exacerbates,усугубляющий,no_equality
16475,exacerbates,ужесточает,aggrave
16476,exacerbates,приводит к усугублению,exacerbe
16477,exacerbates,обостряется,no_equality
16478,exacerbates,углубляет,accentue
16479,exacerbates,углубляет,renforce
16480,exacerbates,обостряют проблему,exacerbent
16481,exacerbates,обостряют проблему,aggravent
16482,exacerbates,обострил,no_equality
16483,monopolisation,монополизация,monopolisation
16484,calliper,калибр,calibre
16485,strafer,обстреляли,no_equality
16486,strafer,обстреливали,no_equality
16487,strafer,обстрелял,no_equality
16488,strafer,осуществили барражирование,no_equality
16489,convulsed,конвульсиях,no_equality
16490,clews,запрягите пузо в слабый клубок,no_equality
16491,rail,железнодорожный,ferroviaire
16492,rail,железные дороги,rail
16493,rail,железные дороги,train
16494,rail,рельс,rail
16495,rail,перила,rampe
16496,rail,перила,rambarde
16497,rail,перила,balustrade
16498,rail,железнодорожных,rail
16499,rail,железнодорожных,train
16500,rail,железнодорожного,ferroviaire
16501,rail,железнодорожным транспортом,no_equality
16502,rail,железных дорог,rail
16503,rail,железных дорог,ferroviaire
16504,rail,железной дороге,chemin de fer
16505,rail,железной дороге,ferroviaire
16506,rail,железным дорогам,rail
16507,rail,железным дорогам,chemin de fer
16508,rail,железным дорогам,ferroviaire
16509,rail,рейл,no_equality
16510,rail,железных дорогах,no_equality
16511,rail,рельсовых,no_equality
16512,rail,рельсовый,no_equality
16513,rail,железная дорога,chemin de fer
16514,rail,поручни,barre
16515,rail,поручни,bastingage
16516,rail,протестовать,no_equality
16517,rail,железной дорогой,chemin de fer
16518,cinematographer,кинематографист,no_equality
16519,cinematographer,кинематографистка,no_equality
16520,cinematographer,оператором,caméraman
16521,shut_down,отключить,fermer
16522,shut_down,отключить,arrêter
16523,shut_down,отключить,couper
16524,shut_down,отключить,éteindre
16525,shut_down,отключить,désactiver
16526,shut_down,прикрыть,arrêter
16527,shut_down,закрыться,fermer
16528,shut_down,выключить,fermer
16529,shut_down,выключить,arrêter
16530,shut_down,выключить,couper
16531,shut_down,выключить,éteindre
16532,shut_down,выключить,désactiver
16533,shut_down,остановить,arrêter
16534,shut_down,остановить,interrompre
16535,shut_down,остановить,bloquer
16536,shut_down,остановить,stopper
16537,shut_down,закрывать,fermer
16538,shut_down,закрывать,clore
16539,shut_down,закрывать,fermeture
16540,shut_down,перекрыть,fermer
16541,shut_down,перекрыть,couper
16542,shut_down,перекрыть,éteindre
16543,shut_down,перекрыть,interrompre
16544,shut_down,перекрыть,bloquer
16545,shut_down,прекратить,no_equality
16546,shut_down,закрыли,fermer
16547,shut_down,закрыли,fermeture
16548,shut_down,закрыты,fermer
16549,shut_down,закрыты,fermeture
16550,shut_down,закрыт,fermer
16551,shut_down,закрыт,fermeture
16552,shut_down,закрыта,fermer
16553,shut_down,закрыл,fermer
16554,shut_down,вырубить,couper
16555,shut_down,вырубить,éteindre
16556,shut_down,вырубить,désactiver
16557,shut_down,вырубить,bloquer
16558,shut_down,отключиться,no_equality
16559,spurner,отверг,a repoussé
16560,spurner,отвергла,a repoussé
16561,spurner,отвергла,rejetait
16562,spurner,отвергнуты,no_equality
16563,spurner,отвергала,rejeté
16564,spurner,отвергал,rejeté
16565,spurner,отвергал,rejetait
16566,spurner,отвергнутая,no_equality
16567,spurner,презрением,méprisent
16568,spurner,презрением,mépris
16569,spurner,отвергнутого,no_equality
16570,spurner,отвергнут,no_equality
16571,spurner,отвергнутой,no_equality
16572,spurner,отвергли,no_equality
16573,craning,поднимание краном,no_equality
16574,infirmities,недостатки,no_equality
16575,dislocations,диспропорции,no_equality
16576,dislocations,потрясений,perturbation
16577,dislocations,перекосы,no_equality
16578,dislocations,неурядицы,no_equality
16579,dislocations,вывихи,no_equality
16580,dislocations,неурядиц,perturbation
16581,dislocations,перемещений населения,no_equality
16582,dislocations,перекосов,no_equality
16583,dislocations,сбоев,bouleversement
16584,dislocations,потрясения,bouleversement
16585,dislocations,перемещению,no_equality
16586,crucifix,распятие,crucifix
16587,crucifix,распятие,croix
16588,crucifix,крестик,crucifix
16589,crucifix,крестик,croix
16590,crucifix,распятье,crucifix
16591,wed,жениться,no_equality
16592,wed,сочетать,no_equality
16593,prohibitions,запреты,interdiction
16594,prohibitions,запреты,prohibition
16595,prohibitions,запреты,interdisant
16596,prohibitions,запреты,interdire
16597,prohibitions,запреты,interdisent
16598,prohibitions,запретов,interdiction
16599,prohibitions,запретов,prohibition
16600,prohibitions,запрещений,prohibition
16601,prohibitions,запрещения,no_equality
16602,prohibitions,запрет,interdiction
16603,prohibitions,запрет,interdit
16604,prohibitions,запрет,prohibition
16605,prohibitions,запрет,interdisant
16606,prohibitions,запрет,interdire
16607,prohibitions,запрет,restriction
16608,prohibitions,запрет,interdisent
16609,prohibitions,запрет,défense
16610,prohibitions,запрещение,interdiction
16611,prohibitions,запрещение,interdit
16612,prohibitions,запрещение,prohibition
16613,prohibitions,запрещение,interdisant
16614,prohibitions,запрещение,interdire
16615,prohibitions,запрета,interdiction
16616,prohibitions,запрета,prohibition
16617,prohibitions,запрета,interdire
16618,prohibitions,запретах,no_equality
16619,prohibitions,запретами,no_equality
16620,prohibitions,запретам,no_equality
16621,prohibitions,запрещениями,interdiction
16622,prohibitions,запрещениях,no_equality
16623,prohibitions,запрете,interdiction
16624,prohibitions,запрете,prohibition
16625,prohibitions,ограничений,restriction
16626,prohibitions,запретом,interdiction
16627,prohibitions,запретом,interdit
16628,biographical,биографический,no_equality
16629,biographical,биографическим,no_equality
16630,biographical,биографическими,no_equality
16631,morphias,морфин,no_equality
16632,morphias,морфий,morphine
16633,morphias,морфию,no_equality
16634,morphias,морфину,no_equality
16635,morphias,морфиновом,no_equality
16636,nipples,соски,téton
16637,nipples,соски,mamelon
16638,nipples,соски,nichon
16639,nipples,сосков,téton
16640,nipples,сосков,mamelon
16641,nipples,сосков,sein
16642,nipples,сосками,mamelon
16643,nipples,сосках,téton
16644,nipples,сосках,mamelon
16645,nipples,соскам,téton
16646,nipples,соскам,mamelon
16647,nipples,сосок,téton
16648,nipples,сосок,mamelon
16649,nipples,сосок,sein
16650,nipples,сосок,nichon
16651,nipples,сосок,mamelle
16652,nipples,соска,téton
16653,nipples,соска,mamelon
16654,nipples,соска,tétine
16655,nipples,сосочки,téton
16656,Saratovs,саратов,no_equality
16657,Saratovs,саратовский,no_equality
16658,Saratovs,саратове,no_equality
16659,Saratovs,саратова,no_equality
16660,Saratovs,делам саратовского,no_equality
16661,Saratovs,саратовской,no_equality
16662,Saratovs,саратовская,no_equality
16663,Saratovs,саратовскую,no_equality
16664,depart,отходить,s'écarter
16665,depart,отходить,déroger
16666,depart,отходить,s'éloigner
16667,depart,покинуть,partir
16668,depart,покинуть,quitter
16669,depart,уйти,partir
16670,depart,уйти,quitter
16671,depart,отправляться,partir
16672,depart,отправляться,repartir
16673,depart,выехать,partir
16674,depart,выехать,quitter
16675,depart,отбыть,no_equality
16676,depart,уехать,partir
16677,depart,уехать,quitter
16678,depart,уехать,repartir
16679,depart,уехать,départ
16680,depart,отплыть,no_equality
16681,depart,отказаться,no_equality
16682,depart,отправится,no_equality
16683,depart,отличаются,no_equality
16684,depart,уходить,partir
16685,depart,уходить,quitter
16686,cameras,камеры,caméra
16687,cameras,камеры,surveillance
16688,cameras,камер,appareils photo
16689,cameras,камер,surveillance
16690,cameras,камерами,caméra
16691,cameras,камерами,appareils photo
16692,cameras,видеокамеры,caméra
16693,cameras,видеокамеры,appareils photo
16694,cameras,камерах,caméra
16695,cameras,камерам,caméra
16696,cameras,фотоаппараты,no_equality
16697,cameras,камеру,caméra
16698,cameras,фотоаппаратов,appareils photo
16699,cameras,камера,caméra
16700,cameras,видеокамерами,no_equality
16701,cameras,телекамер,caméra
16702,cameras,фотоаппаратами,caméra
16703,cameras,фотокамер,no_equality
16704,cameras,фотокамерами,no_equality
16705,mad,безумный,fou
16706,mad,безумный,cinglé
16707,mad,безумный,dément
16708,mad,бешеный,fou
16709,mad,бешеный,enragé
16710,mad,сумасбродный,no_equality
16711,mad,одержимый,no_equality
16712,mad,обезумевший,no_equality
16713,mad,бесить,énerver
16714,mad,сойти с ума,no_equality
16715,boaster,хвастун,no_equality
16716,boaster,скарпель,no_equality
16717,most,наибольший,no_equality
16718,most,самый,no_equality
16719,most,самого,no_equality
16720,most,большинство,no_equality
16721,most,максимум,maximum
16722,most,большей частью,essentiel
16723,most,мост,no_equality
16724,most,наибольшее количество,no_equality
16725,most,весьма,très
16726,most,весьма,extrêmement
16727,most,весьма,particulièrement
16728,most,больше всего,mieux
16729,most,больше всего,surtout
16730,most,больше всего,particulièrement
16731,most,почти,no_equality
16732,noisily,шумно,bruyamment
16733,vaccinations,вакцинации,vaccination
16734,vaccinations,вакцинацию,vaccination
16735,vaccinations,вакцинацию,vaccin
16736,vaccinations,вакцинацию,vacciner
16737,vaccinations,вакцинацию,vacciné
16738,vaccinations,прививки,vaccination
16739,vaccinations,прививки,vacciner
16740,vaccinations,прививки,vacciné
16741,vaccinations,прививки,dose
16742,vaccinations,прививок,vaccination
16743,vaccinations,прививок,vacciner
16744,vaccinations,прививок,vacciné
16745,vaccinations,вакцинация,vaccination
16746,vaccinations,вакцинация,vacciner
16747,vaccinations,вакцинация,vacciné
16748,vaccinations,вакцины,vaccin
16749,vaccinations,вакцинацией,vaccination
16750,vaccinations,вакцинацией,vaccinale
16751,vaccinations,вакцин,vaccin
16752,vaccinations,иммунизации,vaccination
16753,vaccinations,иммунизации,vaccin
16754,vaccinations,иммунизации,vacciner
16755,vaccinations,иммунизации,vacciné
16756,marshmallows,зефир,guimauve
16757,marshmallows,зефир,marshmallow
16758,marshmallows,зефира,chamallows
16759,marshmallows,зефира,guimauve
16760,marshmallows,зефира,marshmallow
16761,marshmallows,зефирки,guimauve
16762,marshmallows,зефиром,marshmallows
16763,marshmallows,зефиром,guimauve
16764,marshmallows,зефиринки,no_equality
16765,marshmallows,пастилой,no_equality
16766,marshmallows,пастилки,no_equality
16767,marshmallows,маршмеллоу,no_equality
16768,marshmallows,зефирками,no_equality
16769,marshmallows,пастилы,guimauve
16770,objectives,целей,objectif
16771,objectives,целей,but
16772,objectives,целей,objet
16773,objectives,целей,ceux
16774,objectives,целей,cible
16775,objectives,цели,objectif
16776,objectives,цели,but
16777,objectives,цели,objet
16778,objectives,задач,objectif
16779,objectives,задач,but
16780,objectives,задачи,objectif
16781,objectives,целями,objectif
16782,objectives,целями,but
16783,objectives,целями,objet
16784,objectives,целями,ceux
16785,objectives,целями,cible
16786,objectives,целям,no_equality
16787,objectives,целях,objectif
16788,objectives,задачами,objectif
16789,objectives,задачам,objectif
16790,objectives,цель,objectif
16791,objectives,цель,but
16792,objectives,цель,objet
16793,objectives,задачах,objectif
16794,objectives,поставленных,objectif
16795,objectives,поставленных,fixé
16796,objectives,целевых показателей,no_equality
16797,objectives,объектов,objectif
16798,objectives,объектов,objet
16799,objectives,объектов,cible
16800,objectives,перед,no_equality
16801,installments,рассрочку,tranche
16802,installments,рассрочку,versements échelonnés
16803,installments,рассрочку,tempérament
16804,installments,платежами,tranche
16805,installments,платежами,mensualité
16806,installments,платежами,paiement
16807,installments,рассрочка,no_equality
16808,installments,частями,versement
16809,installments,частями,tranche
16810,installments,платежей,versement
16811,installments,платежей,tranche
16812,installments,платежей,paiement
16813,fryers,цыплят,no_equality
16814,fryers,фритюрниц,no_equality
16815,fryers,фритюрницы,friteuse
16816,pejoratively,уничижительно,no_equality
16817,method,метод,procédé
16818,method,метод,méthode
16819,method,метод,mode
16820,method,метод,technique
16821,method,метод,moyen
16822,method,метод,procédure
16823,method,метод,formule
16824,method,метод,modalité
16825,method,метод,consiste
16826,method,способ,procédé
16827,method,способ,méthode
16828,method,способ,mode
16829,method,способ,moyen
16830,method,способ,formule
16831,method,способ,modalité
16832,method,методика,méthode
16833,method,методика,mode
16834,method,методика,technique
16835,method,методы,méthode
16836,method,методы,mode
16837,method,методы,moyen
16838,method,порядок,no_equality
16839,method,способы,méthode
16840,method,способы,mode
16841,method,способы,technique
16842,method,способы,modalité
16843,method,средством,moyen
16844,method,приём,technique
16845,method,система,méthode
16846,method,система,formule
16847,method,техника,technique
16848,method,контрацепции,no_equality
16849,condensate,конденсат,condensation
16850,condensate,конденсате,no_equality
16851,condensate,бозе-эйнштейна,no_equality
16852,condensate,газоконденсатного,no_equality
16853,condensate,газоконденсатных,no_equality
16854,naturals,самородки,no_equality
16855,skimming,ворует,no_equality
16856,skimming,скользящие,no_equality
16857,skimming,на воровстве,no_equality
16858,skimming,скрытых доходов,no_equality
16859,skimming,сокрытия доходов,no_equality
16860,skimming,красть,no_equality
16861,skimming,воровала,no_equality
16862,skimming,воровал,no_equality
16863,skimming,приворовывал,no_equality
16864,skimming,снимать сливки,no_equality
16865,skimming,рэкета,no_equality
16866,skimming,скрывает доходы,no_equality
16867,skimming,просматриваю,no_equality
16868,skimming,жульничал,no_equality
16869,skimming,снимали,no_equality
16870,agonizes,мучается,no_equality
16871,tussled,боролись,s'est battu
16872,proffered,объяснений,no_equality
16873,proffered,предлагаемой,offerte
16874,proffered,выдвигаемые,no_equality
16875,fiber_opticss,оптоволокно,no_equality
16876,fiber_opticss,волоконной оптике,fibre optique
16877,fiber_opticss,волоконной оптики,no_equality
16878,fiber_opticss,волоконную оптику,no_equality
16879,fiber_opticss,волоконной оптикой,no_equality
16880,squinting,щуриться,no_equality
16881,squinting,щуришься,no_equality
16882,squinting,косоглазие,louche
16883,squinting,щурился,no_equality
16884,squinting,косился,no_equality
16885,squinting,щурясь,no_equality
16886,stand-ins,дублеров,doublure
16887,nude,голый,nu
16888,nude,голый,à poil
16889,nude,обнаженный,nu
16890,nude,голышом,no_equality
16891,nude,нудистский,nudiste
16892,nude,нагой,no_equality
16893,nude,обнаженном виде,no_equality
16894,nude,ню,nu
16895,viscosity,вязкость,viscosité
16896,viscosity,тягучесть,no_equality
16897,viscosity,клейкость,no_equality
16898,rustinesses,предприятий,entreprise
16899,rustinesses,предприятий,société
16900,rustinesses,предприятий,entrepreneur
16901,rustinesses,предприятий,pme
16902,rustinesses,предприятия,no_equality
16903,rustinesses,бизнеса,entreprise
16904,rustinesses,бизнеса,commerce
16905,rustinesses,бизнеса,affaire
16906,rustinesses,бизнеса,société
16907,rustinesses,бизнеса,business
16908,rustinesses,предприятиям,entreprise
16909,rustinesses,предприятиям,société
16910,rustinesses,предприятиям,pme
16911,rustinesses,предприятиями,entreprise
16912,rustinesses,предприятиями,société
16913,rustinesses,компаний,entreprise
16914,rustinesses,компаний,société
16915,rustinesses,бизнес,entreprise
16916,rustinesses,бизнес,commerce
16917,rustinesses,бизнес,affaire
16918,rustinesses,бизнес,activité
16919,rustinesses,бизнес,société
16920,rustinesses,бизнес,métier
16921,rustinesses,бизнес,business
16922,rustinesses,предприятиях,entreprise
16923,rustinesses,предприятиях,exploitation
16924,rustinesses,деловых кругов,entreprise
16925,rustinesses,деловых кругов,entrepreneur
16926,rustinesses,деловых кругов,business
16927,rustinesses,предпринимателей,entreprise
16928,rustinesses,предпринимателей,entrepreneur
16929,rustinesses,предпринимателей,business
16930,rustinesses,предпринимателей,commerçant
16931,rustinesses,деловые круги,no_equality
16932,rustinesses,предпринимательской деятельности,commerce
16933,rustinesses,предпринимательской деятельности,affaire
16934,rustinesses,предпринимательской деятельности,business
16935,rustinesses,предпринимательства,entreprise
16936,rustinesses,предпринимательства,commerce
16937,rustinesses,предпринимательства,affaire
16938,rustinesses,предпринимательства,entrepreneur
16939,rustinesses,дело,affaire
16940,rustinesses,бизнесом,entreprise
16941,rustinesses,бизнесом,commerce
16942,rustinesses,бизнесом,affaire
16943,rustinesses,бизнесом,business
16944,spasmodic,прерывистый,no_equality
16945,spasmodic,нерегулярный,sporadique
16946,spasmodic,конвульсивный,no_equality
16947,intersecting,пересекающихся,entrecroisés
16948,intersecting,пересекающимися,no_equality
16949,intersecting,пересекающиеся,no_equality
16950,intersecting,взаимосвязанных,no_equality
16951,intersecting,взаимопересекающихся,no_equality
16952,intersecting,взаимосвязанные,no_equality
16953,intersecting,перекрестных,no_equality
16954,intersecting,межсекторальное,no_equality
16955,intersecting,пересекаются,no_equality
16956,intersecting,пересечение,intersection
16957,intersecting,пересечение,croisement
16958,intersecting,взаимосвязанными,no_equality
16959,intersecting,пересекающуюся,no_equality
16960,intersecting,пересекающей,no_equality
16961,factors,факторов,facteur
16962,factors,факторов,élément
16963,factors,факторов,déterminant
16964,factors,факторов,raison
16965,factors,факторов,cause
16966,factors,факторов,paramètre
16967,factors,факторов,obstacle
16968,factors,факторы,facteur
16969,factors,факторы,élément
16970,factors,факторы,coefficient
16971,factors,факторы,considération
16972,factors,факторы,cause
16973,factors,факторы,aspect
16974,factors,факторы,paramètre
16975,factors,факторы,condition
16976,factors,факторы,obstacle
16977,factors,факторами,facteur
16978,factors,факторами,élément
16979,factors,факторами,considération
16980,factors,факторами,raison
16981,factors,факторами,cause
16982,factors,факторами,condition
16983,factors,факторами,obstacle
16984,factors,факторам,facteur
16985,factors,факторах,facteur
16986,factors,фактора,facteur
16987,factors,фактора,élément
16988,factors,коэффициентов,facteur
16989,factors,коэффициентов,coefficient
16990,factors,коэффициенты,facteur
16991,factors,коэффициенты,coefficient
16992,factors,причин,facteur
16993,factors,причин,cause
16994,factors,фактором,facteur
16995,factors,фактором,élément
16996,factors,фактором,obstacle
16997,factors,причинами,facteur
16998,factors,причинами,raison
16999,factors,причинами,cause
17000,factors,причины,facteur
17001,factors,причины,raison
17002,factors,причины,cause
17003,factors,обстоятельств,no_equality
17004,factors,признакам,no_equality
17005,factors,коэффициентах,coefficient
17006,prognosticating,предсказание,no_equality
17007,prognosticating,прогнозирования,no_equality
17008,calamities,бедствий,catastrophe
17009,calamities,бедствий,désastre
17010,calamities,бедствий,fléau
17011,calamities,бедствия,catastrophe
17012,calamities,бедствия,désastre
17013,calamities,бедствия,fléau
17014,calamities,катастроф,catastrophe
17015,calamities,бедствиями,calamité
17016,calamities,бедствиями,désastre
17017,calamities,бедствиями,fléau
17018,calamities,бедствиям,catastrophe
17019,calamities,катаклизмов,no_equality
17020,calamities,катастрофы,calamité
17021,calamities,катастрофы,catastrophe
17022,calamities,катастрофы,désastre
17023,calamities,катаклизмы,catastrophe
17024,calamities,катастрофами,catastrophe
17025,calamities,катастрофами,désastre
17026,cognizing,знание,connaissance
17027,bereavement,скорбь,deuil
17028,bereavement,тяжёлая утрата,perte
17029,bereavement,утрата,perte
17030,bereavement,тяжелой утраты,deuil
17031,bereavement,тяжелой утраты,perte
17032,bereavement,связи со смертью родственника,no_equality
17033,bereavement,погребением,no_equality
17034,bereavement,поминальной,no_equality
17035,bereavement,кризисный,no_equality
17036,bereavement,случаю потери кормильца,no_equality
17037,bereavement,психолог,no_equality
17038,bereavement,утратой близкого человека,perte
17039,bereavement,случаю смерти родственника,décès
17040,bereavement,связи со смертью близкого родственника,no_equality
17041,vacationist,отдыхающий,no_equality
17042,vacationist,отпускник,no_equality
17043,terrorists,террористов,terroriste
17044,terrorists,террористов,terrorisme
17045,terrorists,террористы,terroriste
17046,terrorists,террористы,terrorisme
17047,terrorists,террористами,terroriste
17048,terrorists,террористами,terrorisme
17049,terrorists,террористам,terroriste
17050,terrorists,террористах,terroriste
17051,terrorists,терроризме,terroriste
17052,terrorists,терроризме,terrorisme
17053,terrorists,террориста,terroriste
17054,terrorists,террористических,terroriste
17055,terrorists,террористических,terrorisme
17056,terrorists,терроризма,terroriste
17057,terrorists,терроризма,terrorisme
17058,terrorists,террористические,terroriste
17059,terrorists,террористические,terrorisme
17060,terrorists,террористической,no_equality
17061,terrorists,терроризмом,terroriste
17062,terrorists,терроризмом,terrorisme
17063,terrorists,терроризму,terrorisme
17064,terrorists,терроризм,terroriste
17065,terrorists,терроризм,terrorisme
17066,terrorists,террорист,terroriste
17067,abhors,не терпит,a horreur
17068,abhors,не терпит,hait
17069,abhors,ненавидит,déteste
17070,abhors,ненавидит,hait
17071,abhors,не приемлет,no_equality
17072,abhors,презирает,déteste
17073,abhors,не выносит,a horreur
17074,abhors,не выносит,déteste
17075,abhors,осуждает,réprouve
17076,segregating,разделение,séparer
17077,segregating,разделение,séparation
17078,segregating,сортировка,no_equality
17079,segregating,отделение,no_equality
17080,segregating,разделяющий,no_equality
17081,archaeological,археологический,archéologique
17082,archaeological,археологии,no_equality
17083,archaeological,археологов,archéologue
17084,hyperactive,гиперактивный,hyperactif
17085,hyperactive,гиперактивным,no_equality
17086,hyperactive,гиперактивными,no_equality
17087,hyperactive,гиперактивность,no_equality
17088,hyperactive,гиперактивных,no_equality
17089,hyperactive,гиперактивные,no_equality
17090,hyperactive,гиперактивны,no_equality
17091,hyperactive,гиперактивной,no_equality
17092,Brandenburgs,бранденбург,no_equality
17093,Brandenburgs,бранденбурге,no_equality
17094,Brandenburgs,бранденбургский,no_equality
17095,Brandenburgs,брандербург,no_equality
17096,Brandenburgs,бранденбурга,no_equality
17097,Brandenburgs,брандербурга,no_equality
17098,victors,победителей,vainqueur
17099,victors,победители,no_equality
17100,victors,победителями,vainqueur
17101,victors,победителями,victorieux
17102,victors,победителям во,no_equality
17103,victors,машинам хитмен,no_equality
17104,victors,победим,no_equality
17105,victors,трибуты,no_equality
17106,victors,хитмэнам,no_equality
17107,graduation,градация,gradation
17108,graduation,выпуск,diplôme
17109,graduation,выпуск,sortie
17110,graduation,окончание,no_equality
17111,graduation,выпускной,remise des diplômes
17112,graduation,выпускной,cérémonie
17113,graduation,исключения из перечня,no_equality
17114,graduation,выхода из категории нрс,no_equality
17115,graduation,окончания школы,no_equality
17116,graduation,выпускников,no_equality
17117,graduation,исключении,radiation
17118,graduation,церемония,cérémonie
17119,graduation,исключения из списка нрс,no_equality
17120,graduation,выхода из этой категории,no_equality
17121,graduation,окончания учебного заведения,no_equality
17122,graduation,перевода,no_equality
17123,graduation,вручение дипломов,no_equality
17124,graduation,завершения обучения,no_equality
17125,conservatives,консерваторы,no_equality
17126,conservatives,консерваторов,conservateur
17127,conservatives,консерваторами,conservateur
17128,conservatives,консерваторам,conservateur
17129,immutability,неизменность,immutabilité
17130,immutability,незыблемость,no_equality
17131,immutability,непреложности,no_equality
17132,muzzles,намордниках,no_equality
17133,clerkship,должность секретаря,no_equality
17134,clerkship,секретарская работа,no_equality
17135,clerkship,стажировку,stage
17136,openings,отверстия,ouverture
17137,openings,отверстия,orifice
17138,openings,отверстия,trou
17139,openings,отверстий,ouverture
17140,openings,отверстий,orifice
17141,openings,отверстий,trou
17142,openings,отверстиями,ouverture
17143,openings,отверстиями,orifice
17144,openings,отверстиями,trou
17145,openings,вакансий,no_equality
17146,openings,вакансиях,no_equality
17147,openings,возможности,possibilité
17148,openings,возможности,opportunité
17149,openings,отверстиях,ouverture
17150,openings,открытия,ouverture
17151,openings,проемов,ouverture
17152,openings,отверстиям,no_equality
17153,openings,проемы,no_equality
17154,openings,проходов,no_equality
17155,openings,открытии,ouverture
17156,braggarts,болтуны,no_equality
17157,dived,нырнул,plongea
17158,dived,нырял,a plongé
17159,dived,нырнула,no_equality
17160,dived,ныряла,no_equality
17161,dived,погрузились,no_equality
17162,dived,бросился,a plongé
17163,dived,бросилась,a plongé
17164,dived,нырнули,no_equality
17165,dived,прыгнула,no_equality
17166,dived,ныряли,no_equality
17167,dived,погружайтесь при встрече,no_equality
17168,derivations,выкладки,no_equality
17169,grasp,понять,saisir
17170,grasp,понять,comprendre
17171,grasp,понять,appréhender
17172,grasp,осознать,saisir
17173,grasp,осознать,comprendre
17174,grasp,воспользоваться,saisir
17175,grasp,понимать,saisir
17176,grasp,понимать,comprendre
17177,grasp,понимание,portée
17178,grasp,понимание,compréhension
17179,grasp,понимание,connaissance
17180,grasp,представление,no_equality
17181,grasp,руках,main
17182,grasp,досягаемости,no_equality
17183,grasp,постичь,comprendre
17184,grasp,оценить,comprendre
17185,grasp,ухватить,no_equality
17186,grasp,осознавать,comprendre
17187,grasp,хватка,prise
17188,grasp,хватка,poigne
17189,grasp,схватывание,no_equality
17190,grasp,схватить,saisir
17191,grasp,схватить,attraper
17192,grasp,уловить,no_equality
17193,grasp,ухватывать,saisir
17194,poor,бедный,pauvre
17195,poor,плохой,mal
17196,poor,плохой,mauvais
17197,poor,плохой,piètre
17198,poor,низкий,faible
17199,poor,низкий,petit
17200,poor,несчастный,malheureux
17201,poor,несчастный,pauvre
17202,poor,несчастный,misérable
17203,poor,слабый,faible
17204,poor,бедные,pauvre
17205,poor,беднота,pauvre
17206,poor,бедняк,pauvre
17207,poor,бедняжка,pauvre
17208,poor,бедняга,pauvre
17209,poor,нищий,no_equality
17210,poor,бедняки,pauvre
17211,poor,бедненький,pauvre
17212,poor,малоимущих,pauvre
17213,poor,малоимущих,pauvreté
17214,poor,малоимущим,no_equality
17215,poor,скудный,pauvre
17216,poor,некачественный,no_equality
17217,lively,оживленный,animé
17218,lively,живой,no_equality
17219,lively,живые,no_equality
17220,lively,лайвли,lively
17221,lively,живое,no_equality
17222,lively,активное,dynamique
17223,lively,активное,actif
17224,lively,активного,dynamique
17225,lively,активного,actif
17226,lively,активные,dynamique
17227,lively,активные,actif
17228,threes,тройки,no_equality
17229,threes,трое,trois
17230,threes,троек,no_equality
17231,threes,тройкой,no_equality
17232,threes,"счёт ""три""",trois
17233,threes,тройками,no_equality
17234,threes,трибеи,no_equality
17235,threes,по три,trois
17236,threes,трёхочковый,no_equality
17237,threes,двое-трое,trois
17238,consists,состоит из,comprend
17239,consists,состоит из,contient
17240,consists,включает,consiste
17241,consists,включает,se compose
17242,consists,включает,comprend
17243,consists,включает,contient
17244,consists,заключается,réside
17245,consists,заключается,repose
17246,consists,является,consiste
17247,consists,является,réside
17248,consists,является,vise
17249,consists,работают,no_equality
17250,consists,осуществляется,no_equality
17251,consists,сводится,no_equality
17252,consists,состав,comprend
17253,consists,идет,no_equality
17254,consists,заключаются,consiste
17255,consists,заключаются,consistent
17256,consists,заключаются,réside
17257,consists,заключаются,vise
17258,consists,выполнен,no_equality
17259,consists,включаются,comprend
17260,consists,подразумевает,consiste
17261,consists,подразумевает,comprend
17262,consists,связан,no_equality
17263,traumatic,травматический,traumatique
17264,traumatic,травма,no_equality
17265,traumatic,травмирующих,no_equality
17266,traumatic,травмирующие,traumatisme
17267,traumatic,травмирующее,traumatisant
17268,traumatic,травмирующим,traumatisant
17269,traumatic,травмирующего,traumatisant
17270,traumatic,травмирующими,no_equality
17271,traumatic,травматично,traumatisant
17272,traumatic,травмирует,traumatisant
17273,traumatic,травматичным,traumatisant
17274,traumatic,трагических,no_equality
17275,ventricular,желудочковый,no_equality
17276,affiliations,принадлежности,affiliation
17277,affiliations,принадлежности,appartenance
17278,affiliations,принадлежность,affiliation
17279,affiliations,принадлежность,appartenance
17280,affiliations,связей,no_equality
17281,affiliations,принадлежностью,appartenance
17282,fruited,фруктовый,no_equality
17283,discussant,участник дискуссии,intervenant
17284,discussant,руководитель обсуждения,animateur
17285,discussant,руководитель обсуждения,présentateur
17286,discussant,участник обсуждения,participant
17287,discussant,участников дискуссии,intervenant
17288,discussant,участников дискуссии,participant
17289,discussant,участника дискуссии,intervenant
17290,discussant,участника дискуссии,participant
17291,discussant,руководителя обсуждения,animateur
17292,discussant,руководителем обсуждения,no_equality
17293,discussant,участником дискуссии,participant
17294,discussant,ведущий обсуждения,animateur
17295,discussant,докладчик,intervenant
17296,discussant,докладчик,présentateur
17297,discussant,докладчик,orateur
17298,discussant,оратор,intervenant
17299,discussant,оратор,participant
17300,discussant,оратор,orateur
17301,invariable,неизменный,no_equality
17302,invariable,неизменяемый,no_equality
17303,invariable,постоянная величина,constante
17304,invariable,неизменно,no_equality
17305,billionaires,миллиардеров,milliardaire
17306,billionaires,миллиардеры,milliardaire
17307,billionaires,миллиардерами,no_equality
17308,billionaires,миллиардерам,no_equality
17309,billionaires,миллионеры,millionnaire
17310,billionaires,миллионеров,millionnaire
17311,billionaires,миллиардера,milliardaire
17312,billionaires,миллиардера,millionnaire
17313,billionaires,миллиардер,milliardaire
17314,billionaires,миллиардер,millionnaire
17315,wildcats,дикие коты,no_equality
17316,wildcats,комптона,no_equality
17317,wildcats,"""дикие кошки""",no_equality
17318,empiricist,эмпирист,no_equality
17319,empiricist,сторонник эмпирического подхода,empirique
17320,empiricist,эмпирик,empiriste
17321,dodgers,"""доджерс""",no_equality
17322,dodgers,доджерсов,dodgers
17323,dodgers,неплательщиками,no_equality
17324,dodgers,"матче ""доджеров""",no_equality
17325,dodgers,доджеры,dodgers
17326,Calabrias,калабрии,calabre
17327,Calabrias,калабрия,no_equality
17328,Calabrias,калабрию,no_equality
17329,Calabrias,в реджо-ди-калабрия,no_equality
17330,assonant,резонансный,no_equality
17331,assonant,резонансным,no_equality
17332,assonant,резонанса,no_equality
17333,rebuild,восстановить,reconstruire
17334,rebuild,восстановить,rétablir
17335,rebuild,восстановить,reconstituer
17336,rebuild,восстановить,restaurer
17337,rebuild,восстановить,regagner
17338,rebuild,восстановить,redonner
17339,rebuild,восстанавливать,reconstruire
17340,rebuild,восстанавливать,rebâtir
17341,rebuild,восстанавливать,rétablir
17342,rebuild,восстанавливать,reconstituer
17343,rebuild,восстанавливать,refaire
17344,rebuild,восстанавливать,restaurer
17345,rebuild,восстанавливать,recréer
17346,rebuild,восстанавливать,remettre sur pied
17347,rebuild,восстанавливать,rénover
17348,rebuild,перестроить,reconstruire
17349,rebuild,перестроить,rebâtir
17350,rebuild,перестроить,refaire
17351,rebuild,перестроить,rénover
17352,rebuild,перестроить,transformer
17353,rebuild,воссоздать,reconstruire
17354,rebuild,воссоздать,rétablir
17355,rebuild,воссоздать,reconstituer
17356,rebuild,воссоздать,refaire
17357,rebuild,воссоздать,recréer
17358,rebuild,возродить,reconstruire
17359,rebuild,возродить,rétablir
17360,rebuild,возродить,restaurer
17361,rebuild,возродить,redonner
17362,rebuild,отстроить,reconstruire
17363,rebuild,отстроить,rebâtir
17364,rebuild,перестраивать,reconstruire
17365,rebuild,перестраивать,rebâtir
17366,rebuild,восстановления,no_equality
17367,rebuild,восстановлению,no_equality
17368,rebuild,восстановлении,no_equality
17369,rebuild,перестройке,no_equality
17370,rebuild,реконструкции,no_equality
17371,rebuild,возрождения,no_equality
17372,rebuild,перестройки,no_equality
17373,rebuild,восстановиться,no_equality
17374,boxer,боксер,boxeur
17375,boxer,боксер,boxer
17376,boxer,боксер,boxe
17377,boxer,боксерские,no_equality
17378,boxer,вохёг,boxer
17379,boxer,боксеру,boxer
17380,boxer,боксеры,boxeur
17381,boxer,боксеры,boxer
17382,boxer,боксеры,caleçon
17383,boxer,трусах,boxer
17384,larval,личиночный,no_equality
17385,larval,личинок,larvaire
17386,larval,личинок,larve
17387,larval,личиночной,no_equality
17388,larval,зародыш,no_equality
17389,larval,личинки,no_equality
17390,larval,личиночную,no_equality
17391,larval,личиночном,no_equality
17392,vacillate,поступаться,no_equality
17393,vacillate,колебаться,hésiter
17394,vacillate,проявлять нерешительность,hésiter
17395,lineups,опознания,identification
17396,Dohas,дохе,no_equality
17397,Dohas,дохинского,no_equality
17398,Dohas,дохинской,no_equality
17399,Dohas,дохинский,no_equality
17400,Dohas,дохинском,no_equality
17401,Dohas,дохинская,no_equality
17402,Dohas,доха,no_equality
17403,Dohas,доха,no_equality
17404,Dohas,дохи,no_equality
17405,Dohas,дохинских,no_equality
17406,Dohas,дохинским,no_equality
17407,Dohas,дохинскую,no_equality
17408,Dohas,дохинскому,no_equality
17409,Dohas,дохийского,no_equality
17410,Dohas,дохинское,no_equality
17411,environmental,экологический,environnemental
17412,environmental,экологический,écologique
17413,environmental,природоохранный,environnemental
17414,environmental,окружающей среды,environnemental
17415,environmental,окружающей среды,écologique
17416,environmental,окружающей среды,environmental
17417,environmental,окружающую среду,no_equality
17418,environmental,окружающей среде,environnemental
17419,environmental,окружающей среде,écologique
17420,environmental,окружающей среде,milieu
17421,environmental,экологии,no_equality
17422,environmental,природных,no_equality
17423,environmental,экологию,no_equality
17424,environmental,вопросам,no_equality
17425,environmental,природные,no_equality
17426,environmental,экологией,no_equality
17427,environmental,окружающая среда,no_equality
17428,environmental,природоохраны,no_equality
17429,salaries,окладов,salaire
17430,salaries,окладов,traitement
17431,salaries,оклады,salaire
17432,salaries,оклады,traitement
17433,salaries,заработной платы,salaire
17434,salaries,заработной платы,traitement
17435,salaries,заработной платы,salarial
17436,salaries,заработной платы,solde
17437,salaries,заработной платы,payés
17438,salaries,заработную плату,salaire
17439,salaries,зарплаты,salaire
17440,salaries,заработная плата,salaire
17441,salaries,заработная плата,traitement
17442,salaries,заработная плата,rémunération
17443,salaries,зарплату,salaire
17444,salaries,заработной плате,salaire
17445,salaries,зарплата,salaire
17446,salaries,зарплат,no_equality
17447,salaries,жалования,salaire
17448,salaries,жалования,solde
17449,salaries,окладах,salaire
17450,salaries,окладами,traitement
17451,salaries,оплаты труда,rémunération
17452,salaries,окладам,no_equality
17453,costumes,костюмы,costume
17454,costumes,костюмы,habit
17455,costumes,костюмы,déguiser
17456,costumes,костюмов,costume
17457,costumes,костюмов,déguisement
17458,costumes,костюмах,costume
17459,costumes,костюмах,déguisement
17460,costumes,костюмах,déguisé
17461,costumes,костюмах,habit
17462,costumes,костюмах,maillot
17463,costumes,костюмами,costume
17464,costumes,костюмами,déguisement
17465,costumes,костюм,costume
17466,costumes,костюм,déguisement
17467,costumes,костюм,déguisé
17468,costumes,костюм,habit
17469,costumes,костюм,vêtement
17470,costumes,костюм,maillot
17471,costumes,костюмам,no_equality
17472,costumes,костюмчики,costume
17473,costumes,купальники,no_equality
17474,costumes,наряды,costume
17475,costumes,наряды,déguisement
17476,costumes,наряды,habit
17477,costumes,наряды,vêtement
17478,cadencies,учреждений,no_equality
17479,cadencies,учреждениями,no_equality
17480,cadencies,учреждения,no_equality
17481,cadencies,учреждениям,no_equality
17482,cadencies,органов,no_equality
17483,cadencies,органами,no_equality
17484,cadencies,агентств,no_equality
17485,cadencies,органы,no_equality
17486,cadencies,агентства,no_equality
17487,cadencies,организаций,no_equality
17488,cadencies,ведомств,no_equality
17489,cadencies,учреждениях,no_equality
17490,cadencies,агентствами,no_equality
17491,cadencies,ведомства,no_equality
17492,cadencies,ведомствами,no_equality
17493,Macedonians,македонцев,macédonien
17494,Macedonians,македонцы,no_equality
17495,Macedonians,македонцами,macédonien
17496,Macedonians,македонского,macédonien
17497,Macedonians,македоняне,no_equality
17498,researches,исследований,recherche
17499,researches,исследований,étude
17500,researches,исследований,enquête
17501,researches,исследования,recherche
17502,researches,исследования,étude
17503,researches,исследования,enquête
17504,researches,исследованиях,recherche
17505,researches,исследованиях,étude
17506,researches,исследованиях,enquête
17507,researches,исследованиями,recherche
17508,researches,исследованиями,étude
17509,researches,исследованиями,chercheur
17510,researches,исследованиям,recherche
17511,researches,исследованиям,étude
17512,researches,исследователи,chercheur
17513,broadcaster,диктор,présentateur
17514,broadcaster,телерадиокомпания,no_equality
17515,broadcaster,телеведущий,présentateur
17516,broadcaster,вещательная компания,no_equality
17517,broadcaster,вещательной компании,radiotélévision
17518,broadcaster,вещатель,no_equality
17519,broadcaster,вещателем,no_equality
17520,broadcaster,радиовещания,télévision
17521,broadcaster,радиовещания,radiotélévision
17522,broadcaster,вещания,télévision
17523,broadcaster,вещания,radiotélévision
17524,broadcaster,вещания,télédiffusion
17525,broadcaster,вещательную организацию,no_equality
17526,broadcaster,радиовещательную компанию,no_equality
17527,broadcaster,радиовещательной компании,no_equality
17528,broadcaster,телекомпания,télévision
17529,broadcaster,вещателя,no_equality
17530,broadcaster,вещательных компаний,diffuseur
17531,specialism,специализация,spécialité
17532,specialism,специализация,spécialisation
17533,newspapermen,газетчиков,journaliste
17534,newspapermen,журналисты,journaliste
17535,buff,любитель,passionné
17536,buff,любитель,fan
17537,buff,поклонник,no_equality
17538,buff,буйвол,no_equality
17539,buff,мускулистый,musclé
17540,buff,отполировать,polir
17541,buff,качок,musclé
17542,buff,заводная,no_equality
17543,buff,качком,no_equality
17544,buff,бафф,no_equality
17545,buff,буфф,no_equality
17546,buff,баффи,no_equality
17547,buff,жмурки,no_equality
17548,buff,помешан,passionné
17549,buff,заполировать,no_equality
17550,buff,нагишом,no_equality
17551,garnishing,гарнир,garniture
17552,garnishing,украшение,décorer
17553,commemoration,празднование,commémoration
17554,commemoration,празднование,célébration
17555,commemoration,ознаменование,commémoration
17556,commemoration,ознаменование,célébration
17557,commemoration,ознаменование,occasion
17558,commemoration,память,commémoration
17559,commemoration,память,souvenir
17560,commemoration,случаю,célébration
17561,commemoration,мероприятия,no_equality
17562,commemoration,поминовение,commémoration
17563,commemoration,торжественное заседание,no_equality
17564,commemoration,честь,no_equality
17565,commemoration,годовщины,commémoration
17566,commemoration,годовщины,anniversaire
17567,commemoration,торжественных мероприятий,célébration
17568,commemoration,торжеств,célébration
17569,commemoration,памятных мероприятий,no_equality
17570,commemoration,торжественное мероприятие,célébration
17571,commemoration,гражданской панихиды,no_equality
17572,felicitous,удачным,no_equality
17573,felicitous,удачной,no_equality
17574,felicitous,похвальную,no_equality
17575,felicitous,уместной,no_equality
17576,devise,разработать,concevoir
17577,devise,разработать,élaborer
17578,devise,разработать,trouver
17579,devise,разработать,mettre au point
17580,devise,разработать,définir
17581,devise,разработать,développer
17582,devise,разработать,formuler
17583,devise,разработать,mettre en place
17584,devise,разрабатывать,concevoir
17585,devise,разрабатывать,élaborer
17586,devise,разрабатывать,mettre au point
17587,devise,разрабатывать,définir
17588,devise,разрабатывать,développer
17589,devise,разрабатывать,formuler
17590,devise,выработать,concevoir
17591,devise,выработать,élaborer
17592,devise,выработать,trouver
17593,devise,выработать,mettre au point
17594,devise,выработать,définir
17595,devise,выработать,développer
17596,devise,выработать,formuler
17597,devise,выработать,mettre en place
17598,devise,придумать,concevoir
17599,devise,придумать,trouver
17600,devise,придумать,imaginer
17601,devise,придумать,inventer
17602,devise,разработка,élaboration
17603,devise,разработка,conception
17604,devise,выработки,élaboration
17605,devise,выработке,élaboration
17606,devise,найти,no_equality
17607,devise,изыскать,trouver
17608,devise,изобрести,inventer
17609,devise,изобретать,inventer
17610,devise,разработали,élaborer
17611,devise,поиска,trouver
17612,dancers,танцевальный коллектив,no_equality
17613,coronate,короновать,no_equality
17614,drawee,трассат,no_equality
17615,whine,ныть,geindre
17616,whine,ныть,se plaindre
17617,whine,скулить,pleurnicher
17618,whine,скулить,geindre
17619,whine,жаловаться,gémir
17620,whine,жаловаться,se plaindre
17621,whine,жаловаться,pleurer
17622,whine,плакать,pleurnicher
17623,whine,плакать,pleurer
17624,whine,нытьё,geindre
17625,whine,нытьё,gémir
17626,whine,нытьё,se plaindre
17627,whine,вой,no_equality
17628,whine,ной,no_equality
17629,whine,твое нытье,no_equality
17630,whine,плакаться,pleurnicher
17631,whine,плакаться,se plaindre
17632,whine,плакаться,pleurer
17633,stockpiles,запасов,stock
17634,stockpiles,запасов,arsenal
17635,stockpiles,запасов,réserve
17636,stockpiles,запасов,stockage
17637,stockpiles,запасы,stock
17638,stockpiles,запасы,arsenal
17639,stockpiles,запасами,stock
17640,stockpiles,запасами,réserve
17641,stockpiles,запасах,stock
17642,stockpiles,запасах,réserve
17643,stockpiles,запасах,stockées
17644,stockpiles,арсеналов,stock
17645,stockpiles,арсеналов,arsenal
17646,stockpiles,запасам,stock
17647,stockpiles,арсеналах,stock
17648,stockpiles,арсеналах,arsenal
17649,stockpiles,арсеналы,stock
17650,stockpiles,арсеналы,arsenal
17651,stockpiles,складов,stock
17652,stockpiles,складов,entrepôt
17653,stockpiles,складов,dépôt
17654,stockpiles,складах,no_equality
17655,stockpiles,склады,stockage
17656,stockpiles,склады,entrepôt
17657,stockpiles,склады,dépôt
17658,stockpiles,арсеналами,stock
17659,stockpiles,арсеналами,arsenal
17660,stockpiles,оружия,arsenal
17661,stockpiles,накопление,no_equality
17662,stockpiles,накопленных,stock
17663,stockpiles,накопленных,stockées
17664,dazzlingly,ослепительно,no_equality
17665,abandoning,отказывающийся,no_equality
17666,abandoning,оставивший,no_equality
17667,abandoning,покидание,no_equality
17668,abandoning,забрасывание,no_equality
17669,ignominious,позорного,honteux
17670,ignominious,позорным,honteux
17671,ignominious,позорным,infamant
17672,mocked,высмеивал,no_equality
17673,mocked,посмеялся над,s'est moqué de
17674,mocked,посмеялся над,se moquait de
17675,mocked,издевались над,no_equality
17676,mocked,высмеял,no_equality
17677,mocked,высмеивать,no_equality
17678,mocked,передразнивала,no_equality
17679,mocked,смеялись,se moquaient
17680,mocked,смеялись,se moque
17681,mocked,смеялись,se sont moqués de
17682,mocked,смеялись,se moquer
17683,mocked,высмеивали,no_equality
17684,mocked,издевался над,no_equality
17685,mocked,посмеялись над,no_equality
17686,mocked,издевательств,no_equality
17687,mocked,насмехалась надо,no_equality
17688,mocked,высмеивают,no_equality
17689,mocked,издевалась над,no_equality
17690,mocked,высмеяла,no_equality
17691,crippled,калека,no_equality
17692,crippled,хромой,boiteux
17693,crippled,искалеченный,no_equality
17694,crippled,инвалид,no_equality
17695,crippled,искалечен,no_equality
17696,crippled,покалечил,estropié
17697,crippled,покалечил,mutilé
17698,crippled,покалечил,blessé
17699,crippled,парализована,no_equality
17700,crippled,искалечил,no_equality
17701,crippled,увечных,no_equality
17702,crippled,покалеченной,no_equality
17703,crippled,искалечены,mutilé
17704,crippled,покалечен,no_equality
17705,complicated,сложный,compliqué
17706,complicated,сложный,complexe
17707,complicated,сложный,difficile
17708,complicated,запутанный,compliqué
17709,complicated,непростой,complexe
17710,complicated,непростой,difficile
17711,complicated,трудно,compliqué
17712,complicated,осложняется,no_equality
17713,complicated,сложность,no_equality
17714,complicated,усложняется,compliqué
17715,complicated,просто,simple
17716,complicated,осложняет,no_equality
17717,complicated,усложняет,no_equality
17718,complicated,осложняют,no_equality
17719,complicated,затрудняет,no_equality
17720,complicated,усложнять,no_equality
17721,complicated,усложнило,no_equality
17722,complicated,усложнен,no_equality
17723,complicated,усложненный,no_equality
17724,Heraclituses,гераклит,no_equality
17725,Heraclituses,гераклита,no_equality
17726,rustle,шелест,bruissement
17727,rustle,шорох,no_equality
17728,rustle,угнать,no_equality
17729,rustle,шуршат,no_equality
17730,rustle,раздобыть,no_equality
17731,rustle,сварганить,no_equality
17732,appeaser,умиротворитель,no_equality
17733,personified,персонифицированный,no_equality
17734,personified,олицетворенный,no_equality
17735,personified,воплощенный,incarné
17736,personified,олицетворяемый,no_equality
17737,Harrods,харродс,no_equality
17738,Harrods,harrods,no_equality
17739,Harrods,"в ""хэрродс""",no_equality
17740,stainer,паста для подцвечивания,no_equality
17741,anniversaries,годовщины,anniversaire
17742,anniversaries,годовщин,no_equality
17743,anniversaries,юбилеев,no_equality
17744,anniversaries,юбилеи,anniversaire
17745,anniversaries,годовщинах,no_equality
17746,anniversaries,годовщинами,no_equality
17747,anniversaries,годовщинам,no_equality
17748,anniversaries,датам,no_equality
17749,fetishists,фетишисты,no_equality
17750,repelled,отразили,no_equality
17751,repelled,отбили,no_equality
17752,repelled,отражено,no_equality
17753,repelled,отбиты,no_equality
17754,repelled,отбито,no_equality
17755,repelled,удалось отразить,no_equality
17756,repelled,отброшены,no_equality
17757,repelled,отталкивала,repoussait
17758,repelled,отталкивала,repoussais
17759,repelled,отталкивает,no_equality
17760,repelled,отразил,no_equality
17761,repelled,отпор,no_equality
17762,repelled,отпугнул,no_equality
17763,continuum,сплошная среда,no_equality
17764,continuum,непрерывность,continuité
17765,continuum,непрерывный спектр,continuum
17766,continuum,непрерывный спектр,éventail
17767,continuum,непрерывный,no_equality
17768,shook,пожал,no_equality
17769,shook,потрясли,ont ébranlé
17770,shook,пожимал,no_equality
17771,shook,покачал,secoua
17772,shook,потряс,no_equality
17773,shook,потрясла,a ébranlé
17774,shook,потрясло,no_equality
17775,shook,встряхнул,no_equality
17776,shook,жал,a serré
17777,shook,пожала,no_equality
17778,shook,трясло,tremblait
17779,shook,шоке,no_equality
17780,shook,тряс,no_equality
17781,shook,ударили,no_equality
17782,nappies,подгузники,couche
17783,nappies,пеленки,lange
17784,nappies,подгузников,couche
17785,nappies,подгузниках,couche
17786,nappies,пеленок,couche
17787,nappies,пеленках,no_equality
17788,nappies,подгузник,couche
17789,nappies,подгузниками,couche
17790,bigness,величие,grandeur
17791,bigness,величина,grandeur
17792,inescapable,неизбежный,incontournable
17793,inescapable,неизбежный,inéluctable
17794,inescapable,неизбежный,inévitable
17795,inescapable,неизбежный,inévitablement
17796,inescapable,неоспоримый,indéniable
17797,inescapable,неизбежно напрашивается,inévitablement
17798,inescapable,неотвратимая,no_equality
17799,inescapable,неотвратимым,no_equality
17800,inescapable,неотвратимой,no_equality
17801,inescapable,непреложным,no_equality
17802,inescapable,неотвратимую,no_equality
17803,bushels,бушелей,boisseau
17804,scrounge,позаимствовать,no_equality
17805,scrounge,стащить,voler
17806,scrounge,раздобыть,no_equality
17807,scrounge,выпросить,no_equality
17808,scrounge,наскрести,no_equality
17809,scrounge,лэнсом,no_equality
17810,italicized,курсивный,no_equality
17811,unfortunately,к сожалению,malheureusement
17812,unfortunately,к сожалению,hélas
17813,unfortunately,к сожалению,mai
17814,unfortunately,к сожалению,regrettablement
17815,unfortunately,к сожалению,dommage
17816,unfortunately,к сожалению,il est regrettable
17817,unfortunately,к сожалению,malheuresement
17818,unfortunately,к несчастью,malheureusement
17819,unfortunately,к несчастью,hélas
17820,unfortunately,увы,malheureusement
17821,unfortunately,увы,hélas
17822,unfortunately,однако,mai
17823,unfortunately,однако,cependant
17824,unfortunately,однако,toutefois
17825,unfortunately,однако,or
17826,unfortunately,жаль,malheureusement
17827,unfortunately,к сожелению,malheureusement
17828,unfortunately,ни прискорбно,malheureusement
17829,unfortunately,к сожаления,no_equality
17830,unfortunately,сожалею,no_equality
17831,declaratory,декларативный характер,déclaratoire
17832,declaratory,декларативный характер,déclaratif
17833,declaratory,декларативных,no_equality
17834,declaratory,декларативного,déclaratoire
17835,declaratory,декларативные,no_equality
17836,declaratory,декларируемой,no_equality
17837,declaratory,декларативным,no_equality
17838,declaratory,деклараторный,no_equality
17839,declaratory,деклараторное,no_equality
17840,declaratory,декларативную,no_equality
17841,declaratory,декларативными,no_equality
17842,declaratory,декларативной,no_equality
17843,declaratory,декларативное,no_equality
17844,declaratory,деклараторных,no_equality
17845,declaratory,вынесении деклараторного,no_equality
17846,declaratory,деклараторные,no_equality
17847,partake,принять участие,no_equality
17848,partake,принимать участие,participer
17849,partake,принимать участие,prendre part
17850,partake,отведать,no_equality
17851,partake,пробовать,no_equality
17852,partake,напоминать,no_equality
17853,glossed,перемажься,no_equality
17854,voicers,голоса,no_equality
17855,voicers,голосов,no_equality
17856,voicers,голос,no_equality
17857,voicers,мнения,no_equality
17858,voicers,голосам,no_equality
17859,voicers,мнений,no_equality
17860,voicers,голосами,no_equality
17861,voicers,мнение,no_equality
17862,voicers,позиции,no_equality
17863,voicers,мнениям,no_equality
17864,voicers,голосу,no_equality
17865,voicers,голосах,no_equality
17866,voicers,голосом,no_equality
17867,voicers,voices,no_equality
17868,voicers,потише,no_equality
17869,introverts,интроверты,introverti
17870,introverts,интровертов,introverti
17871,introverts,интровертам,no_equality
17872,introverts,интровертами,no_equality
17873,theories,теории,théorie
17874,theories,теориями,théorie
17875,theories,теориях,théorie
17876,theories,теория,théorie
17877,theories,теория,hypothèse
17878,theories,теориям,théorie
17879,theories,версии,théorie
17880,theories,версии,hypothèse
17881,theories,теорию,théorie
17882,theories,теорию,hypothèse
17883,theories,предположения,théorie
17884,theories,предположения,hypothèse
17885,theories,идеи,no_equality
17886,theories,предположений,hypothèse
17887,theories,теорией,théorie
17888,feeling,чувство,sentiment
17889,feeling,чувство,sensation
17890,feeling,чувство,impression
17891,feeling,чувство,feeling
17892,feeling,чувство,émotion
17893,feeling,ощущение,sentiment
17894,feeling,ощущение,sensation
17895,feeling,ощущение,pressentiment
17896,feeling,чувства,sentiment
17897,feeling,чувства,ressenti
17898,feeling,чувства,émotion
17899,feeling,чувства,sensibilité
17900,feeling,предчувствие,sentiment
17901,feeling,предчувствие,impression
17902,feeling,предчувствие,pressentiment
17903,feeling,настроение,no_equality
17904,feeling,мнение,sentiment
17905,feeling,мнение,impression
17906,feeling,чувствую себя,no_equality
17907,feeling,себя чувствуешь,no_equality
17908,feeling,кажется,no_equality
17909,feeling,чувствуешь себя,no_equality
17910,feeling,чувствовать себя,no_equality
17911,feeling,себя чувствуете,no_equality
17912,feeling,чувствует себя,no_equality
17913,feeling,себя чувствует,no_equality
17914,feeling,чувствовал себя,sentiment
17915,feeling,ощущение себя,sentiment
17916,feeling,ощущение себя,pressentiment
17917,quotients,коэффициенты,quotient
17918,quotients,коэффициенты,coefficient
17919,quotients,коэффициентов,coefficient
17920,aggrieved,пострадавший,no_equality
17921,aggrieved,потерпевший,no_equality
17922,aggrieved,пострадавших,victime
17923,aggrieved,пострадавшее,victime
17924,aggrieved,пострадавшие,victime
17925,aggrieved,пострадавшие,blessé
17926,aggrieved,оскорбленный,no_equality
17927,Islamist,исламистский,islamiste
17928,Islamist,исламист,no_equality
17929,retrospectively,ретроспективно,rétrospectivement
17930,retrospectively,ретроспективно,rétroactivement
17931,retrospectively,ретроспективно,titre rétroactif
17932,retrospectively,ретроактивно,rétrospectivement
17933,retrospectively,ретроактивно,rétroactivement
17934,retrospectively,ретроактивно,a posteriori
17935,retrospectively,ретроактивно,avec effet rétroactif
17936,retrospectively,задним числом,rétrospectivement
17937,retrospectively,задним числом,rétroactivement
17938,retrospectively,задним числом,après coup
17939,retrospectively,задним числом,titre rétroactif
17940,retrospectively,задним числом,rétroactive
17941,retrospectively,обратной силы,no_equality
17942,retrospectively,ретроспективное,no_equality
17943,retrospectively,обратную силу,no_equality
17944,retrospectively,ретроспективный,no_equality
17945,conjecturing,предположение,no_equality
17946,sounds,звучит,ça a l'air
17947,sounds,звучит,me paraît
17948,sounds,звучит,bruit
17949,sounds,звучит,musique
17950,sounds,похоже,on dirait
17951,sounds,кажется,on dirait
17952,sounds,звуки,bruit
17953,sounds,звуков,bruit
17954,sounds,звуков,sonore
17955,sounds,выглядит,on dirait
17956,sounds,выглядит,semble
17957,sounds,звук,son
17958,sounds,звук,sonne
17959,sounds,звук,bruit
17960,sounds,по-моему,no_equality
17961,sounds,звучало,no_equality
17962,sounds,прозвучит,no_equality
17963,sounds,прямо,no_equality
17964,sounds,голос,no_equality
17965,sounds,судя,semble
17966,sounds,вроде,semble
17967,sounds,звуках,no_equality
17968,cynic,циник,cynique
17969,cynic,циничной,no_equality
17970,cynic,цинична,no_equality
17971,cynic,мерзавец,no_equality
17972,wounding,ранение,blessure
17973,wounding,ранив,no_equality
17974,wounding,получили ранения,blessant
17975,wounding,были ранены,blessant
17976,wounding,ранили,blessure
17977,wounding,ранили,blessent
17978,wounding,ранил,no_equality
17979,wounding,результате чего был ранен,blessant
17980,wounding,нанесение ранений,blessure
17981,wounding,нанесение ранений,lésion
17982,wounding,результате чего было ранено,faisant
17983,wounding,раня,no_equality
17984,wounding,ранят,blessé
17985,wounding,ранят,blesser
17986,wounding,ранят,blessent
17987,wounding,причинение телесных повреждений,no_equality
17988,wounding,причинения телесных повреждений,no_equality
17989,wounding,погибли,no_equality
17990,notion,понятие,notion
17991,notion,понятие,idée
17992,notion,понятие,concept
17993,notion,понятие,principe
17994,notion,понятие,définition
17995,notion,понятие,expression
17996,notion,концепция,notion
17997,notion,концепция,idée
17998,notion,концепция,concept
17999,notion,концепция,principe
18000,notion,концепция,conception
18001,notion,идея,notion
18002,notion,идея,idée
18003,notion,идея,concept
18004,notion,представление,notion
18005,notion,представление,idée
18006,notion,мысль,idée
18007,notion,принцип,notion
18008,notion,принцип,concept
18009,notion,принцип,principe
18010,notion,мнение,idée
18011,notion,мнение,selon
18012,notion,представления,no_equality
18013,notion,идею о том,no_equality
18014,notion,представление о,idée
18015,notion,точка зрения,no_equality
18016,notion,заблуждение,no_equality
18017,notion,понимание того,no_equality
18018,partial,частичный,partiel
18019,partial,частичный,partiellement
18020,partial,пристрастный,partial
18021,partial,частный,no_equality
18022,partial,неравнодушный,no_equality
18023,partial,фрагментарный,no_equality
18024,workings,работе,fonctionnement
18025,workings,работу,fonctionnement
18026,workings,работу,travaux
18027,workings,функционирования,fonctionnement
18028,workings,функционирование,fonctionnement
18029,workings,функционировании,fonctionnement
18030,workings,выработок,galerie
18031,workings,выработках,galerie
18032,workings,функционированием,fonctionnement
18033,Scythia,Скифия,no_equality
18034,fermenting,брожение,fermentation
18035,fermenting,ферментирование,no_equality
18036,fermenting,бродильный,no_equality
18037,fermenting,бродящий,no_equality
18038,collocated,размещаться в одном месте,no_equality
18039,turn-ons,заводит,no_equality
18040,eyeballs,глаза,yeux
18041,eyeballs,глазные яблоки,yeux
18042,eyeballs,глазные яблоки,globes oculaires
18043,eyeballs,глаз,no_equality
18044,eyeballs,глазных яблок,globes oculaires
18045,eyeballs,глазными яблоками,no_equality
18046,eyeballs,завязку,no_equality
18047,eyeballs,по уши,no_equality
18048,eyeballs,долгах,no_equality
18049,eyeballs,глазами,yeux
18050,stalemated,тупик,no_equality
18051,rallying,сплачивающийся,no_equality
18052,rallying,сплачивающий,no_equality
18053,rallying,собирающийся,no_equality
18054,rallying,сплочение,no_equality
18055,rallying,оживление,no_equality
18056,rallying,сборный,no_equality
18057,squashes,тыквы,courge
18058,deactivation,дезактивация,no_equality
18059,deactivation,отключение,désactivation
18060,deactivation,обезвреживание,neutralisation
18061,deactivation,дезактивизация,no_equality
18062,deactivation,Дезактивирование,no_equality
18063,deactivation,дезактивационный,no_equality
18064,ready,готовый,prêt
18065,ready,готовый,disposé
18066,ready,согласный,no_equality
18067,ready,готовить,préparer
18068,ready,состояние готовности,no_equality
18069,ready,подготовленный,no_equality
18070,ready,наготове,prêt
18071,outcrops,поверхность,no_equality
18072,fumed,мореный,no_equality
18073,joyously,радостно,no_equality
18074,meliorates,улучшить,no_equality
18075,meliorates,улучшения,no_equality
18076,meliorates,улучшению,no_equality
18077,meliorates,смягчить,no_equality
18078,meliorates,смягчения,no_equality
18079,meliorates,облегчить,no_equality
18080,meliorates,смягчению,no_equality
18081,saying,говоришь,dis
18082,saying,говоришь,dites
18083,saying,говорит,dit
18084,saying,говорит,dire
18085,saying,говорит,disent
18086,saying,говорит,disait
18087,saying,говорил,dire
18088,saying,говорил,dis
18089,saying,говорил,disais
18090,saying,говорил,disait
18091,saying,сказал,no_equality
18092,saying,говорят,dicton
18093,saying,говорят,dire
18094,saying,говорить,no_equality
18095,saying,хочешь сказать,no_equality
18096,saying,"говорю, что",dire
18097,saying,"говорю, что",dis
18098,saying,говорила,dire
18099,saying,говорила,dis
18100,saying,говорила,disais
18101,saying,говорила,disait
18102,saying,сказала,dire
18103,saying,сказала,disant
18104,saying,сказала,disais
18105,saying,сказала,disait
18106,saying,говорили,no_equality
18107,saying,скажу,dit
18108,saying,скажу,dis
18109,saying,говоря,no_equality
18110,saying,поговорка,dicton
18111,saying,поговорка,proverbe
18112,saying,поговорка,adage
18113,saying,поговорка,expression
18114,saying,слова,dit
18115,saying,слова,propos
18116,saying,слова,expression
18117,saying,слова,dis
18118,saying,высказывание,dicton
18119,saying,высказывание,expression
18120,saying,изречение,dicton
18121,saying,изречение,proverbe
18122,qualify,квалифицировать,qualifier
18123,qualify,квалифицировать,caractériser
18124,qualify,квалифицироваться,qualifier
18125,qualify,квалифицироваться,être considéré
18126,qualify,иметь право,bénéficier
18127,qualify,иметь право,pouvoir
18128,qualify,претендовать,bénéficier
18129,qualify,претендовать,prétendre
18130,qualify,претендовать,se prévaloir
18131,qualify,претендовать,droit
18132,qualify,получить,bénéficier
18133,qualify,получить,obtenir
18134,qualify,получить,recevoir
18135,qualify,квалификации,no_equality
18136,qualify,получения,no_equality
18137,qualify,рассчитывать,bénéficier
18138,qualify,рассчитывать,prétendre
18139,qualify,подготовиться,no_equality
18140,qualify,отвечают требованиям,no_equality
18141,qualify,быть квалифицированы,no_equality
18142,qualify,подпадают под,no_equality
18143,Malawis,малави,malawien
18144,Malawis,малави,malawienne
18145,Malawis,малави,malawi
18146,Malawis,малавийских,malawi
18147,Malawis,малавийской,malawi
18148,Malawis,малавийского,malawienne
18149,Malawis,малавийская,malawi
18150,Malawis,малавийский,no_equality
18151,Malawis,малавийским,no_equality
18152,Malawis,малавийские,no_equality
18153,isle,остров,île
18154,isle,остров,îlot
18155,isle,островок,no_equality
18156,isle,айл,no_equality
18157,naturalness,естественность,naturel
18158,naturalness,натуральность,no_equality
18159,naturalness,естественностью,no_equality
18160,activistic,активистов,no_equality
18161,activistic,активисты,no_equality
18162,activistic,активистами,no_equality
18163,activistic,активистам,no_equality
18164,activistic,деятелей,no_equality
18165,activistic,активиста,no_equality
18166,activistic,правозащитников,no_equality
18167,activistic,защитников,no_equality
18168,activistic,борцы за,no_equality
18169,activistic,защитники,no_equality
18170,activistic,деятели,no_equality
18171,activistic,сторонников,no_equality
18172,activistic,активистах,no_equality
18173,activistic,сторонники,no_equality
18174,activistic,боевиков,no_equality
18175,homogenous,однородной,homogène
18176,homogenous,однородной,uniforme
18177,homogenous,однородным,homogène
18178,homogenous,однородных,homogène
18179,homogenous,однородную,homogène
18180,homogenous,однородную,uniforme
18181,homogenous,однородного,homogène
18182,homogenous,однородные,no_equality
18183,homogenous,однородными,no_equality
18184,homogenous,однородное,no_equality
18185,homogenous,однородная,homogène
18186,homogenous,однородно,homogène
18187,homogenous,однороден,homogène
18188,homogenous,однородный характер,homogène
18189,allowance,пособие,allocation
18190,allowance,пособие,indemnité
18191,allowance,пособие,prime
18192,allowance,пособие,prestation
18193,allowance,пособие,pension
18194,allowance,пособие,versée
18195,allowance,пособия,allocation
18196,allowance,пособия,indemnité
18197,allowance,пособия,prime
18198,allowance,пособия,prestation
18199,allowance,пособия,pension
18200,allowance,пособия,versée
18201,allowance,надбавка,allocation
18202,allowance,надбавка,indemnité
18203,allowance,надбавка,prime
18204,allowance,резерв,provision
18205,allowance,содержание,pension alimentaire
18206,allowance,карманные деньги,argent de poche
18207,allowance,выплата,indemnité
18208,allowance,выплаты,allocation
18209,allowance,выплаты,indemnité
18210,allowance,выплаты,prime
18211,allowance,выплаты,pension
18212,allowance,денежное довольствие,no_equality
18213,allowance,скидки,abattement
18214,allowance,скидки,réduction
18215,allowance,выплачивается,allocation
18216,allowance,выплачивается,indemnité
18217,allowance,расходы,montant
18218,allowance,расходы,frai
18219,allowance,скидка,abattement
18220,allowance,скидка,réduction
18221,allowance,льготы,indemnité
18222,allowance,льготы,prestation
18223,allowance,вознаграждение,indemnité
18224,allowance,вознаграждение,prime
18225,allowance,вознаграждение,pension
18226,allowance,вознаграждение,frai
18227,allowance,денежное пособие,allocation
18228,allowance,допущение,no_equality
18229,shampoos,шампуни,shampooing
18230,shampoos,шампуни,shampoing
18231,shampoos,шампуней,shampooing
18232,shampoos,шампунях,no_equality
18233,shampoos,шампуням,shampooing
18234,ligations,маточных труб,trompe
18235,basal,базальный,no_equality
18236,basal,основной,base
18237,basal,основной,basique
18238,basal,нижний,no_equality
18239,afflictions,недугов,mal
18240,afflictions,недугов,maladie
18241,afflictions,недуги,mal
18242,afflictions,недуги,maladie
18243,afflictions,бед,souffrance
18244,afflictions,бед,mal
18245,afflictions,бед,fléau
18246,superintendent,суперинтендант,surintendant
18247,superintendent,суперинтендант,commissaire
18248,superintendent,суперинтендант,superintendant
18249,superintendent,управляющий,directeur
18250,superintendent,управляющий,concierge
18251,superintendent,управляющий,régisseur
18252,superintendent,инспектор,commissaire
18253,superintendent,инспектор,inspecteur
18254,superintendent,инспектор,chef
18255,superintendent,комиссар,directeur
18256,superintendent,комиссар,commissaire
18257,superintendent,директор,directeur
18258,superintendent,директор,chef
18259,superintendent,директор,directrice
18260,superintendent,надзиратель,directeur
18261,superintendent,надзиратель,surveillant
18262,superintendent,старший офицер,no_equality
18263,superintendent,руководитель,directeur
18264,superintendent,руководитель,chef
18265,superintendent,руководитель,directrice
18266,superintendent,комендант,concierge
18267,superintendent,суперинтендента,no_equality
18268,confronting,стоящих перед,no_equality
18269,confronting,которыми сталкиваются,no_equality
18270,confronting,борьбе с,no_equality
18271,confronting,борьбы с,no_equality
18272,confronting,стоящие перед,no_equality
18273,confronting,противодействие,no_equality
18274,confronting,противостояние,confrontation
18275,confronting,решении,no_equality
18276,confronting,борьба с,no_equality
18277,confronting,сталкивается с,no_equality
18278,confronting,сталкиваются с,no_equality
18279,confronting,противостоять,no_equality
18280,confronting,борьбу с,no_equality
18281,confronting,стоящая перед,no_equality
18282,confronting,стоящей перед,no_equality
18283,confronting,сопоставление,confrontation
18284,hopefully,к счастью,heureusement
18285,hopefully,возможно,peut-être
18286,hopefully,надеяться,no_equality
18287,hopefully,надеюсь,heureusement
18288,hopefully,надеюсь,peut-être
18289,hopefully,надеюсь,espérons que
18290,hopefully,будем надеяться,heureusement
18291,hopefully,будем надеяться,avec un peu de chance
18292,hopefully,будем надеяться,espérons-le
18293,hopefully,как мы надеемся,nous l'espérons
18294,hopefully,как мы надеемся,espérons-le
18295,hopefully,есть надежда,no_equality
18296,hopefully,надеждой,no_equality
18297,hopefully,желательно,no_equality
18298,hopefully,надежда,no_equality
18299,hopefully,если повезет,avec un peu de chance
18300,hopefully,будем надеятся,espérons-le
18301,hopefully,как ожидается,no_equality
18302,lexicologists,токсикологов,no_equality
18303,pilferages,хищение,no_equality
18304,pilferages,кражи,no_equality
18305,bat,летучая мышь,chauve-souris
18306,bat,летучая мышь,chauve souris
18307,bat,гулянка,no_equality
18308,bat,палка,bâton
18309,bat,НДТ,no_equality
18310,bat,ракетка,batte
18311,bat,ракетка,raquette
18312,bat,бэт,no_equality
18313,bat,бить,battre
18314,bat,бить,frapper
18315,inspection,инспекция,inspection
18316,inspection,проверка,inspection
18317,inspection,проверка,contrôle
18318,inspection,проверка,examen
18319,inspection,проверка,vérification
18320,inspection,осмотр,inspection
18321,inspection,осмотр,contrôle
18322,inspection,осмотр,examen
18323,inspection,осмотр,visite
18324,inspection,осмотр,vérification
18325,inspection,осмотр,inspecté
18326,inspection,осмотр,inspecter
18327,inspection,инспектирование,no_equality
18328,inspection,контроль,no_equality
18329,inspection,досмотр,inspection
18330,inspection,досмотр,contrôle
18331,inspection,освидетельствование,examen
18332,inspection,проверяющий,no_equality
18333,inspection,обследование,inspection
18334,inspection,обследование,examen
18335,inspection,инспекционной,no_equality
18336,inspection,инспекционная,inspection
18337,inspection,инспекционный,no_equality
18338,inspection,инспекционных,no_equality
18339,inspection,инспекционные,no_equality
18340,inspection,проведения инспекций,no_equality
18341,inspection,инспекторов,inspection
18342,inspection,инспекторов,inspecteur
18343,enjoyment,осуществление,exercice
18344,enjoyment,осуществление,réalisation
18345,enjoyment,осуществление,respect
18346,enjoyment,пользование,jouissance
18347,enjoyment,пользование,exercice
18348,enjoyment,пользование,bénéficier
18349,enjoyment,пользование,bénéfice
18350,enjoyment,реализация,no_equality
18351,enjoyment,соблюдение,jouissance
18352,enjoyment,соблюдение,exercice
18353,enjoyment,соблюдение,respect
18354,enjoyment,использование,no_equality
18355,enjoyment,удовольствие,plaisir
18356,enjoyment,удовольствие,joie
18357,enjoyment,удовольствие,satisfaction
18358,enjoyment,удовольствие,amusement
18359,enjoyment,права,exercice
18360,enjoyment,наслаждение,no_equality
18361,enjoyment,пользовались,jouissance
18362,enjoyment,пользовались,bénéficier
18363,enjoyment,пользовались,jouissent
18364,enjoyment,пользуются,bénéficier
18365,enjoyment,пользуются,jouissent
18366,enjoyment,обладание,jouissance
18367,enjoyment,владение,jouissance
18368,roasts,жарит,no_equality
18369,omission,бездействие,omission
18370,omission,бездействие,absence
18371,omission,бездействие,inaction
18372,omission,упущение,omission
18373,omission,упущение,lacune
18374,omission,упущение,oubli
18375,omission,отсутствие,absence
18376,omission,отсутствие,manquement
18377,omission,отсутствие,défaut
18378,omission,пробел,lacune
18379,omission,пропуск,omission
18380,omission,пропуск,absence
18381,omission,опущение,omission
18382,omission,исключение,suppression
18383,omission,невключение,omission
18384,omission,изъятие,suppression
18385,omission,неупоминание,no_equality
18386,androids,андроиды,androïde
18387,androids,андроидов,androïde
18388,androids,андроидами,androïde
18389,androids,андроидам,androïde
18390,androids,андроидах,no_equality
18391,enhancements,усовершенствования,amélioration
18392,enhancements,усовершенствований,amélioration
18393,enhancements,усовершенствований,améliorer
18394,enhancements,укреплению,amélioration
18395,enhancements,укреплению,améliorer
18396,enhancements,улучшения,amélioration
18397,enhancements,улучшений,no_equality
18398,enhancements,совершенствования,amélioration
18399,enhancements,совершенствования,améliorer
18400,enhancements,совершенствование,amélioration
18401,enhancements,совершенствование,perfectionnement
18402,enhancements,совершенствование,amélioration des
18403,enhancements,совершенствование,mise
18404,enhancements,укрепление,amélioration
18405,enhancements,укрепление,renforcement
18406,enhancements,укрепление,améliorer
18407,enhancements,усовершенствование,amélioration
18408,enhancements,усовершенствование,perfectionnement
18409,enhancements,усовершенствование,améliorer
18410,enhancements,совершенствованию,amélioration
18411,enhancements,совершенствованию,améliorer
18412,enhancements,увеличения,améliorer
18413,enhancements,модернизации,amélioration
18414,enhancements,модернизации,améliorer
18415,enhancements,расширений,no_equality
18416,enhancements,модернизация,amélioration
18417,enhancements,модернизацию,amélioration
18418,Madisons,мэдисонах,no_equality
18419,utilitarian,утилитарный,utilitaire
18420,utilitarian,утилитаристский,no_equality
18421,utilitarian,утилитарные,no_equality
18422,utilitarian,предмет практичный,no_equality
18423,utilitarian,прагматичной,no_equality
18424,heliports,вертолетных площадок,héliport
18425,heliports,вертолетных площадок,hélistations
18426,heliports,вертолетные площадки,no_equality
18427,Vishnus,вишну,no_equality
18428,Vishnus,виншу,no_equality
18429,tents,палатки,tente
18430,tents,палаток,tente
18431,tents,палатках,no_equality
18432,tents,палатками,tente
18433,tents,шатры,no_equality
18434,tents,палаткам,no_equality
18435,tents,тенты,tente
18436,tents,шатрах,no_equality
18437,tents,тентами,no_equality
18438,tents,шатров,no_equality
18439,tents,павильонов,no_equality
18440,tents,палаточного снаряжения,no_equality
18441,tents,стендов,no_equality
18442,gluteus,ягодичных мышц,no_equality
18443,gluteus,средняя ягодичная,no_equality
18444,gluteus,среднеягодичной,no_equality
18445,gluteus,ягодичные,no_equality
18446,gluteus,ягодичную мышцу,no_equality
18447,gluteus,средней ягодичной,no_equality
18448,gluteus,ягодицу,fesse
18449,vessels,судов,navire
18450,vessels,судов,bateau
18451,vessels,судов,embarcation
18452,vessels,суда,navire
18453,vessels,суда,bateau
18454,vessels,судами,navire
18455,vessels,судам,no_equality
18456,vessels,судах,bateau
18457,vessels,сосуды,vaisseau
18458,vessels,сосуды,récipient
18459,vessels,сосуды,vase
18460,vessels,судна,navire
18461,vessels,судна,bateau
18462,vessels,судна,vaisseau
18463,vessels,судна,bâtiment
18464,vessels,кораблей,navire
18465,vessels,кораблей,vaisseau
18466,vessels,сосудов,récipient
18467,vessels,корабли,no_equality
18468,vessels,судно,navire
18469,vessels,судно,bateau
18470,vessels,судно,vaisseau
18471,vessels,судно,bâtiment
18472,vessels,морских,navire
18473,vessels,кораблями,navire
18474,vessels,кораблями,bateau
18475,vessels,кораблями,vaisseau
18476,vessels,флота,no_equality
18477,vessels,сосудами,vaisseau
18478,vessels,сосудами,récipient
18479,soot,сажа,suie
18480,soot,копоть,no_equality
18481,soot,сажевыми,no_equality
18482,soot,саже,suie
18483,keeping,сохранение,maintien
18484,keeping,сохранение,conservation
18485,keeping,поддержание,maintien
18486,keeping,поддержание,maintenir
18487,keeping,поддержание,conserver
18488,keeping,ведение,tenue
18489,keeping,содержание,maintien
18490,keeping,хранение,garde
18491,keeping,хранение,conservation
18492,keeping,удержания,no_equality
18493,keeping,информирования,no_equality
18494,keeping,держать,no_equality
18495,keeping,держит,garde
18496,keeping,чтобы,no_equality
18497,keeping,сохранить,no_equality
18498,keeping,сохранении,maintien
18499,keeping,сохранении,conservation
18500,keeping,хранить,no_equality
18501,keeping,держат,garde
18502,keeping,оставить,no_equality
18503,keeping,удерживание,no_equality
18504,unexpected,неожиданный,inattendu
18505,unexpected,неожиданный,inespéré
18506,unexpected,неожиданный,surprise
18507,unexpected,непредусмотренный,no_equality
18508,unexpected,неожидаемый,inattendu
18509,unexpected,неожидаемый,inespéré
18510,unexpected,неожидаемый,surprise
18511,servoes,является,vise
18512,servoes,обслуживает,sert
18513,servoes,обслуживает,dessert
18514,servoes,способствует,permet
18515,servoes,отвечает,sert
18516,servoes,отвечает,répond
18517,servoes,отвечает,remplit
18518,servoes,используется,sert
18519,servoes,используется,permet
18520,servoes,используется,servent
18521,servoes,позволяет,permet
18522,servoes,позволяет,offre
18523,servoes,мне не изменяет,no_equality
18524,servoes,подают,sert
18525,servoes,помогает,permet
18526,servoes,преследует,no_equality
18527,servoes,содействует,permet
18528,servoes,играет,no_equality
18529,servoes,работает,no_equality
18530,servoes,действует,agit
18531,servoes,служила,serf
18532,blokes,парни,mec
18533,blokes,парни,type
18534,blokes,парни,gars
18535,blokes,парней,mec
18536,blokes,парней,type
18537,blokes,парней,gars
18538,blokes,парнями,mec
18539,blokes,парнями,type
18540,blokes,парнями,gars
18541,blokes,парням,mec
18542,blokes,мужики,mec
18543,blokes,мужики,gars
18544,leaving,оставив,laissant
18545,leaving,оставив,quittant
18546,leaving,ухожу,partir
18547,leaving,ухожу,quitte
18548,leaving,ухожу,par
18549,leaving,оставляя,no_equality
18550,leaving,уезжаю,quitte
18551,leaving,уезжаю,par
18552,leaving,уйду,départ
18553,leaving,уйду,quitte
18554,leaving,уйду,par
18555,leaving,оставить,no_equality
18556,leaving,уходит,no_equality
18557,leaving,оставлю,quitte
18558,leaving,оставлю,par
18559,leaving,оставлю,laisse
18560,leaving,уезжает,no_equality
18561,leaving,уходим,quitte
18562,leaving,уходим,part
18563,leaving,уезжаешь,par
18564,leaving,покинуть,no_equality
18565,leaving,оставлять,no_equality
18566,leaving,уход,départ
18567,leaving,уход,sortie
18568,leaving,отъезд,départ
18569,leaving,оставление,no_equality
18570,leaving,остатки,no_equality
18571,characterizations,характеристики,caractéristique
18572,characterizations,характеристики,description
18573,freelancers,внештатных сотрудников,no_equality
18574,freelancers,фрилансеры,no_equality
18575,freelancers,наемников,no_equality
18576,freelancers,фрилансерами,no_equality
18577,freelancers,фрилансеров,no_equality
18578,freelancers,внештатных переводчиков,no_equality
18579,freelancers,наемники,no_equality
18580,freelancers,внештатных работников,no_equality
18581,freelancers,внештатные работники,no_equality
18582,freelancers,внештатных специалистов,no_equality
18583,freelancers,лица свободных профессий,professions libérales
18584,freelancers,внештатные сотрудники,no_equality
18585,freelancers,внештатные переводчики,no_equality
18586,detracted,отвлекало,no_equality
18587,detracted,отвлекают внимание,no_equality
18588,detracted,не умаляет,no_equality
18589,detracted,отвлекает внимание,no_equality
18590,oncologists,онкологов,cancérologue
18591,oncologists,онкологи,cancérologue
18592,oncologists,онкологами,no_equality
18593,oncologists,онколога,cancérologue
18594,inseminations,осеменений,no_equality
18595,digestibility,удобоваримость,no_equality
18596,digestibility,усвояемость,no_equality
18597,digestibility,переваримость,no_equality
18598,soldierings,военная служба,service militaire
18599,soldierings,солдатской,no_equality
18600,soldierings,военной службе,service militaire
18601,soldierings,солдатом,soldat
18602,soldierings,воевал,no_equality
18603,soldierings,солдатская,no_equality
18604,soldierings,качестве солдат,no_equality
18605,soldierings,солдатское дело,no_equality
18606,clarity,ясность,clarté
18607,clarity,ясность,transparence
18608,clarity,ясность,précision
18609,clarity,ясность,éclaircissement
18610,clarity,ясность,lucidité
18611,clarity,ясность,clarification
18612,clarity,ясность,claire
18613,clarity,ясность,clarifier
18614,clarity,прозрачность,clarté
18615,clarity,прозрачность,transparence
18616,clarity,чистота,no_equality
18617,clarity,доходчивость,lisibilité
18618,clarity,наглядность,no_equality
18619,clarity,определенность,no_equality
18620,clarity,ясность изложения,clarté
18621,clarity,яркость,no_equality
18622,clarity,предельная ясность,clarté
18623,clarity,предельная ясность,transparence
18624,clarity,предельная ясность,claire
18625,unambiguous,однозначный,no_equality
18626,unambiguous,неоднозначный,no_equality
18627,dismantlement,демонтаж,démantèlement
18628,dismantlement,демонтаж,démontage
18629,dismantlement,демонтаж,démanteler
18630,dismantlement,разоружение,no_equality
18631,interject,вставлять,introduire
18632,redeploy,передислоцировать,redéployer
18633,redeploy,передислоцировать,transférer
18634,redeploy,повторно развернуть,no_equality
18635,redeploy,перебросить,no_equality
18636,redeploy,перераспределить,redéployer
18637,redeploy,перераспределить,transférer
18638,redeploy,перераспределить,réaffecter
18639,redeploy,перераспределить,redéploiement
18640,redeploy,перевести,redéployer
18641,redeploy,перевести,transférer
18642,interacted,взаимодействовали,interagi
18643,interacted,взаимодействовали,interagissent
18644,interacted,взаимодействует,interagir
18645,interacted,взаимодействует,interagissant
18646,interacted,взаимодействовала,no_equality
18647,interacted,взаимодействовал,no_equality
18648,interacted,взаимодействуют,interagissent
18649,interacted,взаимодействия,no_equality
18650,interacted,общались,no_equality
18651,interacted,общался,no_equality
18652,interacted,взаимодействовало,no_equality
18653,interacted,осуществляла взаимодействие,no_equality
18654,interacted,беседовала,no_equality
18655,interacted,имел беседы,no_equality
18656,interacted,контактировал,no_equality
18657,interacted,контактировала,no_equality
18658,interacted,сотрудничала,no_equality
18659,hypothesize,предположить,présumer
18660,hypothesize,выдвигать гипотезу,no_equality
18661,hypothesize,предполагаем,présume
18662,cyclists,велотурист,no_equality
18663,Mrs,миссис,mme
18664,Mrs,миссис,Monsieur
18665,Mrs,миссис,mlle
18666,Mrs,миссис,dame
18667,Mrs,миссис,mrs
18668,Mrs,миссис,femme
18669,Mrs,миссис,md
18670,Mrs,миссис,melle
18671,Mrs,госпожа,mme
18672,Mrs,госпожа,Monsieur
18673,Mrs,госпожа,mlle
18674,Mrs,госпожа,dame
18675,Mrs,мадам,mme
18676,Mrs,мадам,Monsieur
18677,Mrs,мисс,mme
18678,Mrs,мисс,Monsieur
18679,Mrs,мисс,mlle
18680,Mrs,мисс,mrs
18681,Mrs,мисс,melle
18682,Mrs,фрау,no_equality
18683,Mrs,пани,Monsieur
18684,Mrs,сеньора,mme
18685,Mrs,сеньора,Monsieur
18686,Mrs,госпожи,mme
18687,Mrs,госпожи,Monsieur
18688,Mrs,госпожи,dame
18689,Mrs,г-жа,Monsieur
18690,Mrs,г-жа,mlle
18691,Mrs,м-с,no_equality
18692,Mrs,мисис,no_equality
18693,Mrs,мисси,mme
18694,Mrs,пр,no_equality
18695,exclude,исключать,exclure
18696,exclude,исключать,écarter
18697,exclude,исключать,exclusion
18698,exclude,исключить,exclure
18699,exclude,исключить,écarter
18700,exclude,исключить,empêcher
18701,exclude,исключить,exempter
18702,exclude,исключить,éviter
18703,exclude,исключаться,exclure
18704,exclude,исключения,no_equality
18705,exclude,исключении,no_equality
18706,exclude,исключению,no_equality
18707,exclude,не включают,ne comprennent pas
18708,exclude,не включают,ne tiennent pas compte
18709,exclude,исключение,no_equality
18710,exclude,не допускать,empêcher
18711,exclude,не допускать,interdire
18712,exclude,не допускать,éviter
18713,exclude,лишить,empêcher
18714,exclude,лишить,soustraire
18715,exclude,лишить,priver
18716,exclude,лишают,no_equality
18717,exclude,исключением,no_equality
18718,exclude,изоляции,no_equality
18719,emancipated,освобожденных,no_equality
18720,emancipated,эмансипированной,no_equality
18721,emancipated,освобождение от опеки,émancipé
18722,emancipated,освобождение от опеки,émanciper
18723,emancipated,освобожденные,no_equality
18724,emancipated,дееспособных,no_equality
18725,emancipated,совершеннолетним,no_equality
18726,emancipated,дееспособные,no_equality
18727,emancipated,эмансипировали,no_equality
18728,emancipated,эмансипированного,no_equality
18729,emancipated,эмансипированных,no_equality
18730,emancipated,свободным,no_equality
18731,emancipated,эмансипированная,no_equality
18732,emancipated,эмансипированными,no_equality
18733,emancipated,вышла из-под опеки,émancipé
18734,emancipated,освободились,no_equality
18735,swinger,свингер,no_equality
18736,swinger,громадина,no_equality
18737,swinger,свингером,no_equality
18738,neonates,новорожденных,no_equality
18739,neonates,новорожденные,nouveau-né
18740,neonates,новорожденными,nouveau-né
18741,panaceas,панацея,panacée
18742,panaceas,панацеи,panacée
18743,curtailing,сокращение,no_equality
18744,curtailing,ограничение,restreindre
18745,curtailing,ограничение,limiter
18746,curtailing,ограничение,restriction
18747,curtailing,ограничение,limitation
18748,curtailing,ограничения,restreindre
18749,curtailing,ограничения,limiter
18750,curtailing,ограничения,réduire
18751,curtailing,ограничения,restriction
18752,curtailing,ограничения,limitation
18753,curtailing,сокращая,réduire
18754,curtailing,ограничивая,restreindre
18755,curtailing,ограничивая,limiter
18756,curtailing,ограничивающие,restreindre
18757,curtailing,ограничивающие,limiter
18758,curtailing,ограничивающие,limitant
18759,curtailing,ограничивающие,restriction
18760,curtailing,ограничивающие,restreignant
18761,curtailing,ограничивающие,limitation
18762,curtailing,сократить,limiter
18763,curtailing,сократить,réduire
18764,curtailing,ущемления,restriction
18765,curtailing,сдерживания,no_equality
18766,curtailing,ограничивающих,restreindre
18767,curtailing,ограничивающих,limiter
18768,curtailing,ограничивающих,limitant
18769,curtailing,ограничивающих,restreignant
18770,mistrusts,не доверяет,se méfie
18771,annexes,приложения,annexe
18772,annexes,приложениях,annexe
18773,annexes,приложениях,appendice
18774,annexes,приложений,annexe
18775,annexes,приложениям,no_equality
18776,annexes,приложениями,annexe
18777,annexes,приложениями,appendice
18778,annexes,приложение,annexe
18779,annexes,пристроек,no_equality
18780,annexes,пристройки,no_equality
18781,pukes,блюет,vomit
18782,pukes,блевать,gerber
18783,pukes,вырвет,vomit
18784,pukes,вырвет,vomisse
18785,pukes,вырвет,vomi
18786,pukes,поганых наследничков,no_equality
18787,liqueurs,ликеры,no_equality
18788,liqueurs,ликеров,no_equality
18789,liqueurs,liqueurs,no_equality
18790,gushes,проступает сквозь светлую кожицу,no_equality
18791,reshaped,изменила,no_equality
18792,reshaped,реорганизовать,no_equality
18793,reshaped,видоизменен,no_equality
18794,reshaped,реорганизована,no_equality
18795,reshaped,выправили,no_equality
18796,reshaped,реорганизован,no_equality
18797,reshaped,переработаны,transformé
18798,reshaped,измененные,no_equality
18799,reshaped,изменили,no_equality
18800,reshaped,изменило,no_equality
18801,reshaped,изменены,no_equality
18802,reshaped,видоизменили,no_equality
18803,transmitter,передатчик,émetteur
18804,transmitter,передатчик,transmetteur
18805,transmitter,передатчик,émetteur-récepteur
18806,transmitter,передатчик,récepteur
18807,transmitter,радиопередатчик,transmetteur
18808,transmitter,трансмиттер,no_equality
18809,transmitter,радиомаяк,no_equality
18810,transmitter,передающих,no_equality
18811,transmitter,передающую,no_equality
18812,transmitter,передатчике,no_equality
18813,transmitter,радиопередатчика,émetteur
18814,transmitter,радиопередатчиком,no_equality
18815,wealthiness,богатейший,no_equality
18816,wealthiness,самых богатых,no_equality
18817,wealthiness,самые богатые,no_equality
18818,wealthiness,наиболее богатых,no_equality
18819,wealthiness,самой богатой,no_equality
18820,wealthiness,наиболее богатые,no_equality
18821,wealthiness,самыми богатыми,no_equality
18822,wealthiness,самые состоятельные,no_equality
18823,wealthiness,по богатству,no_equality
18824,wealthiness,наиболее обеспеченных,no_equality
18825,wealthiness,наиболее богатыми,no_equality
18826,syntactical,синтаксический,no_equality
18827,affixial,официальный,no_equality
18828,affixial,служебный,no_equality
18829,affixial,должностное лицо,no_equality
18830,affixial,сотрудник,no_equality
18831,affixial,чиновник,no_equality
18832,affixial,служащий,no_equality
18833,affixial,работник,no_equality
18834,affixial,официально,no_equality
18835,affixial,должностного лица,no_equality
18836,affixial,должностным лицом,no_equality
18837,affixial,должностных лиц,no_equality
18838,affixial,должностному лицу,no_equality
18839,affixial,государственной,no_equality
18840,affixial,государственных,no_equality
18841,affixial,должностной,no_equality
18842,affixial,чиновница,no_equality
18843,handily,ловко,no_equality
18844,handily,удобно,no_equality
18845,hove,Хоув,hove
18846,Wesleys,уэсли,no_equality
18847,plowing,вспашка,no_equality
18848,plowing,снос,no_equality
18849,plowing,вспахивание,no_equality
18850,plowing,пахать,no_equality
18851,plowing,вспахивать,no_equality
18852,plowing,вспахиваете,no_equality
18853,defaced,испортили,no_equality
18854,defaced,изуродовал,a défiguré
18855,defaced,стерты,no_equality
18856,defaced,разрисовал,vandalisé
18857,defaced,повредили,no_equality
18858,defaced,осквернили,no_equality
18859,defaced,обезображивают,no_equality
18860,defaced,обезобразили,no_equality
18861,flowed,вытекает,découle
18862,flowed,вытекает,découlait
18863,flowed,текла,no_equality
18864,flowed,вытекают,découle
18865,flowed,вытекают,découlaient
18866,flowed,текли,coulaient
18867,flowed,тёк,no_equality
18868,flowed,потекли,no_equality
18869,flowed,утекло,no_equality
18870,flowed,проистекают,no_equality
18871,flowed,вытекала,no_equality
18872,flowed,вытекающей,no_equality
18873,flowed,хлынула,no_equality
18874,flowed,стекали,no_equality
18875,flowed,вытекали,découlaient
18876,flowed,являются продолжением,no_equality
18877,flowed,вытекающих,no_equality
18878,wormed,втерлась,no_equality
18879,wormed,влез,no_equality
18880,coaches,пассажирские вагоны,wagon
18881,coaches,тренерский состав,no_equality
18882,truancy,прогул,absentéisme
18883,truancy,прогулы,absentéisme scolaire
18884,truancy,уклонение от посещения школы,no_equality
18885,truancy,дети часто не ходят в школу,no_equality
18886,truancy,и.,no_equality
18887,truancy,прогуливание школы,no_equality
18888,brotherhoods,братств,confrérie
18889,brotherhoods,братств,fraternité
18890,brotherhoods,братства,confrérie
18891,brotherhoods,братства,fraternité
18892,pursued,осуществляться,no_equality
18893,pursued,продолжать,no_equality
18894,pursued,проводит,poursuit
18895,pursued,проводимой,no_equality
18896,pursued,осуществлять,no_equality
18897,pursued,добиваться,no_equality
18898,pursued,проводить,no_equality
18899,pursued,проводимая,no_equality
18900,pursued,проводиться,no_equality
18901,pursued,осуществляются,entrepris
18902,pursued,продолжить,no_equality
18903,pursued,продолжаться,no_equality
18904,pursued,преследовал,poursuivait
18905,pursued,преследовали,poursuivait
18906,pursued,использовать,no_equality
18907,ratepayers,налогоплательщиков,contribuable
18908,equivalences,эквиваленты,no_equality
18909,equivalences,эквивалентность,équivalence
18910,Zionism,сионизм,sionisme
18911,Zionism,сионизм,sioniste
18912,Zionism,сионизме,no_equality
18913,promotes,содействует,favorise
18914,promotes,содействует,encourage
18915,promotes,содействует,promeut
18916,promotes,содействует,promouvoir
18917,promotes,содействует,favoriser
18918,promotes,содействует,soutient
18919,promotes,содействует,facilite
18920,promotes,содействует,appuie
18921,promotes,способствует,favorise
18922,promotes,способствует,encourage
18923,promotes,способствует,promeut
18924,promotes,способствует,promouvoir
18925,promotes,способствует,favorisent
18926,promotes,способствует,favoriser
18927,promotes,способствует,facilite
18928,promotes,поощряет,favorise
18929,promotes,поощряет,encourage
18930,promotes,поощряет,promeut
18931,promotes,поощряет,promouvoir
18932,promotes,поощряет,préconise
18933,promotes,поощряет,appuie
18934,promotes,пропагандирует,encourage
18935,promotes,пропагандирует,promeut
18936,promotes,пропагандирует,préconise
18937,promotes,пропагандирует,défend
18938,promotes,пропагандирует,prône
18939,promotes,стимулирует,favorise
18940,promotes,стимулирует,encourage
18941,promotes,стимулирует,stimule
18942,promotes,выступает за,préconise
18943,promotes,выступает за,défend
18944,promotes,выступает за,prône
18945,promotes,выступает за,appuie
18946,promotes,обеспечивает,no_equality
18947,promotes,поддерживает,encourage
18948,promotes,поддерживает,soutient
18949,promotes,поддерживает,appuie
18950,promotes,поощряется,no_equality
18951,promotes,оказывает содействие,soutient
18952,promotes,оказывает содействие,contribue
18953,promotes,оказывает содействие,appuie
18954,promotes,способствуют,favorise
18955,promotes,способствуют,favorisent
18956,promotes,способствуют,favoriser
18957,promotes,предусматривает,no_equality
18958,promotes,содействуют,favorisent
18959,promotes,содействуют,facilite
18960,promotes,способствующей,facilite
18961,promotes,продвигает,promeut
18962,promotes,продвигает,défend
18963,overgrowing,перерастание,no_equality
18964,recalcitrancy,упорство,no_equality
18965,recalcitrancy,неуступчивости,no_equality
18966,faced,с которыми сталкивается,no_equality
18967,faced,сталкиваются с,no_equality
18968,faced,сталкивается с,no_equality
18969,faced,столкнулась с,no_equality
18970,faced,сталкивались с,no_equality
18971,faced,сталкиваемся,no_equality
18972,faced,подвергаются,no_equality
18973,faced,стоит,no_equality
18974,faced,столкнулся с,no_equality
18975,faced,испытывают,no_equality
18976,faced,возникающих,no_equality
18977,faced,трудности,no_equality
18978,faced,возникающие,no_equality
18979,faced,испытывает,no_equality
18980,faced,с которыми столкнулась,no_equality
18981,faced,лицо,no_equality
18982,narrator,рассказчик,narrateur
18983,narrator,рассказчик,conteur
18984,narrator,диктор,narrateur
18985,narrator,сказительница,no_equality
18986,narrator,ведущий,no_equality
18987,puts,ставит,met
18988,puts,ставит,place
18989,puts,ставит,pose
18990,puts,ставит,remet
18991,puts,ставит,présente
18992,puts,ставит,mettent
18993,puts,кладет,met
18994,puts,подвергает,met
18995,puts,создает,pose
18996,puts,создает,donne
18997,puts,создает,présente
18998,puts,помещает,met
18999,puts,помещает,place
19000,puts,дает,donne
19001,puts,дает,présente
19002,puts,оказывает,accorde
19003,puts,оказывает,exerce
19004,puts,уделяет,met
19005,puts,уделяет,accorde
19006,puts,надевает,met
19007,puts,ставят,met
19008,puts,ставят,mettent
19009,puts,положит,met
19010,puts,положит,pose
19011,puts,положит,mette
19012,puts,поставит,met
19013,puts,возлагает,impose
19014,puts,положил,met
19015,puts,положил,pose
19016,puts,положил,mettre
19017,puts,положил,mette
19018,puts,положил,a mis
19019,puts,приводит,donne
19020,exuberant,буйный,no_equality
19021,exuberant,энергичный,no_equality
19022,exuberant,неудержимый,no_equality
19023,exuberant,пышно расти,no_equality
19024,exuberant,обильный,no_equality
19025,exuberant,пышный,no_equality
19026,exuberant,бить,no_equality
19027,exuberant,изобильный,no_equality
19028,exuberant,бурный,no_equality
19029,exuberant,"мои, такие жгучие",no_equality
19030,slack,поблажку,no_equality
19031,slack,послабление,no_equality
19032,slack,вялый,no_equality
19033,slack,поблажки,no_equality
19034,slack,слабину,no_equality
19035,slack,помягче,no_equality
19036,slack,расслабиться,no_equality
19037,slack,полегче,no_equality
19038,slack,скидку,no_equality
19039,slack,покое,no_equality
19040,slack,передохнуть,no_equality
19041,compute,расчета,no_equality
19042,compute,вычислить,calculer
19043,compute,рассчитать,calculer
19044,compute,рассчитать,estimer
19045,compute,рассчитывать,calculer
19046,compute,рассчитывать,compter
19047,compute,вычислять,calculer
19048,compute,исчислять,calculer
19049,compute,исчислять,estimer
19050,compute,исчислить,no_equality
19051,compute,подсчитать,calculer
19052,compute,подсчитать,compter
19053,compute,подсчитать,estimer
19054,compute,подсчитать,comptabiliser
19055,compute,вычисления,no_equality
19056,compute,сходится,no_equality
19057,compute,вычисляют,no_equality
19058,compute,вычислите,no_equality
19059,compute,рассчитайте,no_equality
19060,compute,исчисления,no_equality
19061,compute,компьютере,no_equality
19062,signals,сигналы,signal
19063,signals,сигналы,signalisation
19064,signals,сигналов,signal
19065,signals,сигналов,signalisation
19066,signals,сигналах,signal
19067,signals,сигнал,signal
19068,signals,сигнал,clignotant
19069,signals,сигналами,signalisation
19070,signals,свидетельствует,marque
19071,signals,сигналам,signal
19072,signals,сигнала,signal
19073,signals,сигнала,clignotant
19074,signals,признаки,signal
19075,signals,признаки,indication
19076,signals,знаки,signal
19077,signals,знаки,signalisation
19078,signals,знаки,marque
19079,signals,сигнализирует,no_equality
19080,signals,знаков,signal
19081,signals,знаков,signalisation
19082,signals,знаков,marque
19083,signals,сигналом,signal
19084,signals,указывает,signale
19085,signals,указывает,indique
19086,signals,означает,indique
19087,colonialists,колониалистов,no_equality
19088,colonialists,колонизаторами,no_equality
19089,colonialists,колонизаторы,no_equality
19090,colonialists,колонизаторов,colon
19091,colonialists,колонистов,colon
19092,colonialists,колониалисты прибрали,no_equality
19093,casual,случайный,no_equality
19094,casual,временной,temporaire
19095,casual,обычный,simple
19096,casual,обычный,ordinaire
19097,casual,казуальный,no_equality
19098,casual,легкомысленный,no_equality
19099,casual,повседневная,no_equality
19100,casual,повседневной,no_equality
19101,casual,casual,no_equality
19102,casual,непринужденной,détendue
19103,casual,без обязательств,no_equality
19104,casual,повседневная одежда,no_equality
19105,pops,папаша,père
19106,pops,папаша,papa
19107,pops,папаша,papy
19108,pops,папаша,vieux
19109,pops,папаша,pépé
19110,pops,папаша,papi
19111,pops,папаша,grand-papa
19112,pops,папаша,papé
19113,pops,пап,père
19114,pops,пап,papa
19115,pops,пап,pop
19116,pops,пап,p'pa
19117,pops,деда,papy
19118,pops,деда,pépé
19119,pops,деда,papi
19120,pops,папа,père
19121,pops,папа,papa
19122,pops,папа,papi
19123,pops,папа,pop
19124,pops,папа,p'pa
19125,pops,соз,polluants organiques persistants
19126,pops,соз,ces substances
19127,pops,соз,pop
19128,pops,отец,père
19129,pops,отец,papa
19130,pops,отец,vieux
19131,pops,появляется,no_equality
19132,pops,всплывет,no_equality
19133,pops,отца,père
19134,pops,отца,papa
19135,pops,стойких органических загрязнителей,polluants organiques persistants
19136,pops,приходит,passe
19137,pops,деды,papy
19138,pops,созы,no_equality
19139,pops,созами,no_equality
19140,pops,созов,no_equality
19141,capillaries,капилляры,no_equality
19142,capillaries,капилляров,capillaire
19143,submissive,покорный,no_equality
19144,submissive,послушный,docile
19145,submissive,послушный,obéissant
19146,submissive,смиренный,no_equality
19147,submissive,покорное,no_equality
19148,submissive,покорность,no_equality
19149,submissive,подчинился,no_equality
19150,submissive,подчиненная,no_equality
19151,submissive,сабмиссив,no_equality
19152,submissive,подчиняться,no_equality
19153,submissive,подчиняющегося,no_equality
19154,accounts,счетов,comptabilité
19155,accounts,счета,compte
19156,accounts,счета,comptabilité
19157,accounts,счетам,compte
19158,accounts,счетам,comptabilité
19159,accounts,счетах,compte
19160,accounts,счетах,comptabilité
19161,accounts,приходится,représente
19162,accounts,приходится,représentent
19163,accounts,счетами,compte
19164,accounts,счетами,comptabilité
19165,accounts,составляет,compte
19166,accounts,составляет,représente
19167,accounts,составляет,représentent
19168,accounts,отчетности,compte
19169,accounts,отчетности,comptabilité
19170,accounts,отчетность,compte
19171,accounts,отчетность,comptabilité
19172,accounts,отчеты,compte
19173,accounts,счет,compte
19174,accounts,сообщения,no_equality
19175,accounts,составляют,représente
19176,accounts,составляют,représentent
19177,accounts,учета,comptabilité
19178,accounts,расчетов,no_equality
19179,grownups,взрослые,adulte
19180,grownups,взрослые,grand
19181,grownups,взрослых,adulte
19182,grownups,взрослых,grand
19183,grownups,взрослых,grandes personnes
19184,grownups,взрослым,adulte
19185,grownups,взрослым,grand
19186,grownups,взрослыми,adulte
19187,grownups,взрослыми,grand
19188,grownups,взрослыми,grandes personnes
19189,partridges,куропаток,no_equality
19190,partridges,куропатки,no_equality
19191,adjective,прилагательное,adjectif
19192,adjective,имя прилагательное,no_equality
19193,adjective,эпитет,adjectif
19194,adjective,эпитет,épithète
19195,adjective,прилагательным,no_equality
19196,adjective,судебно-процессуальном,no_equality
19197,adjective,слово,adjectif
19198,worriment,веселье,no_equality
19199,worriment,развлечение,no_equality
19200,sadomasochistic,садомазохистский,no_equality
19201,phonetician,финикийский,no_equality
19202,phonetician,финикиец,no_equality
19203,phonetician,финикийские,no_equality
19204,phonetician,финикийского,no_equality
19205,phonetician,раннефиникийском,no_equality
19206,phonetician,по-финикийски,no_equality
19207,misdeeds,злодеяния,no_equality
19208,misdeeds,проступки,méfait
19209,misdeeds,проступки,faute
19210,misdeeds,злодеяниями,no_equality
19211,misdeeds,злодеяний,no_equality
19212,misdeeds,проступков,faute
19213,misdeeds,противоправные деяния,no_equality
19214,misdeeds,проступкам,no_equality
19215,misdeeds,грехи,no_equality
19216,misdeeds,чужих ошибок,faute
19217,misdeeds,чужих ошибок,erreur
19218,safeguards,гарантий,garantie
19219,safeguards,гарантий,sauvegarde
19220,safeguards,гарантий,sécurité
19221,safeguards,гарантиями,garantie
19222,safeguards,гарантиям,garantie
19223,safeguards,гарантирует,protège
19224,safeguards,гарантирует,garantit
19225,safeguards,гарантирует,garantir
19226,safeguards,защитных мер,sauvegarde
19227,safeguards,защитных мер,mesures de protection
19228,safeguards,защитные меры,sauvegarde
19229,safeguards,защитные меры,mesures de protection
19230,safeguards,гарантийных,garantie
19231,safeguards,защищает,protège
19232,safeguards,защищает,garantit
19233,safeguards,защищает,préserve
19234,safeguards,защищает,protéger
19235,safeguards,защитным мерам,no_equality
19236,safeguards,мер защиты,garantie
19237,safeguards,мер защиты,mesures de protection
19238,safeguards,гарантийной,no_equality
19239,safeguards,гарантийные,garantie
19240,safeguards,мер предосторожности,mesures de protection
19241,safeguards,гарантийного,garantie
19242,safeguards,охраняет,protège
19243,safeguards,охраняет,préserve
19244,beckons,манит,attire
19245,beckons,зовет,no_equality
19246,beckons,манят,no_equality
19247,dabbling,обрызгивание,no_equality
19248,neediness,нужда,besoin
19249,neediness,нужда,indigence
19250,neediness,необеспеченность,no_equality
19251,archivist,архивариус,archiviste
19252,archivist,хранитель архива,archive
19253,archivist,архивный,no_equality
19254,canines,собак,chien
19255,canines,клыки,canine
19256,canines,клыков,canine
19257,canines,псовые,no_equality
19258,commandeered,захватили,no_equality
19259,commandeered,реквизировал,réquisitionné
19260,commandeered,присвоил,no_equality
19261,commandeered,захватила,réquisitionné
19262,commandeered,реквизировали,réquisitionné
19263,commandeered,реквизирует,no_equality
19264,commandeered,захвачен,no_equality
19265,commandeered,захватил,no_equality
19266,commandeered,реквизировала,no_equality
19267,commandeered,реквизирован,no_equality
19268,commandeered,захватив,no_equality
19269,fault,вина,faute
19270,fault,вина,responsable
19271,fault,вина,coupable
19272,fault,вина,tort
19273,fault,ошибка,faute
19274,fault,ошибка,défaut
19275,fault,ошибка,erreur
19276,fault,ошибка,tort
19277,fault,неисправность,défaut
19278,fault,неисправность,défaillance
19279,fault,неисправность,panne
19280,fault,неисправность,anomalie
19281,fault,недостаток,faute
19282,fault,недостаток,défaut
19283,fault,винить,no_equality
19284,fault,виноват,no_equality
19285,fault,виновата,no_equality
19286,fault,вины,no_equality
19287,fault,виноваты,no_equality
19288,fault,при чем,no_equality
19289,fault,совести,faute
19290,fault,совести,coupable
19291,fault,промах,faute
19292,fault,промах,erreur
19293,fault,дефект,défaut
19294,fault,провинность,faute
19295,fault,обвинять,blâmer
19296,fault,обвинять,reprocher
19297,fault,сбоя,défaillance
19298,fault,сбоя,panne
19299,fault,причем,no_equality
19300,naive,наивный,naïf
19301,naive,наивно,naïf
19302,naive,наивность,no_equality
19303,twenty,двадцать,vingt
19304,twenty,двадцать,vingtaine
19305,twenty,двадцать,20 ans
19306,twenty,двадцать,vingt-quatre
19307,twenty,через 20,no_equality
19308,twenty,двадцатку,no_equality
19309,twenty,20-ти,no_equality
19310,twenty,спустя 20,no_equality
19311,twenty,на 20,no_equality
19312,twenty,прошествии 20,no_equality
19313,twenty,прошло 20,no_equality
19314,twenty,за 20,no_equality
19315,twenty,двадцатки,g-20
19316,twenty,двенадцать,no_equality
19317,sprouts,брюссельская капуста,choux de bruxelles
19318,sprouts,капусту,no_equality
19319,sprouts,ростки,pousse
19320,sprouts,капустой,no_equality
19321,sprouts,ростков,germe
19322,sprouts,ростков,graines germées
19323,sprouts,побегов,no_equality
19324,sprouts,фасоль,no_equality
19325,sprouts,рассада,no_equality
19326,sprouts,ростках,no_equality
19327,unmaking,разрушение,destruction
19328,sparely,скудно,no_equality
19329,sparely,низкой плотностью,no_equality
19330,sparely,плотность,no_equality
19331,sparely,малонаселенный,no_equality
19332,sparely,малонаселенном,no_equality
19333,sparely,низкая,no_equality
19334,glasses,очки,lunette
19335,glasses,очки,verre
19336,glasses,очки,paire de lunettes
19337,compliance,соблюдение,respect
19338,compliance,соблюдение,application
19339,compliance,соблюдение,observation
19340,compliance,соблюдение,observance
19341,compliance,соблюдение,respectent
19342,compliance,соответствие,conformité
19343,compliance,соответствие,respect
19344,compliance,соответствие,compatibilité
19345,compliance,соответствие,conforme
19346,compliance,выполнение,respect
19347,compliance,выполнение,application
19348,compliance,выполнение,exécution
19349,compliance,выполнение,respectent
19350,compliance,исполнение,application
19351,compliance,исполнение,exécution
19352,compliance,требования,disposition
19353,compliance,осуществления,application
19354,compliance,осуществления,exécution
19355,compliance,соблюдают,respectent
19356,compliance,требований,conformité
19357,compliance,требований,disposition
19358,compliance,обязательств,no_equality
19359,compliance,положений,application
19360,compliance,положений,disposition
19361,compliance,норм,disposition
19362,compliance,требованиям,no_equality
19363,compliance,согласие,acquiescement
19364,compliance,следование,no_equality
19365,compliance,уступчивость,no_equality
19366,compliance,податливость,no_equality
19367,blundered,слепо мчался,no_equality
19368,moulds,формы,forme
19369,moulds,формовки,no_equality
19370,moulds,матриц,matrice
19371,moulds,форм,forme
19372,moulds,пресс-форм,no_equality
19373,lawfully,законно,no_equality
19374,lawfully,на законных основаниях,légalement
19375,lawfully,на законных основаниях,légitimement
19376,lawfully,на законных основаниях,légitime
19377,lawfully,на законном основании,légalement
19378,lawfully,на законном основании,légitimement
19379,lawfully,на законном основании,légitime
19380,lawfully,на законном основании,situation régulière
19381,lawfully,законом,no_equality
19382,lawfully,законным путем,légalement
19383,lawfully,законным путем,légitimement
19384,lawfully,законным путем,manière légale
19385,lawfully,законным путем,façon licite
19386,lawfully,законного,no_equality
19387,lawfully,правомерно,licitement
19388,lawfully,правомерно,légitimement
19389,lawfully,законным образом,légalement
19390,lawfully,законным образом,légitimement
19391,lawfully,законным образом,toute légalité
19392,lawfully,законным образом,légitime
19393,lawfully,законности,no_equality
19394,lawfully,законное,no_equality
19395,lawfully,законном порядке,légalement
19396,lawfully,законный,no_equality
19397,lawfully,закону,no_equality
19398,lawfully,легально,légalement
19399,lawfully,легально,situation régulière
19400,lawfully,легально,légal
19401,slightly,несколько,légèrement
19402,slightly,несколько,un peu
19403,slightly,немного,légèrement
19404,slightly,немного,un peu
19405,slightly,немного,quelque peu
19406,slightly,немного,assez
19407,slightly,слегка,légèrement
19408,slightly,слегка,un peu
19409,slightly,слегка,quelque peu
19410,slightly,слегка,doucement
19411,slightly,слегка,légère
19412,slightly,слегка,assez
19413,slightly,чуть,légèrement
19414,slightly,чуть,un peu
19415,slightly,чуть,petit peu
19416,slightly,незначительно,légèrement
19417,slightly,незначительно,faiblement
19418,slightly,незначительно,modérément
19419,slightly,незначительно,faible
19420,slightly,легко,légèrement
19421,slightly,ненамного,légèrement
19422,slightly,ненамного,un peu
19423,slightly,немногим,légèrement
19424,slightly,незначительный,no_equality
19425,slightly,некоторое,légèrement
19426,slightly,некоторое,un peu
19427,slightly,небольшое,légèrement
19428,slightly,небольшое,léger
19429,slightly,небольшое,faible
19430,slightly,чуть-чуть,un peu
19431,slightly,небольшим,no_equality
19432,slightly,немножко,un peu
19433,slightly,некоторому,quelque peu
19434,astronauts,астронавтов,astronaute
19435,astronauts,астронавтов,cosmonaute
19436,astronauts,астронавты,astronaute
19437,astronauts,космонавтов,no_equality
19438,astronauts,астронавтами,no_equality
19439,astronauts,космонавты,astronaute
19440,astronauts,космонавты,cosmonaute
19441,astronauts,астронавтам,no_equality
19442,astronauts,космонавтами,astronaute
19443,astronauts,астронавтах,no_equality
19444,astronauts,космонавтам,no_equality
19445,astronauts,астронавта,astronaute
19446,appealingly,трогательно,no_equality
19447,refitting,переоборудование,réaménagement
19448,refitting,переоборудование,remise en état
19449,refitting,переоборудование,réfection
19450,refitting,переоснащение,rééquipement
19451,desisting,воздерживаться,no_equality
19452,fiery,огненный,no_equality
19453,fiery,пламенный,no_equality
19454,fiery,горячий,brûlant
19455,fiery,горячий,bouillant
19456,fiery,горячий,torride
19457,fiery,страстный,passionné
19458,fiery,страстный,torride
19459,fiery,огне,no_equality
19460,fiery,пламенные,ardent
19461,recommendations,рекомендаций,recommandation
19462,recommendations,рекомендаций,suggestion
19463,recommendations,рекомендациями,recommandation
19464,recommendations,рекомендациях,recommandation
19465,recommendations,рекомендациям,recommandation
19466,recommendations,свои рекомендации,no_equality
19467,recommendations,соответствующие рекомендации,no_equality
19468,recommendations,нем рекомендации,recommandation
19469,recommendations,нем рекомендации,recommandé
19470,recommendations,нем рекомендации,recommander
19471,recommendations,нем рекомендации,conseil
19472,recommendations,рекомендацию,recommandation
19473,recommendations,рекомендация,recommandation
19474,recommendations,рекомендация,préconisation
19475,recommendations,рекомендация,recommandé
19476,recommendations,рекомендация,recommander
19477,recommendations,вынесены рекомендации,no_equality
19478,recommendations,рекомендации относительно,recommander
19479,recommendations,итогам рекомендации,recommandation
19480,recommendations,итогам рекомендации,recommandé
19481,recommendations,итогам рекомендации,recommander
19482,recommendations,итогам рекомендации,conseil
19483,recommendations,предложений,proposition
19484,recommendations,предложений,suggestion
19485,recommendations,подготовлены рекомендации,no_equality
19486,recommendations,замечания,suggestion
19487,crashes,аварий,accident
19488,crashes,дорожно-транспортных происшествий,accident
19489,crashes,столкновений,collision
19490,crashes,авариях,accident
19491,crashes,дтп,collision
19492,crashes,дорожно-транспортных происшествиях,accident
19493,crashes,врезается,no_equality
19494,crashes,столкновениях,no_equality
19495,crashes,разбивается,se brise
19496,crashes,разобьется,s'écrasera
19497,crashes,упадет,s'écrase
19498,crashes,дорожно-транспортные происшествия,no_equality
19499,crashes,падает,s'écrase
19500,crashes,падает,chute
19501,crashes,падает,s'effondre
19502,crashes,дорожно-транспортными происшествиями,no_equality
19503,crashes,авариям,no_equality
19504,sousing,засолка,no_equality
19505,directional,направленный,no_equality
19506,directional,направляющий,no_equality
19507,directional,траекторией,no_equality
19508,directional,траектории движения,no_equality
19509,directional,направленного действия,no_equality
19510,directional,направлений приложения усилий,no_equality
19511,directional,направленности,orientation
19512,directional,направленных проблесковых,no_equality
19513,directional,локатор направления,no_equality
19514,directional,наклонно-направленных,no_equality
19515,directional,двухслойная термоклеевая,no_equality
19516,directional,направленное бурение,no_equality
19517,northern_Europes,северной европе,europe du nord
19518,northern_Europes,северной европе,europe septentrionale
19519,northern_Europes,северной европе,nord de l'europe
19520,northern_Europes,северной европы,europe du nord
19521,northern_Europes,северной европы,europe septentrionale
19522,northern_Europes,северную европу,no_equality
19523,northern_Europes,северная европа,europe du nord
19524,northern_Europes,северная европа,europe septentrionale
19525,northern_Europes,северной части европы,europe du nord
19526,northern_Europes,севере европы,no_equality
19527,northern_Europes,северной европой,no_equality
19528,northern_Europes,север европы,no_equality
19529,Brisbanes,брисбен,no_equality
19530,Brisbanes,брисбене,no_equality
19531,Brisbanes,брисбейне,no_equality
19532,Brisbanes,брисбенскому,no_equality
19533,Brisbanes,брисбена,no_equality
19534,approached,подходить,no_equality
19535,approached,обратился к,no_equality
19536,approached,подошел к,no_equality
19537,approached,приблизился к,no_equality
19538,approached,подошли к,approché
19539,approached,рассматривать,no_equality
19540,approached,приближения,no_equality
19541,approached,приблизились к,no_equality
19542,approached,обращались,no_equality
19543,approached,подошла к,no_equality
19544,approached,предложено,no_equality
19545,approached,подошел ко,no_equality
19546,approached,обращался,no_equality
19547,approached,обратился ко,no_equality
19548,approached,обращаться,no_equality
19549,modulations,модуляции,no_equality
19550,calibrating,калибровки,étalonnage
19551,calibrating,калибровки,étalonner
19552,calibrating,калибровки,calibrage
19553,calibrating,калибровки,calibrer
19554,calibrating,калибровка,étalonnage
19555,calibrating,калибровка,calibrage
19556,calibrating,калибровка,calibration
19557,calibrating,откалибровать,calibrer
19558,atheistic,атеистических,no_equality
19559,atheistic,атеистическим,no_equality
19560,atheistic,атеистические,no_equality
19561,atheistic,атеисты,athée
19562,atheistic,атеистическое,no_equality
19563,atheistic,атеистами,athée
19564,atheistic,атеистов,athée
19565,atheistic,атеистический,no_equality
19566,atheistic,безбожный,no_equality
19567,atheistic,атеистские,no_equality
19568,atheistic,атеистическими,no_equality
19569,atheistic,атеистического,no_equality
19570,atheistic,атеистскими,no_equality
19571,virtue,добродетель,vertu
19572,virtue,достоинство,vertu
19573,virtue,достоинство,qualité
19574,virtue,соответствии,no_equality
19575,virtue,учетом,no_equality
19576,virtue,целомудрие,vertu
19577,virtue,целомудрие,chasteté
19578,virtue,достоинства,vertu
19579,virtue,достоинства,qualité
19580,virtue,преимущество,avantage
19581,virtue,добродетельность,no_equality
19582,virtue,нравственности,no_equality
19583,virtue,ценность,no_equality
19584,rinds,шкварки,no_equality
19585,transduce,преобразовывать,transformer
19586,editing,редактирование,édition
19587,editing,редактирование,mise en forme
19588,editing,редактирование,éditer
19589,editing,монтаж,montage
19590,editing,правка,édition
19591,editing,правка,éditer
19592,editing,редактировать,no_equality
19593,editing,изменения,modification
19594,editing,изменения,révision
19595,editing,изменения,modifier
19596,editing,редакции,édition
19597,editing,редакции,révision
19598,editing,редакции,rédaction
19599,editing,редактируя,no_equality
19600,editing,монтажную,montage
19601,editing,издание,édition
19602,equated,приравненный,no_equality
19603,ideographically,географически,no_equality
19604,ideographically,географическом плане,no_equality
19605,ideographically,с географической точки зрения,no_equality
19606,ideographically,географическое,no_equality
19607,ideographically,географическом отношении,no_equality
19608,ideographically,территориально,no_equality
19609,ideographically,географического,no_equality
19610,ideographically,географических,no_equality
19611,ideographically,географическим,no_equality
19612,ideographically,географическому признаку,no_equality
19613,ideographically,географическая,no_equality
19614,ideographically,географическую,no_equality
19615,ideographically,географические,no_equality
19616,ideographically,с точки зрения географии,no_equality
19617,ideographically,широкий географический,no_equality
19618,enrols,принимает,no_equality
19619,enrols,принимаются,no_equality
19620,recitation,декламация,no_equality
19621,recitation,декламирование,no_equality
19622,recitation,цитирования,no_equality
19623,recitation,перечисление,énumération
19624,recitation,вместе повторять,no_equality
19625,recitation,декламацию,no_equality
19626,washed,помыл,no_equality
19627,washed,мыл,no_equality
19628,washed,постирала,no_equality
19629,washed,вымыл,lavé
19630,washed,вымыл,nettoyé
19631,washed,помыла,no_equality
19632,washed,вымыла,no_equality
19633,washed,постирал,no_equality
19634,washed,мыла,lavé
19635,washed,мыла,nettoyé
19636,washed,помыть,no_equality
19637,washed,стирала,no_equality
19638,washed,мыть,no_equality
19639,washed,постирать,no_equality
19640,washed,помыли,lavé
19641,washed,стирали,no_equality
19642,washed,вымыть,no_equality
19643,tautological,тавтологией,no_equality
19644,tautological,тавтологическим,no_equality
19645,condemnatory,обвинительный,no_equality
19646,condemnatory,осуждающих,no_equality
19647,condemnatory,осуждающие,no_equality
19648,Dakotas,дакоте,dakota
19649,miscarriages,выкидышей,fausses couches
19650,miscarriages,выкидышей,avortements spontanés
19651,miscarriages,выкидышей,fausse couche
19652,miscarriages,выкидышей,fausse-couche
19653,miscarriages,выкидыши,fausses-couches
19654,miscarriages,выкидыша,fausses couches
19655,miscarriages,выкидыша,fausses-couches
19656,miscarriages,выкидыша,fausse couche
19657,miscarriages,самопроизвольных абортов,avortements spontanés
19658,miscarriages,выкидышами,no_equality
19659,miscarriages,выкидышам,no_equality
19660,miscarriages,выкидыш,fausse couche
19661,miscarriages,выкидыш,fausse-couche
19662,badly,плохо,mal
19663,badly,плохо,mauvais
19664,badly,сильно,mal
19665,badly,сильно,gravement
19666,badly,сильно,tellement
19667,badly,сильно,vraiment
19668,badly,сильно,durement
19669,badly,сильно,fortement
19670,badly,сильно,salement
19671,badly,серьезно,gravement
19672,badly,серьезно,vraiment
19673,badly,серьезно,durement
19674,badly,серьезно,sérieusement
19675,badly,серьезно,fortement
19676,badly,серьезно,sévèrement
19677,badly,ужасно,mal
19678,badly,ужасно,tellement
19679,badly,ужасно,vraiment
19680,badly,ужасно,mauvais
19681,badly,крайне,gravement
19682,badly,крайне,fortement
19683,badly,крайне,cruellement
19684,badly,остро,gravement
19685,badly,остро,cruellement
19686,badly,жестоко,gravement
19687,badly,жестоко,durement
19688,badly,жестоко,cruellement
19689,badly,жестоко,sévèrement
19690,badly,тяжело,gravement
19691,badly,тяжело,durement
19692,badly,тяжело,grièvement
19693,badly,плохой,no_equality
19694,badly,больно,no_equality
19695,badly,отчаянно,tellement
19696,badly,отчаянно,absolument
19697,badly,неправильно,mal
19698,badly,неправильно,mauvais
19699,badly,скверно,no_equality
19700,badly,дурно,mal
19701,badly,дурно,mauvais
19702,badly,серьезные,no_equality
19703,Uruguayan,уругвайский,uruguayen
19704,Uruguayan,уругвая,uruguayen
19705,Uruguayan,уругвайскому,no_equality
19706,Uruguayan,уругвайцами,no_equality
19707,Uruguayan,уругвае,no_equality
19708,pathologic,патологический,pathologique
19709,pathologic,патологически,no_equality
19710,bender,запой,cuite
19711,bender,запой,beuverie
19712,bender,запой,cuiter
19713,bender,бендера,bender
19714,bender,бендеру,bender
19715,bender,бендеры,bender
19716,bender,попойка,beuverie
19717,bender,отрыв,beuverie
19718,bender,пьянка,beuverie
19719,bender,трубогиб,no_equality
19720,bender,бендером,no_equality
19721,bender,бендере,bender
19722,bender,ѕендер,no_equality
19723,bender,дтп,no_equality
19724,bender,авария,no_equality
19725,colonials,колонистов,colon
19726,potentially,потенциально,potentiellement
19727,potentially,потенциально,éventuellement
19728,potentially,потенциально,pourrait
19729,potentially,потенциально,pourraient
19730,potentially,потенциально,potentiel
19731,potentially,потенциально,risque
19732,potentially,потенциально,susceptibles d'être
19733,potentially,потенциально,risquent
19734,potentially,возможно,éventuellement
19735,potentially,возможно,peut-être
19736,potentially,возможно,possiblement
19737,potentially,возможно,pourrait
19738,potentially,возможно,pourraient
19739,potentially,возможно,peuvent
19740,potentially,теоретически,théoriquement
19741,potentially,потенциальных,no_equality
19742,potentially,потенциальную,no_equality
19743,potentially,потенциального,no_equality
19744,potentially,возможных,no_equality
19745,potentially,потенциальной,no_equality
19746,potentially,возможного,no_equality
19747,potentially,потенциальными,potentiellement
19748,potentially,потенциальными,pourraient
19749,potentially,потенциальными,potentiel
19750,potentially,потенциальное,no_equality
19751,potentially,потенциальным,no_equality
19752,potentially,потенциальном плане,potentiel
19753,potentially,в потенциале,potentiel
19754,potentially,способных,no_equality
19755,potentially,потенциальная,potentiellement
19756,potentially,потенциальная,potentiel
19757,potentially,потенциальная,risque
19758,empathise,сочувствую,empathie
19759,vicissitudes,превратности,no_equality
19760,vicissitudes,превратностей,vicissitude
19761,vicissitudes,превратностей,aléa
19762,vicissitudes,превратностям,no_equality
19763,vicissitudes,превратностями,vicissitude
19764,vicissitudes,колебаниям,no_equality
19765,vicissitudes,превратностях,no_equality
19766,vicissitudes,потрясений,no_equality
19767,vicissitudes,неудач,no_equality
19768,psychopathy,психопатия,psychopathie
19769,psychopathy,психопатией,no_equality
19770,psychopathy,психопатию,no_equality
19771,pessimists,пессимисты,pessimiste
19772,pessimists,пессимистов,pessimiste
19773,pessimists,пессимистами,no_equality
19774,pessimists,пессимистам,no_equality
19775,rajs,крыс,no_equality
19776,rajs,крысы,no_equality
19777,rajs,крысами,no_equality
19778,rajs,крысах,no_equality
19779,rajs,крысам,no_equality
19780,rajs,крыса,no_equality
19781,rajs,сдает,no_equality
19782,rajs,крысу,no_equality
19783,rajs,мышей,no_equality
19784,harden,укреплять,renforcer
19785,harden,укреплять,raffermir
19786,harden,затвердевать,durcir
19787,harden,ожесточать,no_equality
19788,harden,ужесточит,no_equality
19789,harden,ужесточению,no_equality
19790,harden,затвердеет,no_equality
19791,harden,затвердевают,no_equality
19792,harden,харден,harden
19793,harden,твердеют,no_equality
19794,harden,ожесточит,no_equality
19795,reiterate,повторить,réitérer
19796,reiterate,повторить,réaffirmer
19797,reiterate,повторить,rappeler
19798,reiterate,повторить,répéter
19799,reiterate,повторить,renouveler
19800,reiterate,повторить,redire
19801,reiterate,повторить,reprendre
19802,reiterate,повторить,nouveau
19803,reiterate,повторять,réitérer
19804,reiterate,повторять,rappeler
19805,reiterate,повторять,répéter
19806,reiterate,повторять,redire
19807,reiterate,повторять,reprendre
19808,reiterate,подтверждать,no_equality
19809,reiterate,вновь заявить о,réitérer
19810,reiterate,вновь заявить о,réaffirmer
19811,reiterate,вновь заявить о,renouveler
19812,reiterate,вновь заявить о,confirmer
19813,reiterate,вновь подтвердить,réitérer
19814,reiterate,вновь подтвердить,réaffirmer
19815,reiterate,вновь подтвердить,rappeler
19816,reiterate,вновь подтвердить,répéter
19817,reiterate,вновь подтвердить,renouveler
19818,reiterate,вновь подтвердить,redire
19819,reiterate,вновь подтвердить,confirmer
19820,reiterate,вновь выразить,réitérer
19821,reiterate,вновь выразить,réaffirmer
19822,reiterate,вновь выразить,renouveler
19823,reiterate,вновь выразить,redire
19824,reiterate,вновь подтверждаем,réaffirmer
19825,reiterate,еще раз выразить,réitérer
19826,reiterate,еще раз выразить,réaffirmer
19827,reiterate,еще раз выразить,redire
19828,reiterate,еще раз подчеркнуть,réitérer
19829,reiterate,еще раз подчеркнуть,réaffirmer
19830,reiterate,еще раз подчеркнуть,redire
19831,reiterate,еще раз заявляем о,no_equality
19832,reiterate,подчеркиваем,no_equality
19833,reiterate,напомнить о,réitérer
19834,reiterate,высказать,no_equality
19835,reiterate,подтверждения,no_equality
19836,reiterate,подтвердили,réaffirmer
19837,reiterate,подтвердили,confirmer
19838,knickknacks,безделушки,bibelot
19839,knickknacks,безделушки,babiole
19840,knickknacks,безделушек,bibelot
19841,knickknacks,безделушек,babiole
19842,dangled,помахал,no_equality
19843,dangled,подвесили,no_equality
19844,chests,груди,poitrine
19845,chests,груди,torse
19846,chests,грудь,poitrine
19847,chests,сундуки,coffre
19848,chests,ящиков,caisse
19849,chests,сундуков,coffre
19850,chests,грудная клетка,poitrine
19851,chests,сундуках,no_equality
19852,chests,ларцов,no_equality
19853,chests,комоды,no_equality
19854,chests,сундука,coffre
19855,chests,грудную клетку,torse
19856,liberties,свобод,liberté
19857,liberties,свободы,no_equality
19858,liberties,свободах,no_equality
19859,liberties,свободами,liberté
19860,liberties,вольностей,no_equality
19861,liberties,себе лишнего,no_equality
19862,fishery,рыболовство,pêche
19863,fishery,рыболовство,pêcherie
19864,fishery,Рыбная ловля,pêche
19865,fishery,рыбное хозяйство,pêche
19866,fishery,рыба,poisson
19867,fishery,рыбные ресурсы,no_equality
19868,fishery,рыбозавод,no_equality
19869,fishery,рыбоохрана,no_equality
19870,fishery,рыболовное хозяйство,halieutique
19871,fishery,рыбное место,no_equality
19872,fishery,рыбоводческое хозяйство,no_equality
19873,fishery,рыбохозяйственный,pêcherie
19874,fishery,промысловый,no_equality
19875,rankles,не дает покоя,no_equality
19876,hoping,надеялся,espérant
19877,hoping,надеялся,espérer
19878,hoping,надеялся,aimerais
19879,hoping,надеялся,espériez
19880,hoping,надеялась,espérant
19881,hoping,надеялась,espoir
19882,hoping,надеялась,attendais
19883,hoping,надеясь,espérer
19884,hoping,надеялись,espérant
19885,hoping,надеялись,espoir
19886,hoping,надеялись,espérons
19887,hoping,надеялись,espérer
19888,hoping,надеялись,espéraient
19889,hoping,надеялись,espériez
19890,hoping,надеемся,espérant
19891,hoping,надеемся,espoir
19892,hoping,надеемся,espérons
19893,hoping,надеется,espérant
19894,hoping,надеется,espèrent
19895,hoping,хотел,aimerais
19896,hoping,хотел,aimé
19897,hoping,надеешься,espérant
19898,hoping,надеешься,espérer
19899,hoping,надеешься,espérez
19900,hoping,надеяться,no_equality
19901,hoping,надеются,espérant
19902,hoping,надеются,espoir
19903,hoping,надеются,espérer
19904,hoping,надеются,espèrent
19905,hoping,надеются,espéraient
19906,hoping,надеетесь,espérez
19907,hoping,надеетесь,espériez
19908,hoping,надежда,espoir
19909,hoping,хотела,aimerais
19910,hoping,хотела,aimé
19911,hoping,думал,no_equality
19912,hoping,думала,no_equality
19913,errands,поручения,course
19914,errands,по делам,no_equality
19915,errands,поручений,course
19916,errands,дела,no_equality
19917,errands,дел,no_equality
19918,errands,поручениями,no_equality
19919,errands,по поручениям,no_equality
19920,errands,на побегушках,coursier
19921,errands,делами,no_equality
19922,revolved,велись,no_equality
19923,revolved,вращалась,tournait
19924,revolved,вращались,no_equality
19925,revolved,развернулась,no_equality
19926,revolved,вращалось,no_equality
19927,revolved,касались,no_equality
19928,revolved,вращаются,tournent
19929,revolved,вращаются,tournaient
19930,protector,защитник,protecteur
19931,protector,защитник,défenseur
19932,protector,защитник,gardien
19933,protector,протектор,protecteur
19934,protector,предохранитель,no_equality
19935,protector,защитное устройство,no_equality
19936,protector,защита,protection
19937,protector,защита,protège
19938,protector,оберег,no_equality
19939,protector,регент,no_equality
19940,protector,разрядник,no_equality
19941,protector,протекторный,no_equality
19942,staving,материал для клепки,no_equality
19943,staving,подпирание,no_equality
19944,staving,обжимать,no_equality
19945,staving,предотвращая,no_equality
19946,desensitize,уменьшать чувствительность,no_equality
19947,clings,цепляется за,no_equality
19948,clings,упорно придерживается,adhère
19949,clings,липнет,no_equality
19950,clings,цепляться за,accroché
19951,commences,начинается,commence
19952,commences,начинается,débute
19953,commences,начинается,commencera
19954,commences,начинается,début
19955,commences,начинается,commencent
19956,commences,начинается,commençant
19957,commences,начинается,démarre
19958,commences,начинается,prend effet
19959,commences,начала,début
19960,commences,начала,commencement
19961,commences,начнется,commence
19962,commences,начнется,débute
19963,commences,начнется,commencera
19964,commences,начнется,début
19965,commences,начнется,commencent
19966,commences,начнется,débutera
19967,commences,начнет,no_equality
19968,commences,начинает,débute
19969,commences,начинает,entame
19970,commences,начинает,démarre
19971,commences,возбуждает,no_equality
19972,commences,приступает,commence
19973,commences,приступает,commencera
19974,commences,приступает,entame
19975,commences,приступает,commencent
19976,fjords,фьорды,fjord
19977,fjords,фьордах,fjord
19978,fjords,фьордов,no_equality
19979,fjords,фьордами,no_equality
19980,fjords,фьордам,no_equality
19981,fjords,округе вестур-исафьярдар,no_equality
19982,exist,существовать,exister
19983,exist,существовать,subsister
19984,exist,существовать,vivre
19985,exist,существовать,survivre
19986,exist,жить,no_equality
19987,exist,возникать,no_equality
19988,exist,присутствовать,no_equality
19989,exist,наблюдаться,no_equality
19990,exist,действовать,no_equality
19991,exist,сложиться,exister
19992,exist,наличествовать,no_equality
19993,exist,сущий,no_equality
19994,barrelling,упаковка в бочки,no_equality
19995,barrelling,галтовка,no_equality
19996,thickness,толщина,épaisseur
19997,thickness,мощность,no_equality
19998,thickness,мощности,no_equality
19999,thickness,толщу,no_equality
20000,thickness,слоя,no_equality
20001,underperforming,отстающих,peu performants
20002,underperforming,отстающих,traîne
20003,underperforming,отстающим,traîne
20004,underperforming,ниже значений эталонного показателя,no_equality
20005,underperforming,не справляются со своими обязанностями,no_equality
20006,innocent,невинный,innocent
20007,innocent,невиновный,innocent
20008,innocent,невиновный,non coupable
20009,innocent,невиновность,innocence
20010,innocent,невинность,innocent
20011,innocent,невинность,innocence
20012,innocent,невинно,innocent
20013,innocent,невинно,inoffensif
20014,innocent,ни в чем не повинных,innocent
20015,innocent,ни в чем не повинные,no_equality
20016,innocent,мирных,no_equality
20017,innocent,виновен,no_equality
20018,innocent,мирного,no_equality
20019,innocent,ни в чем не повинного,innocent
20020,innocent,безвинных,innocent
20021,innocent,ни в чем не повинным,innocent
20022,innocent,ни в чем не повинное,innocent
20023,innocent,ни при чём,innocent
20024,innocent,безгрешный,no_equality
20025,trills,триллы,trille
20026,trills,триллы,trills
20027,trills,пищит,no_equality
20028,trills,трели,no_equality
20029,trills,триллах,no_equality
20030,trills,триллами,no_equality
20031,howitzers,гаубицы,no_equality
20032,howitzers,гаубиц,obusier
20033,howitzers,гаубицами,no_equality
20034,comically,комично,no_equality
20035,comically,до смешного,ridiculement
20036,comically,смешно,no_equality
20037,obliterated,уничтожены,anéanti
20038,obliterated,уничтожены,détruit
20039,obliterated,уничтожен,anéanti
20040,obliterated,стерты,no_equality
20041,obliterated,уничтожили,no_equality
20042,obliterated,уничтожена,no_equality
20043,obliterated,уничтожила,no_equality
20044,obliterated,стер,no_equality
20045,obliterated,стерли,no_equality
20046,obliterated,стертой,no_equality
20047,obliterated,уничтоженной,no_equality
20048,obliterated,ликвидировал,no_equality
20049,obliterated,уничтожат,détruit
20050,obliterated,сотрут с лица земли,no_equality
20051,obliterated,ликвидирована,no_equality
20052,wealthily,здоровую пищу,no_equality
20053,imperfect,несовершенный,imparfait
20054,imperfect,дефектный,défectueux
20055,imperfect,несовершенство,imperfection
20056,imperfect,несовершенство,insuffisance
20057,shitter,сортир,chiotte
20058,shitter,унитаз,chiotte
20059,shitter,параша,no_equality
20060,shitter,сруль,no_equality
20061,shitter,сральник,no_equality
20062,shitter,толчке,no_equality
20063,Matisses,матисс,matisse
20064,Matisses,матисса,no_equality
20065,Matisses,матиссу,no_equality
20066,Matisses,матиссом,no_equality
20067,cell_phone,телефон,portable
20068,cell_phone,телефон,cellulaire
20069,cell_phone,телефон,mobile
20070,cell_phone,телефон,numéro
20071,cell_phone,телефон,téléphonique
20072,cell_phone,мобильник,portable
20073,cell_phone,мобильник,téléphone portable
20074,cell_phone,мобильник,cellulaire
20075,cell_phone,мобильный,portable
20076,cell_phone,мобильный,mobile
20077,cell_phone,мобильный,numéro
20078,cell_phone,мобильный телефон,portable
20079,cell_phone,мобильный телефон,téléphone portable
20080,cell_phone,мобильный телефон,téléphone mobile
20081,cell_phone,мобильный телефон,mobile
20082,cell_phone,сотовый телефон,portable
20083,cell_phone,мобильного телефона,téléphone portable
20084,cell_phone,мобильного телефона,téléphone mobile
20085,cell_phone,сотового телефона,téléphone portable
20086,cell_phone,телефонный,no_equality
20087,cell_phone,сотовому,no_equality
20088,cell_phone,мобильном,no_equality
20089,cell_phone,сотовом,no_equality
20090,cell_phone,мобильных телефонов,téléphone cellulaire
20091,cell_phone,мобильных телефонов,téléphone portable
20092,cell_phone,мобильных телефонов,téléphone mobile
20093,cell_phone,сотовым телефоном,téléphone portable
20094,cell_phone,мобильным телефоном,téléphone portable
20095,cell_phone,мобильным телефоном,téléphone mobile
20096,cell_phone,сотовых телефонов,no_equality
20097,indispensable,необходимый,indispensable
20098,indispensable,необходимый,nécessaire
20099,indispensable,незаменимый,indispensable
20100,indispensable,незаменимый,irremplaçable
20101,indispensable,неотъемлемый,inaliénable
20102,indispensable,обязательный,indispensable
20103,indispensable,обязательный,absolument
20104,indispensable,необходимым условием,essentiel
20105,indispensable,непременным условием,no_equality
20106,indispensable,необходимое,no_equality
20107,indispensable,обязательным условием,indispensable
20108,indispensable,обязательным условием,impérative
20109,indispensable,непременный,no_equality
20110,indispensable,важнейшую,essentiel
20111,indispensable,важнейшее значение,essentiel
20112,indispensable,незаменимое значение,irremplaçable
20113,indispensable,важнейшим,indispensable
20114,indispensable,важнейшим,essentiel
20115,souffles,суфле,soufflé
20116,dissolutions,роспуска,dissolution
20117,envies,завидует,envie
20118,envies,завидует,enviait
20119,week,неделя,semaine
20120,week,неделя,week
20121,week,недели,semaine
20122,week,недели,week-end
20123,week,недели,week
20124,week,недели,hebdomadaire
20125,week,недели,jour
20126,week,недели,weekend
20127,week,неделька,semaine
20128,week,недельный,no_equality
20129,week,выходных,no_equality
20130,week,день,jour
20131,week,день,journée
20132,week,времени,no_equality
20133,week,рабочая неделя,no_equality
20134,vexing,неприятный,fâcheux
20135,vexing,досадно,frustrant
20136,vexing,тернистые,no_equality
20137,vexing,лишнее,no_equality
20138,vexing,досадной,no_equality
20139,vexing,нашей насущной,no_equality
20140,seasonings,приправы,assaisonnement
20141,seasonings,приправы,condiment
20142,seasonings,приправы,épice
20143,seasonings,приправ,assaisonnement
20144,seasonings,приправ,condiment
20145,seasonings,приправ,épice
20146,seasonings,приправами,condiment
20147,harvest,жатва,moisson
20148,harvest,урожай,récolte
20149,harvest,урожай,moisson
20150,harvest,сбор,no_equality
20151,harvest,время жатвы,moisson
20152,harvest,уборочная,no_equality
20153,harvest,хлебоуборка,no_equality
20154,harvest,заготовка,récolte
20155,harvest,заготовка,exploitation
20156,harvest,уборочная страда,no_equality
20157,harvest,уборка хлеба,no_equality
20158,harvest,жнива,no_equality
20159,harvest,жать,moissonner
20160,harvest,собирать,récolter
20161,harvest,собирать,cueillir
20162,harvest,собирать,ramasser
20163,harvest,заготавливать,no_equality
20164,harvest,собрать урожай,récolter
20165,harvest,убирать,ramasser
20166,harvest,урожайный,no_equality
20167,Lesvoss,уроки,leçon
20168,Lesvoss,уроки,enseignement
20169,Lesvoss,уроки,cour
20170,Lesvoss,уроки,expérience
20171,Lesvoss,уроки,lessons
20172,Lesvoss,уроки,apprendre
20173,Lesvoss,уроки,piano
20174,Lesvoss,уроки,tirer
20175,Lesvoss,уроков,leçon
20176,Lesvoss,опыт,expérience
20177,Lesvoss,уроках,leçon
20178,Lesvoss,уроках,enseignement
20179,Lesvoss,уроках,cour
20180,Lesvoss,уроках,expérience
20181,Lesvoss,уроками,leçon
20182,Lesvoss,уроками,cour
20183,Lesvoss,опытом,leçon
20184,Lesvoss,опытом,apprentissage
20185,Lesvoss,выводы,leçon
20186,Lesvoss,выводы,enseignement
20187,Lesvoss,выводы,conclusion
20188,Lesvoss,выводы,bilan
20189,Lesvoss,урокам,leçon
20190,Lesvoss,занятия,no_equality
20191,Lesvoss,выводов,enseignement
20192,Lesvoss,выводов,conclusion
20193,Lesvoss,занятий,no_equality
20194,Lesvoss,урок,leçon
20195,Lesvoss,урок,cour
20196,Lesvoss,урок,apprendre
20197,Lesvoss,урок,appris
20198,Lesvoss,урока,leçon
20199,Lesvoss,урока,enseignement
20200,Lesvoss,урока,cour
20201,Lesvoss,усвоенных,enseignement
20202,Lesvoss,обобщению,enseignement
20203,transitives,перехода,no_equality
20204,transitives,переход,no_equality
20205,transitives,преобразований,no_equality
20206,transitives,переходный период,no_equality
20207,transitives,переходного периода,no_equality
20208,transitives,переходов,no_equality
20209,transitives,переходных процессов,no_equality
20210,transitives,переходы,no_equality
20211,transitives,переходные процессы,no_equality
20212,transitives,переходных периодов,no_equality
20213,transitives,переходу,no_equality
20214,transitives,трансформации,no_equality
20215,transitives,изменений,no_equality
20216,transitives,переходном этапе,no_equality
20217,transitives,перемены,no_equality
20218,compilation,компиляция,compilation
20219,compilation,составление,établissement
20220,compilation,составление,élaboration
20221,compilation,подборка,compilation
20222,compilation,подборка,recueil
20223,compilation,сбор,no_equality
20224,compilation,сборник,compilation
20225,compilation,сборник,recueil
20226,compilation,подготовка,établissement
20227,compilation,подготовка,élaboration
20228,compilation,обобщение,recueil
20229,compilation,компилирование,compilation
20230,compilation,свод,recueil
20231,compilation,сводный,no_equality
20232,compilation,расчета,calcul
20233,compilation,обработки,no_equality
20234,compilation,собрание,rassemblement
20235,compilation,составителей,no_equality
20236,compilation,обработке,no_equality
20237,spicing,приправление,no_equality
20238,emblems,эмблем,emblème
20239,emblems,эмблемы,emblème
20240,emblems,эмблемами,emblème
20241,emblems,эмблемами,insigne
20242,emblems,символику,emblème
20243,emblems,символику,symbole
20244,emblems,отличительных знаков,no_equality
20245,emblems,государственной символики,emblème
20246,emblems,государственной символики,symbole
20247,emblems,атрибутики,no_equality
20248,typographical,типографский,no_equality
20249,abstains,воздерживается,s'abstient
20250,Christianly,христиански,no_equality
20251,Christianly,по-христиански,no_equality
20252,escalate,перерасти,dégénérer
20253,escalate,эскалации,no_equality
20254,escalate,эскалацию,escalade
20255,escalate,эскалация,no_equality
20256,escalate,перерастать,dégénérer
20257,escalate,обострить,aggraver
20258,escalate,обострить,exacerber
20259,escalate,расти,augmenter
20260,escalate,расти,s'aggraver
20261,escalate,расти,monter
20262,escalate,расти,grimper
20263,escalate,обостриться,s'intensifier
20264,escalate,обостриться,s'aggraver
20265,escalate,возрастать,augmenter
20266,escalate,возрастать,s'aggraver
20267,escalate,возрастать,s'amplifier
20268,escalate,обостряться,no_equality
20269,escalate,наращивать,augmenter
20270,escalate,наращивать,intensifier
20271,escalate,обострять,aggraver
20272,escalate,обострять,exacerber
20273,escalate,обострения,no_equality
20274,escalate,нагнетать,no_equality
20275,banners,баннеры,bannière
20276,banners,баннеров,no_equality
20277,banners,плакаты,bannière
20278,banners,плакаты,banderole
20279,banners,плакаты,affiche
20280,banners,транспарантов,no_equality
20281,banners,транспаранты,no_equality
20282,banners,знамена,no_equality
20283,banners,знаменами,bannière
20284,banners,баннерами,no_equality
20285,banners,плакатов,pancarte
20286,banners,плакатов,affiche
20287,banners,знамен,bannière
20288,banners,флаги,drapeau
20289,banners,флажки,bannière
20290,banners,флажки,drapeau
20291,banners,знамены,no_equality
20292,banners,флагами,banderole
20293,banners,флагами,drapeau
20294,glimpses,проблески,entrevoir
20295,glimpses,образы,no_equality
20296,glimpses,проблесками,no_equality
20297,glimpses,мельком,aperçu
20298,chores,заботы,no_equality
20299,chores,домашние дела,no_equality
20300,Esperantoes,эсперанто,espéranto
20301,sleepwalking,лунатизм,somnambulisme
20302,sleepwalking,лунатизм,somnambule
20303,sleepwalking,лунатик,no_equality
20304,sleepwalking,сомнамбулизм,somnambulisme
20305,sleepwalking,хождение во сне,somnambulisme
20306,sleepwalking,ходил во сне,no_equality
20307,sleepwalking,лунатил,no_equality
20308,sleepwalking,сомнамбула,no_equality
20309,sleepwalking,по ночам,no_equality
20310,sleepwalking,лунатизме,no_equality
20311,verifies,проверяет,vérifie
20312,verifies,осуществляет проверку,vérifier
20313,verifies,осуществляет проверку,vérification
20314,verifies,проверяется,s'assure
20315,verifies,проверяется,vérifient
20316,verifies,проводит проверку,vérifier
20317,verifies,проводит проверку,vérification
20318,verifies,занимается проверкой,vérifier
20319,verifies,занимается проверкой,vérification
20320,verifies,производит проверку,vérifier
20321,verifies,производит проверку,vérification
20322,verifies,удостоверяется,no_equality
20323,verifies,контролирует,contrôle
20324,Koranic,изучению корана,no_equality
20325,Koranic,коранических,no_equality
20326,Koranic,мусульманских,no_equality
20327,Koranic,коранические,no_equality
20328,Koranic,мусульманские,no_equality
20329,Koranic,исламские,no_equality
20330,Koranic,духовные,no_equality
20331,Koranic,коране,no_equality
20332,Koranic,где изучается коран,coran
20333,Koranic,медресе,no_equality
20334,Koranic,религиозных,no_equality
20335,Koranic,коранической,no_equality
20336,Koranic,суры,no_equality
20337,Koranic,кораническую,no_equality
20338,spaced,расположенный,situé
20339,copulate,совокупиться,s'accoupler
20340,copulate,сношаться,no_equality
20341,copulate,совокупляются,no_equality
20342,copulate,спариваются,s'accouplent
20343,copulate,совокупляться,copuler
20344,copulate,совокупляться,forniquer
20345,cataloger,каталогизатор,no_equality
20346,urge,побуждать,encourager
20347,urge,побуждать,inciter
20348,urge,убеждать,no_equality
20349,urge,настаивать,insister
20350,urge,подстегивать,no_equality
20351,urge,настоятельно призвать,exhorter
20352,urge,настоятельно призвать,prier instamment
20353,urge,настоятельно призвать,inciter
20354,urge,настоятельно призвать,inviter instamment
20355,urge,настоятельно рекомендовать,recommander vivement
20356,urge,погонять,no_equality
20357,urge,побуждение,no_equality
20358,urge,настоятельный призыв,no_equality
20359,urge,тяга,no_equality
20360,urge,настоятельный,no_equality
20361,canon_laws,канонического права,no_equality
20362,canon_laws,каноническое право,no_equality
20363,canon_laws,каноническом праве,no_equality
20364,canon_laws,каноническому праву,no_equality
20365,canon_laws,церковное право,no_equality
20366,canon_laws,каноническим правом,no_equality
20367,sermons,проповеди,sermon
20368,sermons,проповедей,sermon
20369,sermons,проповедей,prédication
20370,sermons,проповедей,prêche
20371,sermons,проповедях,sermon
20372,sermons,проповедями,sermon
20373,sermons,нравоучений,sermon
20374,aridness,твердость,no_equality
20375,aridness,жесткость,no_equality
20376,aridness,единиц по шору (а,no_equality
20377,aridness,черствость,no_equality
20378,expeditiousness,оперативность,rapidité
20379,expeditiousness,оперативность,célérité
20380,declaratives,декларативный,no_equality
20381,declaratives,декларационного,no_equality
20382,declaratives,декларативном,no_equality
20383,declaratives,декларационных,no_equality
20384,declaratives,совокупность связанных элементов,no_equality
20385,Madagascars,мадагаскар,no_equality
20386,Madagascars,мадагаскаре,no_equality
20387,Madagascars,мадагаскара,no_equality
20388,Madagascars,мадагаскару,no_equality
20389,Madagascars,мадагаскаром,no_equality
20390,Madagascars,мадагаскарский,no_equality
20391,Madagascars,мадагаскарского,no_equality
20392,Madagascars,малагасийского,no_equality
20393,Madagascars,малагасийской,no_equality
20394,elephants,слонов,éléphant
20395,elephants,слоны,éléphant
20396,elephants,слонами,éléphant
20397,elephants,слонах,no_equality
20398,elephants,слонам,no_equality
20399,elephants,слона,éléphant
20400,elephants,слоников,no_equality
20401,folks,ребята,gens
20402,folks,ребята,les amis
20403,folks,ребята,tout le monde
20404,folks,ребята,type
20405,folks,люди,gens
20406,folks,люди,personne
20407,folks,люди,ceux
20408,folks,народ,gens
20409,folks,народ,les amis
20410,folks,народ,tout le monde
20411,folks,людей,gens
20412,folks,людей,personne
20413,folks,людей,ceux
20414,folks,друзья,proche
20415,folks,родители,parent
20416,folks,родители,famille
20417,folks,предки,parent
20418,folks,предки,vieux
20419,folks,ребят,gens
20420,folks,ребят,les amis
20421,folks,ребят,type
20422,folks,парни,gens
20423,folks,парни,les amis
20424,folks,парни,type
20425,folks,людям,gens
20426,folks,людям,personne
20427,folks,людям,ceux
20428,folks,родителям,no_equality
20429,folks,людьми,gens
20430,folks,людьми,personne
20431,folks,людьми,ceux
20432,folks,людьми,habitant
20433,folks,людьми,gens-là
20434,folks,господа,no_equality
20435,folks,ребятки,les amis
20436,folks,родителями,parent
20437,snowboarder,сноубордист,no_equality
20438,snowboarder,сноубордиста,no_equality
20439,snowboarder,сноубордистом,no_equality
20440,optimism,оптимизм,optimisme
20441,optimism,оптимизм,optimiste
20442,optimism,оптимизм,espérer
20443,optimism,надежду,espoir
20444,optimism,надежду,espérer
20445,optimism,оптимистичный взгляд,optimiste
20446,optimism,оптимистами,optimiste
20447,optimism,оптимистические настроения,optimisme
20448,optimism,надеяться,no_equality
20449,optimism,оптимистично,optimiste
20450,optimism,оптимистической ноте,no_equality
20451,optimism,надежда,espoir
20452,dispassionate,беспристрастный,impartial
20453,dispassionate,бесстрастный,no_equality
20454,dispassionate,беспристрастно,impartial
20455,dispassionate,беспристрастно,sereinement
20456,dispassionate,спокойного,calme
20457,dispassionate,спокойное,calme
20458,resile,отказаться,no_equality
20459,redevelop,перестраивать,restructurer
20460,redevelop,вновь развивать,no_equality
20461,redevelop,восстановления,no_equality
20462,Samuels,сэмюэлс,samuels
20463,Samuels,сэмюэлса,no_equality
20464,Samuels,сэмюелс,samuels
20465,Samuels,сэмюэльс,no_equality
20466,Samuels,сэмюэлсу,samuels
20467,Samuels,самуэльс,no_equality
20468,Samuels,сэмюэлз,no_equality
20469,Samuels,сэмюэлсом,no_equality
20470,Canaans,ханаан,canaan
20471,Canaans,земля обетованная,no_equality
20472,Canaans,ханаане,no_equality
20473,Canaans,ханаана,canaan
20474,Canaans,кэнан,no_equality
20475,Canaans,нью-ханаан,canaan
20476,Canaans,канаане,no_equality
20477,Canaans,канаана,no_equality
20478,ambitiousness,амбициозность,ambition
20479,ambitiousness,честолюбие,ambition
20480,sailboats,парусники,no_equality
20481,sailboats,парусников,no_equality
20482,sailboats,парусных,no_equality
20483,sailboats,парусные яхты,voilier
20484,sailboats,парусные лодки,no_equality
20485,Stalinisms,сталинизм,no_equality
20486,Stalinisms,сталинизму,no_equality
20487,Colombias,колумбия,colombie
20488,Colombias,колумбия,colombien
20489,Colombias,колумбия,colombia
20490,Colombias,колумбии,colombie
20491,Colombias,колумбии,colombien
20492,Colombias,колумбии,colombia
20493,Colombias,колумбию,colombia
20494,Colombias,колумбией,colombie
20495,Colombias,колумбийских,colombien
20496,Colombias,колумбийские,colombien
20497,Colombias,стране,pays
20498,Colombias,колумбийского,no_equality
20499,Colombias,страны,pays
20500,Colombias,колумбийской,no_equality
20501,Colombias,колумбийское,no_equality
20502,Colombias,колумбийским,no_equality
20503,Colombias,коломбия,no_equality
20504,neighbouring,соседний,voisin
20505,neighbouring,близлежащий,voisin
20506,neighbouring,близлежащий,proche
20507,neighbouring,ближний,voisin
20508,neighbouring,ближний,proche
20509,neighbouring,прилегающий,adjacent
20510,neighbouring,соседствующий,no_equality
20511,neighbouring,соседство,no_equality
20512,filthy,грязный,sale
20513,filthy,грязный,dégoûtant
20514,filthy,грязный,crasseux
20515,filthy,грязный,répugnant
20516,filthy,грязный,cochon
20517,filthy,мерзкий,sale
20518,filthy,мерзкий,dégoûtant
20519,filthy,мерзкий,immonde
20520,filthy,мерзкий,répugnant
20521,filthy,мерзкий,dégueulasse
20522,filthy,грязь,no_equality
20523,filthy,похотливый,immonde
20524,filthy,поганый,sale
20525,filthy,замызганный,no_equality
20526,filthy,развратная,no_equality
20527,sprouting,прорастание,germination
20528,sprouting,прорастать,no_equality
20529,sprouting,прорастающей,no_equality
20530,acquitting,оправдание,no_equality
20531,acquitting,оправдывающий,no_equality
20532,applicable,применимый,applicable
20533,applicable,применяется,application
20534,applicable,применяются,no_equality
20535,applicable,применение,no_equality
20536,applicable,применяемых,applicable
20537,applicable,применяемых,appliqués
20538,applicable,применяемые,s'appliquant
20539,applicable,применяемые,appliqués
20540,applicable,распространяется,applicable
20541,applicable,действующих,no_equality
20542,applicable,применимость,no_equality
20543,applicable,действующим,applicable
20544,applicable,действующими,no_equality
20545,applicable,распространяются,no_equality
20546,applicable,действующие,no_equality
20547,applicable,применяемыми,no_equality
20548,applicable,действующего,applicable
20549,applicable,действующего,valable
20550,applicable,подходящий,convenable
20551,applicable,подходящий,adéquat
20552,withholdings,удержаний,retenue
20553,enabled,возможность,no_equality
20554,enabled,благодаря,no_equality
20555,enabled,удалось,no_equality
20556,enabled,дал,no_equality
20557,enabled,возможности,no_equality
20558,enabled,включен,no_equality
20559,enabled,дало,no_equality
20560,enabled,включена,no_equality
20561,enabled,дает,permettent
20562,enabled,позволяли,permettent
20563,enabled,позволяли,permettant
20564,enabled,дали,no_equality
20565,enabled,смогли,no_equality
20566,enabled,позволяло,no_equality
20567,enabled,включено,no_equality
20568,enabled,дают,permet
20569,conformably,удобно,no_equality
20570,conformably,комфортно,no_equality
20571,conformably,спокойно,no_equality
20572,conformably,комфортабельно,no_equality
20573,conformably,с комфортом,no_equality
20574,conformably,уютно,no_equality
20575,conformably,в комфорте,no_equality
20576,conformably,поудобнее,no_equality
20577,conformably,комфортных условиях,no_equality
20578,conformably,комфортабельных,no_equality
20579,conformably,отдыхает,no_equality
20580,conformably,обставлены,no_equality
20581,felicity,фелисити,felicity
20582,felicity,счастье,no_equality
20583,cowling,обтекатель,no_equality
20584,ceramicss,керамика,céramique
20585,ceramicss,керамика,poterie
20586,ceramicss,керамики,no_equality
20587,ceramicss,керамику,céramique
20588,ceramicss,керамику,poterie
20589,ceramicss,керамикой,no_equality
20590,ceramicss,керамических изделий,céramique
20591,ceramicss,гончарное дело,poterie
20592,ceramicss,керамике,céramique
20593,attitudes,отношения,attitude
20594,attitudes,отношение,attitude
20595,attitudes,отношение,perception
20596,attitudes,взглядов,attitude
20597,attitudes,взглядов,mentalité
20598,attitudes,взглядов,comportement
20599,attitudes,взглядов,stéréotype
20600,attitudes,взглядов,opinion
20601,attitudes,взглядов,points de vue
20602,attitudes,подходов,attitude
20603,attitudes,подходов,comportement
20604,attitudes,отношений,attitude
20605,attitudes,отношений,comportement
20606,attitudes,позиции,no_equality
20607,attitudes,взгляды,opinion
20608,attitudes,взгляды,points de vue
20609,attitudes,подходы,attitude
20610,attitudes,представлений,attitude
20611,attitudes,представлений,comportement
20612,attitudes,представлений,préjugé
20613,attitudes,представлений,stéréotype
20614,attitudes,представлений,perception
20615,attitudes,установок,attitude
20616,attitudes,установок,comportement
20617,attitudes,отношением,attitude
20618,attitudes,установки,no_equality
20619,attitudes,представления,no_equality
20620,attitudes,стереотипов,mentalité
20621,attitudes,стереотипов,préjugé
20622,attitudes,стереотипов,stéréotype
20623,attitudes,традиции,no_equality
20624,complimentary,бесплатный,gratuit
20625,complimentary,бесплатный,gratuitement
20626,complimentary,приветственный,no_equality
20627,complimentary,поздравительный,gratuit
20628,complimentary,взаимодополняющих,complémentaire
20629,complimentary,лестным,no_equality
20630,complimentary,бесплатно,no_equality
20631,complimentary,дополнительных,no_equality
20632,spectrometric,спектрометрический,no_equality
20633,proffers,предлагает,no_equality
20634,contentment,удовлетворенность,satisfaction
20635,contentment,довольствие,no_equality
20636,contentment,удовольствие,satisfaction
20637,contentment,удовольствие,bonheur
20638,foil,фольга,papier d'aluminium
20639,foil,фольга,aluminium
20640,foil,рапира,fleuret
20641,foil,рапиры,no_equality
20642,foil,пленкой,no_equality
20643,foil,помешать,no_equality
20644,chamaeleons,хамелеоны,no_equality
20645,chamaeleons,хамелеонов,no_equality
20646,overstaying,пребывание в стране,no_equality
20647,overstaying,стране после истечения срока,no_equality
20648,overstaying,задержка,no_equality
20649,functions,должностные обязанности,fonction
20650,obliger,обязаны,no_equality
20651,obliger,обязан,no_equality
20652,obliger,обязано,no_equality
20653,obliger,вынуждены,no_equality
20654,obliger,обязана,no_equality
20655,obliger,вынужден,no_equality
20656,obliger,вынуждена,no_equality
20657,obliger,обязывает,oblige
20658,obliger,пришлось,no_equality
20659,obliger,обязанность,no_equality
20660,obliger,обязательство,no_equality
20661,obliger,обязать,no_equality
20662,obliger,обязанным,no_equality
20663,obliger,обязывают,oblige
20664,obliger,необходимым,no_equality
20665,independent,независимый,indépendant
20666,independent,независимый,autonome
20667,independent,независимый,indépendamment
20668,independent,свободный,libre
20669,independent,суверенный,no_equality
20670,independent,беспартийный,no_equality
20671,independent,не зависящий,no_equality
20672,independent,зависящий,no_equality
20673,independent,независимо,no_equality
20674,independent,Индепендент,independent
20675,independent,независимый политик,indépendant
20676,independent,независимый политик,autonome
20677,independent,независимый политик,indépendamment
20678,intromits,в свои,dans ses
20679,intromits,в свои,à ses
20680,intromits,в свои,dans leur
20681,intromits,в свою,dans son
20682,intromits,в свою,dans sa
20683,intromits,в свою,dans leur
20684,intromits,в его,dans son
20685,intromits,в его,dans sa
20686,intromits,в его,dans ses
20687,intromits,в его,à ses
20688,intromits,в его,à son
20689,intromits,в его,à sa
20690,intromits,в его,dans la
20691,intromits,в его,dans l'
20692,intromits,в ее,dans son
20693,intromits,в ее,dans sa
20694,intromits,в ее,dans ses
20695,intromits,в ее,à ses
20696,intromits,в ее,à son
20697,intromits,в ее,à sa
20698,intromits,в ее,dans la
20699,intromits,в ее,dans l'
20700,intromits,на его,dans son
20701,intromits,на его,dans ses
20702,intromits,на его,à ses
20703,intromits,на его,à son
20704,intromits,на его,à sa
20705,intromits,на его,sur ses
20706,intromits,на его,sur sa
20707,intromits,на ее,dans son
20708,intromits,на ее,à ses
20709,intromits,на ее,à son
20710,intromits,на ее,à sa
20711,intromits,на ее,sur ses
20712,intromits,на ее,sur sa
20713,intromits,в свое,dans son
20714,intromits,в свое,dans sa
20715,intromits,в свое,à son
20716,intromits,в свое,à sa
20717,intromits,в свое,dans leur
20718,intromits,при разработке своей,no_equality
20719,intromits,к своей,à son
20720,intromits,к своей,à sa
20721,carcasses,туши,carcasse
20722,carcasses,туш,carcasse
20723,carcasses,тушки,carcasse
20724,carcasses,тушек,carcasse
20725,carcasses,скелеты,carcasse
20726,carcasses,скелеты,cadavre
20727,carcasses,тушам,no_equality
20728,carcasses,трупы,cadavre
20729,carcasses,трупов,cadavre
20730,carcasses,трупами,cadavre
20731,carcasses,скелетов,cadavre
20732,plagiariser,плагиат,no_equality
20733,plagiariser,сплагиатил,no_equality
20734,plagiariser,скопировала,no_equality
20735,plagiariser,списал,no_equality
20736,plagiariser,списала,no_equality
20737,plagiariser,в плагиате,no_equality
20738,heatedly,горячо,no_equality
20739,Sofias,софия,no_equality
20740,Sofias,софийский,no_equality
20741,Sofias,софии,no_equality
20742,Sofias,софию,no_equality
20743,Sofias,софией,no_equality
20744,Sofias,софийской,no_equality
20745,Sofias,софийского,no_equality
20746,Sofias,софья,no_equality
20747,Sofias,софийская,no_equality
20748,Sofias,софийскую,no_equality
20749,Sofias,софийском,no_equality
20750,Sofias,софийских,no_equality
20751,Sofias,софийским,no_equality
20752,Sofias,sofia,no_equality
20753,loather,кожаный,no_equality
20754,loather,кожевенный,no_equality
20755,loather,кожа,no_equality
20756,loather,кожи,no_equality
20757,loather,кожанный,no_equality
20758,loather,кожевенную,no_equality
20759,gripping,захватывающий,no_equality
20760,gripping,охватившего,no_equality
20761,gripping,сжимает,serrer
20762,gripping,сжимал,no_equality
20763,gripping,охвативший,no_equality
20764,gripping,хватаясь,no_equality
20765,gripping,захватывает,passionnant
20766,gripping,хватала,no_equality
20767,severely,серьезно,gravement
20768,severely,серьезно,sévèrement
20769,severely,серьезно,fortement
20770,severely,серьезно,sérieusement
20771,severely,серьезно,durement
20772,severely,серьезно,très
20773,severely,серьезно,considérablement
20774,severely,серьезно,extrêmement
20775,severely,серьезно,grave
20776,severely,сильно,gravement
20777,severely,сильно,fortement
20778,severely,сильно,durement
20779,severely,сильно,très
20780,severely,сильно,considérablement
20781,severely,сильно,lourdement
20782,severely,жестоко,gravement
20783,severely,жестоко,sévèrement
20784,severely,жестоко,durement
20785,severely,жестоко,violemment
20786,severely,жестоко,sauvagement
20787,severely,строго,sévèrement
20788,severely,строго,strictement
20789,severely,резко,gravement
20790,severely,резко,sévèrement
20791,severely,резко,fortement
20792,severely,резко,sérieusement
20793,severely,резко,très
20794,severely,резко,considérablement
20795,severely,крайне,gravement
20796,severely,крайне,fortement
20797,severely,крайне,très
20798,severely,крайне,extrêmement
20799,severely,существенно,gravement
20800,severely,существенно,fortement
20801,severely,существенно,sérieusement
20802,severely,существенно,très
20803,severely,существенно,considérablement
20804,severely,существенно,grandement
20805,severely,сурово,sévèrement
20806,severely,сурово,durement
20807,severely,особо,très
20808,severely,особо,extrêmement
20809,severely,значительно,fortement
20810,severely,значительно,très
20811,severely,значительно,considérablement
20812,severely,значительно,grandement
20813,severely,весьма,fortement
20814,severely,весьма,très
20815,severely,весьма,considérablement
20816,severely,весьма,extrêmement
20817,severely,весьма,grandement
20818,severely,чрезвычайно,très
20819,severely,чрезвычайно,extrêmement
20820,severely,остро,gravement
20821,severely,остро,grave
20822,severely,серьезным образом,gravement
20823,severely,серьезным образом,fortement
20824,severely,серьезным образом,sérieusement
20825,severely,серьезным образом,considérablement
20826,severely,серьезные,no_equality
20827,tight,жесткий,serré
20828,tight,жесткий,strict
20829,tight,жесткий,rigoureux
20830,tight,жесткий,sévère
20831,tight,тугой,serré
20832,tight,тугой,bien
20833,tight,узкий,étroit
20834,tight,тесный,étroit
20835,tight,плотный,serré
20836,tight,сильно,fort
20837,tight,строгий,strict
20838,tight,строгий,rigoureux
20839,tight,строгий,sévère
20840,tight,напряженный,tendu
20841,tight,крепко,fort
20842,tight,крепко,fermement
20843,tight,крепко,serrer
20844,tight,плотно,étroitement
20845,tight,тесно,étroit
20846,tight,тесно,proche
20847,tight,тесно,étroitement
20848,tight,крепче,no_equality
20849,tight,жестко,sévère
20850,tight,близки,proche
20851,tight,непроницаемый,étanche
20852,tight,герметичный,hermétique
20853,coagulated,свернулась,coaguler
20854,coagulated,свернувшаяся,no_equality
20855,coagulated,запекшейся,no_equality
20856,coagulated,свернувшейся,no_equality
20857,encroachment,посягательство,empiétement
20858,encroachment,посягательство,empiètement
20859,encroachment,посягательство,atteinte
20860,encroachment,посягательство,violation
20861,encroachment,вторжение,atteinte
20862,encroachment,вторжение,intrusion
20863,encroachment,вторжение,empiéter
20864,encroachment,вторжение,invasion
20865,encroachment,вмешательства,atteinte
20866,encroachment,вмешательства,ingérence
20867,encroachment,вмешательства,intrusion
20868,canalisation,завершения,no_equality
20869,canalisation,завершение подготовки,no_equality
20870,canalisation,завершение разработки,no_equality
20871,canalisation,завершению подготовки,no_equality
20872,canalisation,завершение работы над,no_equality
20873,canalisation,выработки окончательного варианта,no_equality
20874,decimate,уничтожить,détruire
20875,decimate,проредить,décimer
20876,decimate,истребить,no_equality
20877,decimate,опустошать,no_equality
20878,decimate,истреблять,décimer
20879,decimate,истреблять,détruire
20880,decimate,подкашивать,no_equality
20881,decimate,десятикратно уменьшать,no_equality
20882,decimate,истребляющих,no_equality
20883,Morgans,морганами,no_equality
20884,Morgans,морганы,morgan
20885,Morgans,морганов,no_equality
20886,Morgans,морганам,no_equality
20887,scents,запахов,senteur
20888,scents,запахов,odeur
20889,scents,запахи,odeur
20890,scents,ароматы,parfum
20891,scents,ароматы,odeur
20892,scents,ароматы,arôme
20893,scents,ароматы,saveur
20894,scents,ароматов,saveur
20895,scents,духи,parfum
20896,scents,ароматами,no_equality
20897,pulsates,пульсирует,palpite
20898,adjudged,признан,no_equality
20899,adjudged,признанное,no_equality
20900,moaning,стон,gémissement
20901,moaning,стонет,no_equality
20902,moaning,нытьё,gémir
20903,moaning,нытьё,râler
20904,moaning,нытьё,geindre
20905,moaning,нытьё,se plaindre
20906,moaning,ныть,geindre
20907,moaning,ныть,te plaindre
20908,moaning,ныть,se plaindre
20909,moaning,стонать,no_equality
20910,moaning,стонала,gémissais
20911,moaning,стонал,no_equality
20912,moaning,стонешь,no_equality
20913,moaning,стенания,no_equality
20914,moaning,стенаний,no_equality
20915,moaning,ноют,no_equality
20916,moaning,жаловаться,no_equality
20917,moaning,плакса,no_equality
20918,moaning,мрачная,no_equality
20919,ratiocinative,умозаключение,raisonnement
20920,straightforwardly,прямо,no_equality
20921,straightforwardly,откровенно,sans détour
20922,cleanings,чисток,no_equality
20923,necessitous,нуждающийся,nécessiteux
20924,melded,объединены,no_equality
20925,emigrating,эмиграция,émigration
20926,simulation,моделирование,simulation
20927,simulation,моделирование,modélisation
20928,simulation,симуляция,simulation
20929,simulation,имитация,simulation
20930,simulation,имитация,imitation
20931,simulation,имитационных,simulation
20932,simulation,имитационные,simulation
20933,simulation,модель,simulation
20934,simulation,модель,modélisation
20935,simulation,симулятор,simulation
20936,simulation,симулятор,simulateur
20937,simulation,имитационное,simulation
20938,omit,опустить,no_equality
20939,omit,исключить,supprimer
20940,omit,исключить,exclure
20941,omit,упустить,négliger
20942,omit,пропустить,no_equality
20943,omit,опускать,omettre
20944,omit,пропускать,no_equality
20945,omit,опускаться,no_equality
20946,omit,включать,no_equality
20947,omit,игнорировать,no_equality
20948,omit,не включать,omettre
20949,omit,исключать,supprimer
20950,omit,исключать,exclure
20951,protests,протесты,manifestation
20952,protests,протесты,protestation
20953,protests,протестов,manifestation
20954,protests,протестов,protestation
20955,protests,протестов,contestation
20956,protests,протестов,rassemblement
20957,protests,акций протеста,protestation
20958,protests,акций протеста,manifestant
20959,protests,протестами,protestation
20960,protests,протестами,manifestant
20961,protests,протестами,protester
20962,protests,протестами,manifesté
20963,protests,протестах,manifestation
20964,protests,протестах,protestation
20965,protests,протестам,manifestation
20966,protests,протестам,protestation
20967,protests,протестам,contestation
20968,protests,демонстрации протеста,manifestation
20969,protests,демонстрации протеста,protestation
20970,protests,демонстрации протеста,manifesté
20971,protests,протест,manifestation
20972,protests,протест,protestation
20973,protests,протест,contestation
20974,protests,протест,protester
20975,protests,протест,manifester
20976,protests,акциях протеста,manifestation
20977,protests,акциях протеста,protestation
20978,protests,демонстраций,manifestation
20979,protests,демонстраций,manifestant
20980,protests,протестных акций,no_equality
20981,protests,демонстрациях,manifestation
20982,protests,протестующих,no_equality
20983,protests,протестных выступлений,no_equality
20984,protests,опротестования,no_equality
20985,Jungs,легкие,no_equality
20986,Jungs,легких,no_equality
20987,Jungs,легкими,no_equality
20988,Jungs,легким,no_equality
20989,Jungs,легкое,no_equality
20990,Jungs,лєгких,no_equality
20991,Jungs,горло,no_equality
20992,Jungs,глотку,no_equality
20993,liberators,освободителей,no_equality
20994,liberators,освободителями,libérateur
20995,liberators,освободители,libérateur
20996,liberators,освободителях,libérateur
20997,founded,основанный,no_equality
20998,founded,образовавшийся,no_equality
20999,founded,учрежден,fondé
21000,founded,учрежден,créé
21001,founded,заложенный,no_equality
21002,founded,организованный,no_equality
21003,founded,учредивший,no_equality
21004,founded,обоснованный,no_equality
21005,subsumes,включает,englobe
21006,subsumes,входят,no_equality
21007,subsumes,включены,no_equality
21008,hanger,вешалка,cintre
21009,hanger,ангаре,hangar
21010,hanger,хенгер,no_equality
21011,presenter,докладчик,présentateur
21012,presenter,докладчик,conférencier
21013,presenter,докладчик,intervenant
21014,presenter,докладчик,orateur
21015,presenter,ведущий,présentateur
21016,presenter,ведущий,animateur
21017,presenter,ведущая,présentateur
21018,presenter,ведущая,animateur
21019,presenter,выступавший,intervenant
21020,presenter,выступавший,orateur
21021,presenter,оратор,intervenant
21022,presenter,оратор,orateur
21023,presenter,выступающий,orateur
21024,educationalists,женщин-педагогов,no_equality
21025,educationalists,педагоги,éducateur
21026,educationalists,воспитателей,éducateur
21027,educationalists,воспитателей,éducatrices
21028,educationalists,работников системы образования,éducateur
21029,educationalists,просветителей,éducateur
21030,educationalists,педагогами-методистами,pédagogue
21031,educationalists,педагогами-методистами,éducateur
21032,educationalists,женщин-преподавателей,no_equality
21033,nacelles,гондол двигателей,no_equality
21034,nacelles,гондолах двигателей,no_equality
21035,drunkards,пьяниц,ivrogne
21036,drunkards,пьяниц,alcoolique
21037,drunkards,пьяницы,ivrogne
21038,drunkards,алкаши,ivrogne
21039,drunkards,пьянчуги,ivrogne
21040,drunkards,алкашей,no_equality
21041,drunkards,алкоголики,no_equality
21042,astronomy,астрономия,astronomie
21043,astronomy,астрономический,no_equality
21044,strategy,стратегия,stratégie
21045,strategy,стратегия,stratégique
21046,strategy,стратегия,strategy
21047,strategy,стратегия,politique
21048,strategy,стратегический,no_equality
21049,centralize,централизации,no_equality
21050,centralize,централизовать,centraliser
21051,centralize,централизовать,centralisation
21052,centralize,обобщать,centraliser
21053,centralize,централизацию,no_equality
21054,centralize,централизованного сбора,centraliser
21055,centralize,централизованном порядке,centraliser
21056,centralize,централизация,no_equality
21057,centralize,централизованно,no_equality
21058,yams,ямс,igname
21059,yams,батат,igname
21060,yams,батат,patate douce
21061,yams,сладкий картофель,igname
21062,yams,сладкий картофель,patate douce
21063,yams,ямса,no_equality
21064,yams,бататы,no_equality
21065,yams,ям,no_equality
21066,yams,ямы,no_equality
21067,yams,ямсов,no_equality
21068,yams,батата,patates douces
21069,yams,батата,patate douce
21070,yams,ямсы,no_equality
21071,yams,яйцам,no_equality
21072,yams,бататом,no_equality
21073,yams,бататов,no_equality
21074,yams,ямсом,no_equality
21075,yams,ямов,no_equality
21076,Lithuanians,литовцев,no_equality
21077,Lithuanians,литовцы,no_equality
21078,Lithuanians,литовцами,no_equality
21079,Lithuanians,литовцам,no_equality
21080,Lithuanians,жителей литвы,lituanien
21081,Lithuanians,граждан литвы,lituanien
21082,society,общество,société
21083,society,общество,corps social
21084,society,общество,social
21085,society,общество,society
21086,society,общество,compagnie
21087,society,общество,association
21088,society,общественность,société
21089,society,общественность,population
21090,society,светский,no_equality
21091,shortening,сокращение,raccourcissement
21092,shortening,сокращение,réduction
21093,shortening,сокращение,diminution
21094,shortening,укорачивание,no_equality
21095,shortening,шортенинг,no_equality
21096,shortening,укорачивающий,no_equality
21097,shortening,сокращающийся,no_equality
21098,degradation,деградация,dégradation
21099,degradation,деградация,détérioration
21100,degradation,разложение,dégradation
21101,degradation,разложение,décomposition
21102,degradation,разложение,dégrade
21103,degradation,разрушения,dégradation
21104,degradation,разрушения,détérioration
21105,degradation,разрушение,dégradation
21106,degradation,ухудшения состояния,dégradation
21107,degradation,ухудшения состояния,détérioration
21108,degradation,ухудшению состояния,détérioration
21109,degradation,распада,dégradation
21110,degradation,распада,décomposition
21111,degradation,унижения,avilissement
21112,degradation,упадок,dégradation
21113,degradation,упадок,détérioration
21114,degradation,среде,no_equality
21115,degradation,ухудшении состояния,dégradation
21116,degradation,ухудшении состояния,détérioration
21117,degradation,истощения,no_equality
21118,degradation,распаду,no_equality
21119,scapula,лопатка,omoplate
21120,scapula,лопаткой,no_equality
21121,scapula,лопаточная,no_equality
21122,scapula,мясо лопаточной кости,omoplate
21123,microbiologists,микробиологов,no_equality
21124,microbiologists,микробиологи,no_equality
21125,catalytically,каталитически,catalyseur
21126,electromagnetism,электромагнетизм,électromagnétisme
21127,supporters,сторонников,partisan
21128,supporters,сторонников,supporter
21129,supporters,сторонников,sympathisant
21130,supporters,сторонников,défenseur
21131,supporters,сторонников,militant
21132,supporters,сторонников,tenant
21133,supporters,сторонников,adepte
21134,supporters,сторонников,soutiennent
21135,supporters,сторонников,allié
21136,supporters,сторонники,partisan
21137,supporters,сторонники,supporter
21138,supporters,сторонники,sympathisant
21139,supporters,сторонники,défenseur
21140,supporters,сторонники,militant
21141,supporters,сторонниками,partisan
21142,supporters,сторонниками,sympathisant
21143,supporters,сторонниками,défenseur
21144,supporters,сторонникам,no_equality
21145,supporters,болельщиков,supporter
21146,supporters,пособников,partisan
21147,supporters,пособников,sympathisant
21148,supporters,пособников,allié
21149,supporters,поддерживают,soutiennent
21150,supporters,поддерживают,soutien
21151,supporters,поддерживают,appuient
21152,supporters,спонсоров,donateur
21153,supporters,приверженцев,partisan
21154,supporters,приверженцев,sympathisant
21155,supporters,приверженцев,adepte
21156,supporters,приверженцев,adhérent
21157,supporters,поддерживающих,no_equality
21158,supporters,кто их поддерживает,no_equality
21159,supporters,болельщикам,no_equality
21160,supporters,болельщики,supporter
21161,supporters,пособники,no_equality
21162,supporters,болельщиками,no_equality
21163,insistencies,настояние,no_equality
21164,insistencies,настойчивость,no_equality
21165,insistencies,настаивает,no_equality
21166,insistencies,настаивают,no_equality
21167,insistencies,упорство,no_equality
21168,insistencies,настаивание,no_equality
21169,insistencies,требовательность,no_equality
21170,insistencies,настойчивое стремление,no_equality
21171,insistencies,настаивал,no_equality
21172,insistencies,настойчивое требование,no_equality
21173,insistencies,настаивали,no_equality
21174,insistencies,упорное стремление,no_equality
21175,insistencies,настойчивые требования,no_equality
21176,insistencies,стремления,no_equality
21177,columnar,столбчатый,no_equality
21178,columnar,колоннообразный,no_equality
21179,columnar,колонный,no_equality
21180,columnar,колончатый,no_equality
21181,archetypal,типичный,typique
21182,archetypal,архетипический,no_equality
21183,archetypal,первичный,no_equality
21184,archetypal,исконный,no_equality
21185,moocher,попрошайка,no_equality
21186,moocher,милли,no_equality
21187,moocher,попрошайки,no_equality
21188,deforming,деформации,déformation
21189,deforming,искажение,déformation
21190,deforming,деформация,déformation
21191,lacunas,пробелов,lacune
21192,degrading,оскорбительный,no_equality
21193,degrading,унижающий,no_equality
21194,degrading,деградирующий,no_equality
21195,degrading,разлагающий,no_equality
21196,degrading,деградация,no_equality
21197,degrading,унижение,no_equality
21198,initializes,инициализирует,no_equality
21199,explosives,взрывчатых веществ,explosif
21200,explosives,взрывчатых веществ,matières explosives
21201,explosives,взрывчатые вещества,explosif
21202,explosives,взрывчатые вещества,matières explosives
21203,explosives,взрывчатыми веществами,explosif
21204,explosives,взрывчатки,explosif
21205,explosives,взрывчатку,explosif
21206,explosives,взрывчатка,no_equality
21207,explosives,взрывчаткой,explosif
21208,explosives,взрывных устройств,no_equality
21209,explosives,взрывчатым веществам,explosif
21210,explosives,взрывные устройства,no_equality
21211,explosives,взрывчатке,explosif
21212,explosives,средств взрывания,explosif
21213,explosives,вв,explosif
21214,explosives,взрывчатого вещества,explosif
21215,explosives,взрывов,no_equality
21216,positions,позиции,no_equality
21217,positions,должности,position
21218,positions,должности,poste
21219,positions,должности,fonction
21220,positions,должностей,poste
21221,positions,должностей,fonction
21222,positions,должностей,emploi
21223,positions,должностях,poste
21224,positions,должностях,fonction
21225,positions,должностях,emploi
21226,positions,позициях,position
21227,positions,посты,position
21228,positions,посты,poste
21229,positions,посты,fonction
21230,positions,посты,emploi
21231,positions,позицию,position
21232,positions,позицию,poste
21233,positions,позицию,place
21234,positions,позициям,position
21235,positions,позициями,position
21236,positions,постах,position
21237,positions,постах,poste
21238,positions,постах,fonction
21239,positions,должностям,poste
21240,positions,должностям,fonction
21241,positions,постов,position
21242,positions,постов,poste
21243,positions,постов,fonction
21244,positions,положение,position
21245,positions,положение,situation
21246,positions,положение,place
21247,positions,сотрудников,poste
21248,positions,положения,position
21249,positions,положения,situation
21250,households,бытовые потребители,no_equality
21251,peaky,заточенные,no_equality
21252,peaky,заточенных,no_equality
21253,peaky,бледным,no_equality
21254,peaky,измождённый,no_equality
21255,peaky,острых козырьков,no_equality
21256,smartly,ловко,astucieusement
21257,smartly,изящно,élégamment
21258,smartly,энергично,no_equality
21259,smartly,аккуратно,soigneusement
21260,smartly,живо,no_equality
21261,inspired,вдохновил,no_equality
21262,inspired,вдохновила,no_equality
21263,inspired,вдохновили,no_equality
21264,inspired,вдохновило,no_equality
21265,inspired,вдохновлен,no_equality
21266,inspired,вдохновляет,no_equality
21267,inspired,вдохновение,no_equality
21268,inspired,вдохновляли,no_equality
21269,inspired,вдохновлял,no_equality
21270,inspired,вдохновляют,no_equality
21271,inspired,вдохновлены,no_equality
21272,inspired,вдохновленная,no_equality
21273,inspired,вдохновляла,no_equality
21274,inspired,вдохновлена,no_equality
21275,inspired,вдохновенный,no_equality
21276,ovarian,яичников,ovarien
21277,ovarian,яичников,ovaire
21278,ovarian,яичников,l'ovaire
21279,ovarian,яичника,ovarien
21280,ovarian,яичника,ovaire
21281,ovarian,матки,no_equality
21282,ovarian,яичнике,no_equality
21283,ovarian,овариальной,no_equality
21284,ovarian,овариальное,no_equality
21285,ovarian,овариальных,no_equality
21286,ovarian,яичниковой,no_equality
21287,guidances,руководств,lignes directrices
21288,guidances,руководств,guide
21289,virologists,вирусологи,no_equality
21290,hospitalities,гостеприимство,hospitalité
21291,tokens,жетоны,jeton
21292,tokens,жетонов,jeton
21293,tokens,маркеры,marqueur
21294,tokens,жетонами,jeton
21295,tokens,фишки,jeton
21296,tokens,знаки,no_equality
21297,tokens,символы,signe
21298,tokens,символы,symbole
21299,tokens,маркеров,marqueur
21300,tokens,жетона,no_equality
21301,tokens,талоны на,coupon
21302,tokens,паролей,no_equality
21303,tokens,фишек,jeton
21304,tokens,трофеи,no_equality
21305,tokens,ключей,no_equality
21306,tokens,лексем,no_equality
21307,housemates,соседи,colocataire
21308,housemates,жильцов,no_equality
21309,housemates,жильцы,no_equality
21310,housemates,соседями,colocataire
21311,housemates,соседей,colocataire
21312,twenties,двадцатые,no_equality
21313,twenties,двадцатки,billets de 20
21314,twenties,двадцатками,no_equality
21315,twenties,двадцатых годов,années 20
21316,twenties,лет двадцати,vingtaine
21317,twenties,двадцать лет,20 ans
21318,twenties,двадцать лет,vingt ans
21319,twenties,двадцатилетние,no_equality
21320,twenties,20-х годов,no_equality
21321,twenties,20-е,no_equality
21322,twenties,старше 20 лет,no_equality
21323,twenties,около двадцати,vingtaine
21324,twenties,возрасте от 20 до 30 лет,no_equality
21325,twenties,за двадцать,no_equality
21326,twenties,возрасте от 20 до 29 лет,no_equality
21327,twenties,возрасте 20,no_equality
21328,papists,папистов,papiste
21329,worthily,достойно,dignement
21330,roofed,крытый,no_equality
21331,roofed,с крышей,no_equality
21332,adoptive,приемная,no_equality
21333,adoptive,приемных,adoptif
21334,adoptive,приемные,adoptif
21335,adoptive,приёмный,adopté
21336,adoptive,усыновлению,no_equality
21337,adoptive,приемному,no_equality
21338,adoptive,случаю усыновления ребенка,no_equality
21339,adoptive,усыновителями,no_equality
21340,adoptive,усыновлением,no_equality
21341,adoptive,усыновление,no_equality
21342,Tasmania,тасмании,tasmanie
21343,Tasmania,тасмания,tasmanie
21344,Tasmania,тасманию,no_equality
21345,rubrics,рубрики,rubrique
21346,rubrics,рубриках,no_equality
21347,chorister,певчий,no_equality
21348,chorister,регент,no_equality
21349,chorister,хористом,no_equality
21350,chorister,хоровым,no_equality
21351,maligning,очернения,no_equality
21352,maligning,клевета,calomnie
21353,obscene,непристойный,obscène
21354,obscene,непристойный,indécent
21355,obscene,грязный,no_equality
21356,obscene,порнографический,no_equality
21357,obscene,нецензурный,no_equality
21358,obscene,обсценный,no_equality
21359,obscene,пошлый,no_equality
21360,aches,болит,douleur
21361,aches,болит,mal
21362,aches,болит,souffre
21363,aches,болит,me fait mal
21364,aches,боли,douleur
21365,aches,боль,douleur
21366,aches,болеет,no_equality
21367,aches,мати,no_equality
21368,aches,ноет,no_equality
21369,aches,бьется,no_equality
21370,aches,болеть,no_equality
21371,aches,болячках,no_equality
21372,aches,мышцах,no_equality
21373,whimpers,скулит,no_equality
21374,whimpers,хнычет,no_equality
21375,whimpers,всхлипывает,no_equality
21376,whimpers,хныкает,no_equality
21377,whimpers,выводится,no_equality
21378,badgers,барсуки,blaireau
21379,badgers,барсуков,blaireau
21380,badgers,барсуками,no_equality
21381,falling,падающий,no_equality
21382,falling,опускающийся,no_equality
21383,falling,понижающийся,no_equality
21384,falling,выпадающий,no_equality
21385,falling,спадающий,no_equality
21386,falling,подпадающий,no_equality
21387,falling,павший,no_equality
21388,falling,обрушивающийся,no_equality
21389,falling,нисходящий,descendant
21390,falling,понижение,diminution
21391,falling,выпадение,no_equality
21392,ageds,в возрасте,no_equality
21393,ageds,в возрасте от,no_equality
21394,ageds,лет,an
21395,ageds,возраст,vieux
21396,ageds,престарелый,no_equality
21397,ageds,старше,no_equality
21398,ageds,до,no_equality
21399,ageds,пожилых людей,personnes âgées
21400,ageds,пожилых людей,vieillissement
21401,ageds,возрастной группе,no_equality
21402,ageds,достигшие,no_equality
21403,ageds,постарел,no_equality
21404,ageds,исполнилось,no_equality
21405,ageds,достигших,no_equality
21406,ageds,пожилые люди,personnes âgées
21407,ageds,пожилым людям,no_equality
21408,percussor,перкуссор,no_equality
21409,percussor,перкуссором,no_equality
21410,shanking,избиения,no_equality
21411,cubs,детенышей,petit
21412,cubs,детёныши,no_equality
21413,cubs,медвежат,no_equality
21414,cubs,скаутов,louveteau
21415,cubs,львят,no_equality
21416,cubs,"""кабс""",no_equality
21417,cubs,детенышами,no_equality
21418,cubs,щенками,no_equality
21419,cubs,потомство,no_equality
21420,cubs,щенят,no_equality
21421,cubs,медвежатам,no_equality
21422,cubs,бейсбольную,no_equality
21423,cubs,кабз,cubs
21424,cubs,малышей,petit
21425,cubs,малышей,bébé
21426,cubs,детёныша,ourson
21427,cubs,детёныша,bébé
21428,nanoseconds,наносекунд,nanoseconde
21429,nanoseconds,наносекундах,no_equality
21430,sequester,секвестр,no_equality
21431,sequester,поглощение,séquestration
21432,sequester,изолировать,séquestrer
21433,sequester,изолировать,isoler
21434,sequester,секвестрации,no_equality
21435,sequester,удержанию,no_equality
21436,sequester,связывания,no_equality
21437,sequester,поместите,no_equality
21438,wrapper,обёртка,emballage
21439,wrapper,упаковщик,emballeur
21440,wrapper,упаковка,emballage
21441,wrapper,фантик,no_equality
21442,wrapper,халат,no_equality
21443,wrapper,обертку,no_equality
21444,wrapper,обертки от,emballage
21445,wrapper,оберткой,no_equality
21446,wrapper,упаковщику,no_equality
21447,wrapper,бумажку,papier
21448,wrapper,wrapper,no_equality
21449,wrapper,оболочки,no_equality
21450,wrapper,презерватива,no_equality
21451,dilatation,расширение,dilatation
21452,dilatation,дилатация,no_equality
21453,dilatation,растяжение,no_equality
21454,dilatation,дилатационный,no_equality
21455,hastening,ускорение,accélérer
21456,hastening,ускорение,accélération
21457,hastening,ускорение,hâter
21458,hastening,ускорение,accélérant
21459,hastening,ускорить,accélérer
21460,hastening,ускоряя,accélérant
21461,hastening,деле ускорения,no_equality
21462,hastening,ускорению процесса,hâter
21463,hastening,спешит,no_equality
21464,addition,дополнение,outre
21465,addition,дополнение,ajout
21466,addition,дополнение,ajoute
21467,addition,дополнение,complément
21468,addition,дополнение,supplément
21469,addition,дополнение,complémentaire
21470,addition,добавление,outre
21471,addition,добавление,ajout
21472,addition,добавление,addition
21473,addition,добавление,adjonction
21474,addition,добавление,ajoute
21475,addition,добавление,supplément
21476,addition,включение,no_equality
21477,addition,добавка,complément
21478,addition,добавка,supplément
21479,addition,также,no_equality
21480,addition,не только,no_equality
21481,addition,вместе,no_equality
21482,addition,добавив,adjonction
21483,addition,добавлены,no_equality
21484,addition,дополнительный,no_equality
21485,addition,пополнение,ajout
21486,addition,сложение,addition
21487,addition,прибавление,no_equality
21488,addition,присоединение,adjonction
21489,phylogeny,филогения,no_equality
21490,whittling,уменьшение,no_equality
21491,whittling,строгать,no_equality
21492,whittling,резьбой по дереву,no_equality
21493,whittling,строгаешь,no_equality
21494,buckeyes,огайо,no_equality
21495,pilous,пилотов,no_equality
21496,pilous,пилоты,no_equality
21497,pilous,экспериментальных проектов,no_equality
21498,pilous,летчиков,no_equality
21499,pilous,летчики,no_equality
21500,pilous,пилотам,no_equality
21501,pilous,экспериментальные проекты,no_equality
21502,pilous,пилота,no_equality
21503,pilous,пилотами,no_equality
21504,pilous,летчиками,no_equality
21505,pilous,пилотных проектов,no_equality
21506,pilous,экспериментальных проектах,no_equality
21507,pilous,пилот,no_equality
21508,pilous,лоцманов,no_equality
21509,pilous,пилотах,no_equality
21510,protuberant,выпуклый,no_equality
21511,immature,незрелый,immature
21512,immature,незрелый,maturité
21513,immature,незрелый,puéril
21514,immature,инфантильный,puéril
21515,immature,по-детски,immature
21516,immature,по-детски,puéril
21517,immature,по-детски,gamin
21518,immature,незрелость,no_equality
21519,immature,недоразвитые,no_equality
21520,immature,как ребенок,no_equality
21521,inflater,завышенным,no_equality
21522,inflater,завышены,no_equality
21523,inflater,завышенных,no_equality
21524,inflater,завышенными,no_equality
21525,inflater,завышенные,no_equality
21526,inflater,завышена,no_equality
21527,inflater,раздутое,no_equality
21528,inflater,завышенной,no_equality
21529,inflater,раздутые,no_equality
21530,inflater,надут,no_equality
21531,inflater,раздутых,no_equality
21532,inflater,раздуто,no_equality
21533,inflater,накачивают,no_equality
21534,inflater,завышение,no_equality
21535,inflater,накачаны,no_equality
21536,frustrative,разочарование,no_equality
21537,frustrative,отчаяние,no_equality
21538,frustrative,недовольство,no_equality
21539,frustrative,неудовлетворённость,no_equality
21540,frustrative,фрустрация,no_equality
21541,frustrative,разочарованность,no_equality
21542,frustrative,расстройство,no_equality
21543,frustrative,неудовлетворение,no_equality
21544,frustrative,расстройства,no_equality
21545,frustrative,раздражение,no_equality
21546,frustrative,беспокойство,no_equality
21547,frustrative,безысходность,no_equality
21548,frustrative,крах,no_equality
21549,frustrative,крушение,no_equality
21550,frustrative,прострация,no_equality
21551,frustrative,неудовлетворенности,no_equality
21552,frustrative,чувство безысходности,no_equality
21553,frustrative,досаду,no_equality
21554,magistrates,магистратов,magistrat
21555,magistrates,магистратов,magistrature
21556,magistrates,магистратов,magistrates
21557,magistrates,магистраты,magistrat
21558,magistrates,мировых судей,magistrat
21559,magistrates,мировых судей,juge
21560,magistrates,мировых судей,magistrature
21561,magistrates,судьи,magistrat
21562,magistrates,судьи,juge
21563,magistrates,магистратами,magistrat
21564,magistrates,магистратских,no_equality
21565,magistrates,судьями,magistrat
21566,magistrates,судьями,juge
21567,magistrates,судьями,magistrates
21568,magistrates,магистратуры,magistrature
21569,magistrates,магистратам,no_equality
21570,magistrates,магистрата,magistrat
21571,magistrates,судьям,juge
21572,magistrates,судебных работников,magistrat
21573,magistrates,судебных работников,juge
21574,magistrates,судебных работников,magistrature
21575,magistrates,судов,no_equality
21576,magistrates,магистрат,magistrat
21577,magistrates,магистрат,juge
21578,magistrates,женщин-магистратов,magistrat
21579,magistrates,женщин-магистратов,magistrature
21580,magistrates,женщин-магистратов,magistrates
21581,degradations,деградации,dégradation
21582,tiles,плитки,carreau
21583,tiles,плитки,tuile
21584,tiles,плитки,carrelage
21585,tiles,плитку,carreau
21586,tiles,плитку,tuile
21587,tiles,плитку,carrelage
21588,tiles,плиток,carreau
21589,tiles,плиток,tuile
21590,tiles,плиток,dalle
21591,tiles,плитка,carreau
21592,tiles,плитка,carrelage
21593,tiles,плитка,dalle
21594,tiles,плиткой,no_equality
21595,tiles,кафель,no_equality
21596,tiles,черепицы,tuile
21597,tiles,черепицу,no_equality
21598,tiles,плиткам,no_equality
21599,tiles,черепицей,no_equality
21600,tiles,квадратики,no_equality
21601,tiles,плитке,tuile
21602,tiles,плитке,carrelage
21603,pleased,рад,no_equality
21604,pleased,довольный,heureux
21605,pleased,довольный,content
21606,pleased,довольный,satisfait
21607,pleased,с удовлетворением,no_equality
21608,pleased,рада,no_equality
21609,pleased,приятно,no_equality
21610,pleased,удовлетворены тем,no_equality
21611,pleased,с удовольствием,no_equality
21612,pleased,удовлетворена тем,no_equality
21613,pleased,с радостью,no_equality
21614,pleased,удовлетворен тем,satisfait
21615,pleased,выражает удовлетворение,no_equality
21616,pleased,радует,no_equality
21617,pleased,отрадно,no_equality
21618,pleased,честь,no_equality
21619,pleased,с готовностью,no_equality
21620,qualitative,качественный,qualitatif
21621,qualitative,качественный,qualité
21622,suns,солнц,soleil
21623,suns,солнца,soleil
21624,suns,солнцами,soleil
21625,condense,конденсироваться,no_equality
21626,condense,сжать,condenser
21627,condense,сгущаться,no_equality
21628,condense,конденсации,no_equality
21629,condense,конденсируются,no_equality
21630,datelined,содержать сообщения,no_equality
21631,countermanding,отмена,no_equality
21632,confiding,доверительный,no_equality
21633,confiding,доверчивый,confiant
21634,confiding,доверие,no_equality
21635,dinner,ужин,dîner
21636,dinner,ужин,souper
21637,dinner,ужин,repas
21638,dinner,ужин,restaurant
21639,dinner,ужин,déjeuner
21640,dinner,ужин,soirée
21641,dinner,ужин,repas du soir
21642,dinner,ужин,dinner
21643,dinner,ужин,à manger
21644,dinner,ужин,mangé
21645,dinner,ужин,on mange
21646,dinner,обед,dîner
21647,dinner,обед,souper
21648,dinner,обед,repas
21649,dinner,обед,table
21650,dinner,обед,déjeuner
21651,dinner,обед,on mange
21652,dinner,обед,dîne
21653,dinner,ресторан,no_equality
21654,dinner,еда,repas
21655,dinner,еда,table
21656,dinner,еда,on mange
21657,dinner,поужинаем,dîner
21658,dinner,ужинал,dîner
21659,dinner,обеденный,no_equality
21660,dinner,пообедаем,dîner
21661,dinner,пообедаем,déjeuner
21662,dinner,обедал,dîner
21663,dinner,обедал,déjeuner
21664,dinner,ресторане,dîner
21665,dinner,столу,no_equality
21666,dinner,ужинаете,dîner
21667,dinner,банкет,no_equality
21668,dinner,корм,no_equality
21669,dinner,вместе,no_equality
21670,orbiting,орбитальный,no_equality
21671,orbiting,на орбите,sur orbite
21672,orbiting,вращающихся вокруг,no_equality
21673,orbiting,орбиты,no_equality
21674,orbiting,орбитальными,no_equality
21675,orbiting,вращающейся вокруг,no_equality
21676,orbiting,орбитах,no_equality
21677,orbiting,вращаются,no_equality
21678,orbiting,на орбиту,sur orbite
21679,orbiting,которая вращается вокруг,no_equality
21680,orbiting,вращаться вокруг,no_equality
21681,orbiting,вращающиеся вокруг,no_equality
21682,categorical,категорический,catégorique
21683,categorical,безусловный,no_equality
21684,categorical,безапелляционный,no_equality
21685,categorical,адресный,no_equality
21686,categorical,категорически,no_equality
21687,inaudible,неразборчиво,inaudible
21688,inaudible,ника,no_equality
21689,corruption,коррупция,corruption
21690,corruption,коррумпированность,corruption
21691,corruption,подкуп,corruption
21692,corruption,коррупционных,corruption
21693,corruption,коррупционные,corruption
21694,corruption,коррупционными,corruption
21695,corruption,коррупционным,corruption
21696,corruption,коррупционного,no_equality
21697,corruption,коррупционной,corruption
21698,corruption,коррупционный,no_equality
21699,corruption,растление,détournement
21700,corruption,взяточничество,corruption
21701,corruption,развращение,no_equality
21702,corruption,взятки,corruption
21703,corruption,взятки,corrompu
21704,corruption,разложения,no_equality
21705,FAS,ФАС,no_equality
21706,reciting,читать,réciter
21707,reciting,чтение,no_equality
21708,reciting,читали,no_equality
21709,reciting,читает,récite
21710,reciting,декламации,no_equality
21711,reciting,цитируешь,no_equality
21712,reciting,стихи,no_equality
21713,reciting,зачитав,no_equality
21714,reciting,читая,no_equality
21715,reciting,декламируя,no_equality
21716,reciting,декламацию,no_equality
21717,tidbits,лакомые кусочки,no_equality
21718,tidbits,новостей,no_equality
21719,deserts,пустынь,désert
21720,deserts,пустыни,désert
21721,deserts,пустыни,désertique
21722,deserts,пустынях,désert
21723,deserts,пустынями,no_equality
21724,deserts,пустыне,désertique
21725,commutations,случаев замены,no_equality
21726,commutations,начислении,no_equality
21727,commutations,начислять,no_equality
21728,commutations,начисления,no_equality
21729,electors,электорат,électorat
21730,impartial,беспристрастный,impartial
21731,impartial,беспристрастный,impartialité
21732,impartial,объективный,impartial
21733,impartial,объективный,objectivité
21734,impartial,непредвзятый,impartial
21735,impartial,беспристрастность,no_equality
21736,impartial,нейтральных,neutre
21737,impartial,беспристрастен,no_equality
21738,impartial,нейтральные,neutre
21739,impartial,нелицеприятный,no_equality
21740,impartial,независимым,indépendant
21741,impartial,нейтральными,neutre
21742,Ghanian,ганы,ghanéen
21743,nutrients,питательных веществ,nutriment
21744,nutrients,питательных веществ,éléments nutritifs
21745,nutrients,питательных веществ,substances nutritives
21746,nutrients,питательные вещества,nutriment
21747,nutrients,питательные вещества,éléments nutritifs
21748,nutrients,питательными веществами,éléments nutritifs
21749,nutrients,питательных элементов,nutriment
21750,nutrients,питательных элементов,éléments nutritifs
21751,nutrients,биогенных веществ,éléments nutritifs
21752,nutrients,биогенные вещества,nutriment
21753,nutrients,питательными элементами,nutriment
21754,nutrients,питательные элементы,no_equality
21755,nutrients,нутриентов,no_equality
21756,nutrients,биогенных веществах,no_equality
21757,nutrients,питательных веществах,no_equality
21758,conforms,соответствует,respecte
21759,conforms,соответствует,répond
21760,conforms,соответствует,satisfait
21761,conforms,соответствия,soient conformes
21762,conforms,отвечает,correspond
21763,conforms,отвечает,répond
21764,conforms,отвечает,satisfait
21765,conforms,соответствовал,no_equality
21766,conforms,соответствовало,conformément
21767,conforms,согласуется,no_equality
21768,conforms,соответствие,conformité
21769,perfected,усовершенствованный,perfectionné
21770,perfected,усовершенствованный,amélioré
21771,perfected,отточенный,no_equality
21772,perfected,завершенный,no_equality
21773,perfected,совершенствуемый,no_equality
21774,stickling,отстаивание,no_equality
21775,Azerbaijan,азербайджан,azerbaïdjan
21776,Azerbaijan,азербайджанский,azerbaïdjan
21777,Azerbaijan,азербайджана,azerbaïdjan
21778,Azerbaijan,азербайджана,azerbaïdjanais
21779,Azerbaijan,азербайджана,azéri
21780,Azerbaijan,азербайджана,azerbaijan
21781,Azerbaijan,азербайджане,azerbaïdjan
21782,Azerbaijan,азербайджаном,azerbaïdjan
21783,Azerbaijan,азербайджану,azerbaïdjan
21784,Azerbaijan,стране,pays
21785,Azerbaijan,страны,pays
21786,Azerbaijan,страны,république
21787,Azerbaijan,ар,azerbaïdjan
21788,Azerbaijan,армении,arménie
21789,prognosis,прогноз,pronostic
21790,prognosis,прогноз,prévision
21791,prognosis,прогноз,diagnostic
21792,prognosis,прогноз,pronostique
21793,prognosis,прогноз,prédiction
21794,prognosis,прогноз,perspective
21795,prognosis,прогнозирования,prévision
21796,prognosis,прогнозирования,prédiction
21797,holding,проведение,tenue
21798,holding,проведение,organisation
21799,holding,проведение,déroulement
21800,holding,держу,no_equality
21801,holding,холдинг,holding
21802,holding,привлечение,participation
21803,holding,удержания,rétention
21804,holding,удержания,maintenir
21805,holding,удержания,retenir
21806,holding,владение,détention
21807,holding,владение,possession
21808,holding,держит,tenir
21809,holding,провести,no_equality
21810,holding,держал,tenant
21811,holding,содержания,no_equality
21812,holding,проводить,no_equality
21813,holding,держать,no_equality
21814,holding,проводит,no_equality
21815,holding,держишь,no_equality
21816,holding,руках,possession
21817,holding,руках,tenir
21818,holding,руках,tenant
21819,holding,держат,no_equality
21820,holding,хранилище,no_equality
21821,blacks,чернокожих,noir
21822,blacks,черных,no_equality
21823,blacks,чернокожие,noir
21824,blacks,черные,noir
21825,blacks,черные,black
21826,blacks,чернокожего населения,noir
21827,blacks,чернокожими,noir
21828,blacks,черными,noir
21829,blacks,черными,black
21830,blacks,чернокожим,noir
21831,blacks,негров,noir
21832,blacks,негров,black
21833,blacks,негров,nègre
21834,blacks,негры,noir
21835,blacks,негры,nègre
21836,blacks,черным,noir
21837,blacks,черным,black
21838,blacks,чернокожее население,noir
21839,blacks,черного населения,noir
21840,blacks,неграми,no_equality
21841,blacks,афроамериканцев,no_equality
21842,soberly,трезво,sobre
21843,piggies,поросят,petits cochons
21844,piggies,поросят,porcelet
21845,piggies,поросенка,petits cochons
21846,piggies,поросенка,porcelet
21847,piggies,поросенка,porc
21848,piggies,хрюшки,no_equality
21849,piggies,поросята,petits cochons
21850,piggies,поросята,porc
21851,piggies,свинки,no_equality
21852,piggies,пяточки,no_equality
21853,piggies,хрюшками,no_equality
21854,piggies,свинками,no_equality
21855,badges,значки,badge
21856,badges,значки,macaron
21857,badges,значков,no_equality
21858,badges,значками,badge
21859,badges,значками,insigne
21860,badges,жетоны,badge
21861,badges,жетоны,insigne
21862,badges,пропуска,badge
21863,badges,пропуска,laissez-passer
21864,badges,пропусков,laissez-passer
21865,badges,бейджи,no_equality
21866,badges,жетонами,no_equality
21867,badges,нагрудные знаки,no_equality
21868,badges,пропусках,no_equality
21869,badges,бейджей,no_equality
21870,badges,знаки отличия,no_equality
21871,badges,жетонов,no_equality
21872,flexibility,гибкость,flexibilité
21873,flexibility,гибкость,souplesse
21874,flexibility,гибкость,latitude
21875,flexibility,гибкость,assouplissement
21876,flexibility,гибкость,adaptabilité
21877,flexibility,гибкость,élasticité
21878,flexibility,гибкость,souple
21879,flexibility,гибкость,flexible
21880,flexibility,возможность,possibilité
21881,flexibility,гибкий подход,souplesse
21882,flexibility,гибкого подхода,no_equality
21883,flexibility,гибкой,no_equality
21884,flexibility,гибкими,no_equality
21885,flexibility,гибким,no_equality
21886,flexibility,гибкие возможности,flexibilité
21887,flexibility,гибкие возможности,latitude
21888,flexibility,гибкое,no_equality
21889,flexibility,свободу действий,souplesse
21890,flexibility,свободу действий,latitude
21891,flexibility,свободу действий,marge de manœuvre
21892,flexibility,свободы действий,flexibilité
21893,flexibility,свободы действий,latitude
21894,flexibility,свободы действий,marge de manœuvre
21895,flexibility,гибких возможностей,flexibilité
21896,flexibility,свобода действий,latitude
21897,flexibility,свобода действий,marge de manœuvre
21898,flexibility,маневренность,no_equality
21899,flexibility,гибком подходе,flexibilité
21900,flexibility,гибком подходе,souplesse
21901,forensic,судебный,judiciaire
21902,forensic,судебный,juridique
21903,forensic,судебная экспертиза,no_equality
21904,avoidable,устранимый,no_equality
21905,avoidable,предотвратимый,no_equality
21906,regulate,регулировать,réglementer
21907,regulate,регулировать,réguler
21908,regulate,регулировать,régir
21909,regulate,регулировать,régler
21910,regulate,регулировать,régulariser
21911,regulate,регулировать,contrôler
21912,regulate,регулировать,ajuster
21913,regulate,регулировать,réglementation
21914,regulate,упорядочивать,no_equality
21915,regulate,урегулировать,réglementer
21916,regulate,урегулировать,régler
21917,regulate,урегулировать,régulariser
21918,regulate,зарегулировать,no_equality
21919,eyebrows,ресницы,sourcil
21920,eyebrows,ресницы,cil
21921,obediently,послушно,docilement
21922,thermometers,термометры,thermomètre
21923,thermometers,термометров,thermomètre
21924,thermometers,термометрах,no_equality
21925,thermometers,термометрами,no_equality
21926,earthing,заземление,mise à la terre
21927,earthing,заземляющий,no_equality
21928,zooms,приближает,no_equality
21929,zooms,эскимо,no_equality
21930,zooms,изменение масштаба так,no_equality
21931,herders,скотоводов,éleveur
21932,herders,скотоводов,berger
21933,herders,скотоводов,pasteur
21934,herders,скотоводов,bouvier
21935,herders,пастухи,éleveur
21936,herders,пастухи,berger
21937,herders,пастухов,éleveur
21938,herders,пастухов,berger
21939,herders,пастухов,pasteur
21940,herders,скотоводами,éleveur
21941,herders,скотоводами,pasteur
21942,herders,скотоводы,éleveur
21943,herders,скотоводы,gardiens de troupeaux
21944,herders,оленеводов,no_equality
21945,herders,оленеводы,éleveur
21946,herders,пастухами,berger
21947,herders,пастухами,pasteur
21948,herders,пастухами,pâtre
21949,herders,животноводов,éleveur
21950,herders,скотоводам,no_equality
21951,herders,пастухам,no_equality
21952,herders,оленеводам,no_equality
21953,herders,оленеводами,no_equality
21954,fiddler,скрипач,violoniste
21955,fiddler,"""скрипаче""",no_equality
21956,fiddler,fiddler,no_equality
21957,fiddler,выглядит выше скрипача,violoniste
21958,fiddler,фиддлерз,no_equality
21959,fiddler,фиддлера,no_equality
21960,fiddler,манящий,no_equality
21961,stall,задержать,retarder
21962,stall,задержать,retenir
21963,stall,остановить,retenir
21964,stall,остановить,bloquer
21965,stall,кабинка,cabine
21966,stall,кабинка,box
21967,stall,стойло,stalle
21968,stall,стойло,box
21969,stall,стойло,étable
21970,stall,застопорить,bloquer
21971,stall,тормозить,retarder
21972,stall,тормозить,bloquer
21973,stall,затормозить,retarder
21974,stall,затормозить,bloquer
21975,stall,останавливать,retenir
21976,stall,останавливаться,no_equality
21977,stall,киоск,stand
21978,stall,ларёк,stand
21979,stall,палатка,stand
21980,stall,душевая кабинка,cabine
21981,stall,потянуть время,gagner du temps
21982,stall,потянуть время,retarder
21983,foamed,вспененного,no_equality
21984,foamed,пенобетона,no_equality
21985,foamed,поропластов,no_equality
21986,foamed,пенополистирола,no_equality
21987,foamed,вспученный,no_equality
21988,foamed,пенокерамики,no_equality
21989,foamed,пенополистирол,no_equality
21990,foamed,izoterm,no_equality
21991,credulity,доверчивость,crédulité
21992,tightly,плотно,étroitement
21993,tightly,плотно,hermétiquement
21994,tightly,плотно,serré
21995,tightly,тесно,étroitement
21996,tightly,тесно,fortement
21997,tightly,тесно,serré
21998,tightly,сильно,fortement
21999,tightly,вплотную,no_equality
22000,tightly,неплотно,no_equality
22001,tightly,туго,no_equality
22002,profilings,профилирование,profil
22003,profilings,характеризация,no_equality
22004,profilings,характеризации,no_equality
22005,profilings,категоризации,no_equality
22006,profilings,оперативных разработок,no_equality
22007,profilings,составления ориентировок,no_equality
22008,profilings,составления профилей,profil
22009,leakages,утечки,fuite
22010,leakages,утечек,no_equality
22011,leakages,утечкам,no_equality
22012,gawk,остолоп,no_equality
22013,gawk,разиня,no_equality
22014,gawk,глазеть,no_equality
22015,materialisation,материализации,matérialisation
22016,materialisation,материализация,matérialisation
22017,defoliate,лишать листвы,no_equality
22018,supplanter,подменять,no_equality
22019,supplanter,вытеснили,no_equality
22020,supplanter,вытеснена,no_equality
22021,supplanter,заменил,no_equality
22022,supplanter,вытеснил,no_equality
22023,addicted,склонный,no_equality
22024,addicted,зависимый,accro
22025,addicted,зависимый,dépendant
22026,addicted,пристрастившийся,drogué
22027,addicted,увлеченный,no_equality
22028,vain,тщеславный,vaniteux
22029,vain,тщетный,vaniteux
22030,vain,безуспешно,no_equality
22031,vain,самодовольный,vaniteux
22032,vain,самодовольный,suffisant
22033,vain,самодовольный,prétentieux
22034,vain,тщеславны,vaniteux
22035,vain,тщеславно,no_equality
22036,vain,даром,no_equality
22037,vain,понапрасну,no_equality
22038,commended,высоко,no_equality
22039,commended,выражает признательность,salue
22040,commended,выражает признательность,se félicite
22041,commended,выражает признательность,rend hommage
22042,commended,выражает признательность,remercie
22043,commended,приветствует,salue
22044,commended,приветствует,se félicite
22045,commended,одобрила,no_equality
22046,commended,приветствовала,a félicité
22047,commended,приветствовала,a salué
22048,commended,приветствовала,se félicite
22049,commended,приветствовала,s'est félicitée
22050,commended,дали высокую оценку,ont salué
22051,commended,благодарит,no_equality
22052,commended,выразили признательность,ont salué
22053,commended,выразил признательность,a félicité
22054,commended,выразил признательность,a salué
22055,commended,выразил признательность,a loué
22056,commended,выразил признательность,a rendu hommage
22057,commended,дал высокую оценку,a félicité
22058,commended,дал высокую оценку,a salué
22059,commended,дал высокую оценку,rend hommage
22060,commended,дал высокую оценку,a loué
22061,commended,дал высокую оценку,s'est félicitée
22062,commended,дал высокую оценку,a rendu hommage
22063,commended,дала высокую оценку,a félicité
22064,commended,дала высокую оценку,a salué
22065,commended,дала высокую оценку,a loué
22066,commended,дала высокую оценку,s'est félicitée
22067,commended,дала высокую оценку,a rendu hommage
22068,commended,дает высокую оценку,salue
22069,commended,дает высокую оценку,se félicite
22070,commended,дает высокую оценку,rend hommage
22071,commended,приветствовал,a félicité
22072,commended,приветствовал,a salué
22073,commended,приветствовал,se félicite
22074,commended,приветствовал,s'est félicitée
22075,commended,позитивно,no_equality
22076,commended,приветствовать,se félicite
22077,commended,приветствовать,saluer
22078,jealously,ревниво,avec jalousie
22079,jealously,ревностью,no_equality
22080,jealously,ревности,no_equality
22081,jealously,бдительно,no_equality
22082,jealously,ревность,no_equality
22083,jealously,ревностно оберегать,no_equality
22084,cottons,хлопок,coton
22085,cottons,рулонов,no_equality
22086,Yangons,янгон,rangoon
22087,Yangons,янгон,yangon
22088,Yangons,янгоне,yangon
22089,Yangons,янгона,yangon
22090,Yangons,рангун,rangoon
22091,Yangons,рангуне,rangoon
22092,Yangons,янгуне,no_equality
22093,Yangons,янгонского,no_equality
22094,Yangons,рангунском,no_equality
22095,bowls,миски,bol
22096,bowls,чашки,no_equality
22097,bowls,чаши,bol
22098,bowls,чаши,coupe
22099,bowls,мисок,bol
22100,bowls,тарелки,no_equality
22101,bowls,тарелок,bol
22102,bowls,тарелок,plat
22103,bowls,чашек,bol
22104,bowls,шары,no_equality
22105,bowls,порции,plat
22106,bowls,кегли,no_equality
22107,bowls,боулинг,no_equality
22108,bowls,чаш,coupe
22109,bowls,чашах,no_equality
22110,bowls,вазы,bol
22111,bowls,миску,bol
22112,bowls,миску,gamelle
22113,bowls,боулз,no_equality
22114,urbanity,вежливость,civilité
22115,urbanity,городская жизнь,no_equality
22116,absorptions,покрытия за счет имеющихся ассигнований,no_equality
22117,interrupting,прерывающий,no_equality
22118,interrupting,прерывающийся,no_equality
22119,interrupting,перебивающий,no_equality
22120,interrupting,прерывание,interruption
22121,interrupting,разрыв,no_equality
22122,reasonably,разумно,raisonnablement
22123,reasonably,разумно,de manière raisonnable
22124,reasonably,обоснованно,raisonnablement
22125,reasonably,обоснованно,légitimement
22126,reasonably,довольно,assez
22127,reasonably,довольно,relativement
22128,reasonably,довольно,suffisamment
22129,reasonably,довольно,plutôt
22130,reasonably,вполне,assez
22131,reasonably,вполне,plutôt
22132,reasonably,относительно,assez
22133,reasonably,относительно,relativement
22134,reasonably,реально,raisonnablement
22135,reasonably,разумным образом,raisonnablement
22136,reasonably,разумного,no_equality
22137,reasonably,более или менее,relativement
22138,reasonably,умеренно,modérément
22139,reasonably,разумное,no_equality
22140,reasonably,резонно,no_equality
22141,reasonably,объективно,no_equality
22142,reasonably,оснований,no_equality
22143,reasonably,разумные основания,bonnes raisons
22144,spellbinding,очарование,no_equality
22145,forgone,упущенных,no_equality
22146,forgone,упущенной,no_equality
22147,forgone,отказались от выбора,no_equality
22148,forgone,нереализованный,no_equality
22149,forgone,сумма недополученных,no_equality
22150,precede,предшествовать,no_equality
22151,precede,опередить,no_equality
22152,precede,впереди,no_equality
22153,fidgety,суетливость,no_equality
22154,oncology,онкология,oncologie
22155,oncology,онкологический,no_equality
22156,oncology,онкологическом,no_equality
22157,outlasting,переживание,no_equality
22158,confabulating,разговор,conversation
22159,throngs,толпы,foule
22160,correlated,связаны,associé
22161,correlated,связана,lié
22162,correlated,связано,no_equality
22163,correlated,коррелируют,no_equality
22164,correlated,взаимосвязаны,no_equality
22165,correlated,корреляцией,no_equality
22166,correlated,соотносится,no_equality
22167,correlated,коррелируются,no_equality
22168,correlated,связан,relié
22169,correlated,связан,associé
22170,correlated,корреляцию,no_equality
22171,correlated,взаимосвязанными,lié
22172,correlated,коррелироваться,no_equality
22173,correlated,коррелировать,no_equality
22174,correlated,увязаны,associé
22175,essence,суть,essence
22176,essence,суть,essentiel
22177,essence,суть,substance
22178,essence,суть,fond
22179,essence,суть,nature
22180,essence,сущность,essence
22181,essence,сущность,substance
22182,essence,сущность,nature
22183,essence,существо,essentiel
22184,essence,существо,substance
22185,essence,существо,fond
22186,essence,смысл,sens
22187,essence,существа,essence
22188,essence,существа,substance
22189,essence,существа,fond
22190,essence,существа,nature
22191,essence,по существу,no_equality
22192,essence,содержание,substance
22193,essence,содержание,fond
22194,essence,значение,no_equality
22195,essence,эссенция,essence
22196,essence,экстракт,no_equality
22197,essence,аромат,no_equality
22198,essence,основой,base
22199,essence,основном,no_equality
22200,essence,основу,no_equality
22201,befallen,постигла,no_equality
22202,befallen,обрушившейся на,no_equality
22203,befallen,обрушились на,no_equality
22204,befallen,выпавших на долю,no_equality
22205,befallen,обрушившиеся на,no_equality
22206,befallen,случилось с,no_equality
22207,befallen,постигших,no_equality
22208,befallen,выпало на долю,no_equality
22209,diaries,дневники,journal
22210,diaries,дневники,carnet
22211,diaries,дневники,diaries
22212,diaries,дневников,no_equality
22213,diaries,дневниках,journal
22214,diaries,дневниках,carnet
22215,diaries,дневникам,no_equality
22216,diaries,записные книжки,no_equality
22217,diaries,ежедневники,no_equality
22218,diaries,дневник,journal
22219,diaries,дневник,agenda
22220,diaries,дневник,carnet
22221,greenishness,просто храм экологичности,no_equality
22222,bungle,испортить работу,gâcher
22223,bungle,портачить,no_equality
22224,bungle,схалтурить,no_equality
22225,bungle,портить работу,gâcher
22226,bungle,плохая работа,no_equality
22227,bungle,бангл,no_equality
22228,sleepovers,ночевки,soirée pyjama
22229,sleepovers,ночевок,no_equality
22230,sleepovers,вечеринки с ночевкой,no_equality
22231,cloaked,замаскированный,masqué
22232,cloaked,замаскированный,déguisé
22233,cloaked,скрыта,masqué
22234,cloaked,скрыта,dissimulé
22235,cloaked,скрытом,no_equality
22236,cloaked,невидимы,camouflé
22237,cloaked,невидимы,invisible
22238,cloaked,скрыт,masqué
22239,cloaked,скрыт,dissimulé
22240,cloaked,скрытого,masqué
22241,cloaked,скрытого,dissimulé
22242,cloaked,скрытого,cachée
22243,cloaked,скрыла,no_equality
22244,cloaked,скрыто,camouflé
22245,cloaked,скрыто,dissimulé
22246,cloaked,скрыто,invisible
22247,cloaked,скрыто,cachée
22248,cloaked,скрыл,no_equality
22249,cloaked,плащах,no_equality
22250,cloaked,скрыты,dissimulé
22251,cloaked,скрыты,cachée
22252,cloaked,замаскировал,no_equality
22253,cloaked,прикрывается,no_equality
22254,dystopia,антиутопия,no_equality
22255,dystopia,дистопия,no_equality
22256,ineffectual,безрезультатный,no_equality
22257,ineffectual,слабый,no_equality
22258,sibilations,моделирования,simulation
22259,sibilations,моделирования,simuler
22260,sibilations,моделирование,simulation
22261,sibilations,симуляций,no_equality
22262,sibilations,имитации,simulation
22263,sibilations,имитации,simuler
22264,sibilations,модели,no_equality
22265,sibilations,симуляциях,no_equality
22266,sibilations,моделирований,no_equality
22267,sibilations,симуляторы,no_equality
22268,sibilations,имитационных занятий,simulation
22269,sibilations,имитационных экспериментов,simulation
22270,swiftly,быстро,rapidement
22271,swiftly,быстро,vite
22272,swiftly,быстро,promptement
22273,swiftly,быстро,sans tarder
22274,swiftly,быстро,sans délai
22275,swiftly,быстро,rapide
22276,swiftly,быстро,avec diligence
22277,swiftly,незамедлительно,rapidement
22278,swiftly,незамедлительно,promptement
22279,swiftly,незамедлительно,sans tarder
22280,swiftly,незамедлительно,sans délai
22281,swiftly,незамедлительно,sans attendre
22282,swiftly,незамедлительно,immédiatement
22283,swiftly,незамедлительно,aussitôt
22284,swiftly,безотлагательно,rapidement
22285,swiftly,безотлагательно,promptement
22286,swiftly,безотлагательно,sans tarder
22287,swiftly,безотлагательно,sans délai
22288,swiftly,безотлагательно,sans attendre
22289,swiftly,безотлагательно,immédiatement
22290,swiftly,стремительно,rapidement
22291,swiftly,стремительно,vite
22292,swiftly,стремительно,rapide
22293,swiftly,оперативно,no_equality
22294,swiftly,оперативного,no_equality
22295,swiftly,быстрого,no_equality
22296,swiftly,быстрое,no_equality
22297,swiftly,оперативное,no_equality
22298,swiftly,оперативные меры,rapidement
22299,swiftly,без промедления,rapidement
22300,swiftly,без промедления,promptement
22301,swiftly,без промедления,sans tarder
22302,swiftly,без промедления,sans délai
22303,swiftly,без промедления,sans attendre
22304,swiftly,без промедления,immédiatement
22305,swiftly,быстрее,no_equality
22306,swiftly,вскоре,rapidement
22307,swiftly,вскоре,immédiatement
22308,swiftly,быстрому,no_equality
22309,swiftly,оперативному,no_equality
22310,needing,нуждающийся,no_equality
22311,needing,необходимость,nécessité
22312,free-lances,подрабатывает,no_equality
22313,update,обновление,mise à jour
22314,update,обновление,actualisation
22315,update,новости,no_equality
22316,update,актуализация,actualisation
22317,update,обновить,mettre à jour
22318,update,обновить,actualiser
22319,update,обновить,moderniser
22320,update,обновить,réactualiser
22321,update,обновлять,mettre à jour
22322,update,обновлять,actualiser
22323,update,информировать,informer
22324,update,проинформировать,informer
22325,update,совершенствовать,moderniser
22326,update,обновленную информацию,mise à jour
22327,update,обновленную информацию,actualisation
22328,update,обновленная информация,mise à jour
22329,update,обновленная информация,actualisation
22330,update,обновленный вариант,mise à jour
22331,update,обновленный вариант,actualisation
22332,update,последнюю информацию,no_equality
22333,update,обновленные данные,mise à jour
22334,update,обновленной информации,mise à jour
22335,update,обновленной информации,actualisation
22336,update,новая информация,no_equality
22337,update,update,no_equality
22338,update,апдейт,no_equality
22339,update,усовершенствовать,moderniser
22340,autocracy,самодержавие,no_equality
22341,autocracy,самовластье,no_equality
22342,cogitating,размышление,méditation
22343,embellished,приукрасила,enjolivé
22344,embellished,приукрасил,embelli
22345,embellished,приукрашенных,no_equality
22346,grasshoppers,кузнечики,no_equality
22347,grasshoppers,кузнечиков,sauterelle
22348,grasshoppers,кузнечиками,no_equality
22349,grasshoppers,саранча,criquet
22350,grasshoppers,саранчи,sauterelle
22351,grasshoppers,саранчой,no_equality
22352,revels,наслаждается,se délecte
22353,revels,пир,no_equality
22354,revels,пиры,no_equality
22355,revels,церемониймейстер,no_equality
22356,revels,ревелса,no_equality
22357,Dunkards,пьяниц,ivrogne
22358,Dunkards,пьяниц,alcoolique
22359,Dunkards,пьяницы,ivrogne
22360,Dunkards,алкаши,ivrogne
22361,Dunkards,пьянчуги,ivrogne
22362,Dunkards,алкашей,no_equality
22363,Dunkards,алкоголики,no_equality
22364,adjust,регулировать,ajuster
22365,adjust,регулировать,régler
22366,adjust,регулировать,réguler
22367,adjust,приспосабливаться,s'adapter
22368,adjust,приспосабливаться,s'ajuster
22369,adjust,наладить,no_equality
22370,adjust,настроиться,no_equality
22371,tuitions,обучение,no_equality
22372,tuitions,обучения,no_equality
22373,vigilantly,бдительно,avec vigilance
22374,vigilantly,строгий,no_equality
22375,headstones,надгробия,pierres tombales
22376,headstones,надгробия,pierre tombale
22377,headstones,надгробий,pierres tombales
22378,headstones,надгробные камни,no_equality
22379,cattlemans,крупного рогатого скота и,bovins et
22380,cattlemans,крупного рогатого скота и,bétail et
22381,cattlemans,крупный рогатый скот и,no_equality
22382,cattlemans,коров и,no_equality
22383,cattlemans,"скот, и",no_equality
22384,cattlemans,скотом и,bétail et
22385,cattlemans,говядины и,no_equality
22386,cattlemans,скотоводческих и,no_equality
22387,cattlemans,крупного рогатого и,no_equality
22388,cattlemans,скот... и,no_equality
22389,cattlemans,животноводства и,bétail et
22390,startled,напугал,as fait peur
22391,startled,напугал,avez fait peur
22392,startled,напугал,ai fait peur
22393,startled,напугал,avoir fait peur
22394,startled,испугал,as fait peur
22395,startled,испугал,avez fait peur
22396,startled,испугал,ai fait peur
22397,startled,испугал,avoir fait peur
22398,startled,напугала,as fait peur
22399,startled,напугала,avez fait peur
22400,startled,напугала,ai fait peur
22401,startled,напугали,as fait peur
22402,startled,напугали,avez fait peur
22403,startled,напугали,effrayée
22404,startled,поражен,surpris
22405,startled,испугала,as fait peur
22406,startled,испугала,avez fait peur
22407,startled,испугала,ai fait peur
22408,startled,испугали,no_equality
22409,startled,напуганы,effrayé
22410,startled,поразил,no_equality
22411,startled,поражена,étonnée
22412,startled,напуган,effrayé
22413,startled,испуганный,effrayé
22414,startled,испуганный,effrayée
22415,startled,испугался,no_equality
22416,startled,испугалась,effrayée
22417,startled,поражены,no_equality
22418,intoxicant,токсикоманы,no_equality
22419,corralled,загнали,no_equality
22420,myths,мифы,mythe
22421,myths,мифы,mythologie
22422,myths,мифов,mythe
22423,myths,мифах,mythe
22424,myths,мифами,no_equality
22425,myths,мифам,no_equality
22426,myths,вымыслы,no_equality
22427,myths,легендам,légende
22428,myths,измышлений,no_equality
22429,myths,заблуждений,idées fausses
22430,myths,домыслами,no_equality
22431,myths,ложные представления,idées fausses
22432,myths,мифа,mythe
22433,Singaporean,сингапурских,singapour
22434,Singaporean,сингапурских,singapourien
22435,Singaporean,сингапура,singapour
22436,Singaporean,сингапура,singapourien
22437,Singaporean,сингапурской,singapourien
22438,Singaporean,сингапурские,singapourien
22439,Singaporean,сингапурского,singapourien
22440,Singaporean,сингапурским,no_equality
22441,Singaporean,сингапурское,singapourien
22442,Singaporean,сингапурская,singapour
22443,Singaporean,сингапурская,singapourien
22444,Singaporean,сингапурцев,singapour
22445,Singaporean,сингапурцев,singapourien
22446,Singaporean,сингапурец,singapourien
22447,Singaporean,сингапурскому,no_equality
22448,Singaporean,сингапурскими,singapour
22449,spades,пики,pique
22450,spades,пик,no_equality
22451,spades,лопат,pelle
22452,spades,лопатами,pelle
22453,spades,пиками,no_equality
22454,spades,лихвой,no_equality
22455,spades,спэйдса,no_equality
22456,spades,спэйдс,no_equality
22457,recovery,восстановление,récupération
22458,recovery,восстановление,reprise
22459,recovery,восстановление,rétablissement
22460,recovery,восстановление,relèvement
22461,recovery,восстановление,redressement
22462,recovery,восстановление,relance
22463,recovery,восстановление,reconstitution
22464,recovery,восстановление,régénération
22465,recovery,восстановление,restauration
22466,recovery,возвращение,récupération
22467,recovery,возвращение,recouvrement
22468,recovery,подъем,reprise
22469,recovery,подъем,relèvement
22470,recovery,подъем,redressement
22471,recovery,подъем,relance
22472,recovery,оживление,no_equality
22473,recovery,рекуперация,récupération
22474,recovery,рекуперация,régénération
22475,recovery,выздоровление,reprise
22476,recovery,выздоровление,rétablissement
22477,recovery,выздоровление,guérison
22478,recovery,выздоровление,convalescence
22479,recovery,реабилитация,relèvement
22480,recovery,реабилитация,réadaptation
22481,recovery,возмещение,récupération
22482,recovery,возмещение,recouvrement
22483,recovery,возрождение,reprise
22484,recovery,возрождение,rétablissement
22485,recovery,возрождение,relèvement
22486,recovery,возрождение,redressement
22487,recovery,возрождение,relance
22488,recovery,возрождение,régénération
22489,recovery,взыскание,recouvrement
22490,recovery,оздоровление,relèvement
22491,recovery,оздоровление,redressement
22492,recovery,извлечение,récupération
22493,recovery,извлечение,extraction
22494,recovery,изъятие,no_equality
22495,recovery,возврат,no_equality
22496,recovery,восстановительных работ,relèvement
22497,recovery,восстановительных работ,redressement
22498,recovery,восстановительных работ,réfection
22499,opined,выразил мнение о том,a estimé
22500,opined,выразил мнение о том,estimait
22501,opined,выразила мнение о том,a estimé
22502,opined,выразила мнение о том,estimait
22503,opined,выразила мнение о том,était d'avis
22504,opined,высказал мнение о том,a estimé
22505,opined,высказал мнение о том,était d'avis
22506,opined,высказали мнение о том,étaient d'avis
22507,cryonicss,крионика,no_equality
22508,cryonicss,крионики,no_equality
22509,cryonicss,крионикс,no_equality
22510,fuzz,фазз,no_equality
22511,fuzz,пух,duvet
22512,fuzz,легавый,flic
22513,fuzz,легавый,poulet
22514,fuzz,мышонок,fuzz
22515,fuzz,пушинка,duvet
22516,fuzz,фаззом,no_equality
22517,fuzz,менты,no_equality
22518,fuzz,фазза,no_equality
22519,fuzz,пушок,duvet
22520,fuzz,копы,flic
22521,fuzz,типа крутые легавые,no_equality
22522,fuzz,полиция будет,no_equality
22523,democracies,демократические государства,démocratie
22524,democracies,демократии,démocratie
22525,democracies,демократии,démocratique
22526,democracies,демократиям,démocratie
22527,democracies,демократиях,no_equality
22528,democracies,демократических государств,démocratie
22529,democracies,демократических государств,pays démocratiques
22530,democracies,демократиями,démocratie
22531,democracies,демократических странах,démocratie
22532,democracies,демократических стран,démocratie
22533,democracies,демократических стран,pays démocratiques
22534,democracies,демократические страны,démocratie
22535,democracies,демократические страны,pays démocratiques
22536,democracies,демократией,démocratie
22537,democracies,демократических государствах,démocratie
22538,democracies,демократических государствах,pays démocratiques
22539,democracies,демократия,démocratie
22540,democracies,демократия,démocratique
22541,democracies,демократических обществ,démocratie
22542,democracies,демократию,démocratie
22543,democracies,демократических систем,démocratie
22544,ticketed,оштрафован,contravention
22545,ticketed,оштрафовали,no_equality
22546,slurries,шламов,no_equality
22547,slurries,навоза,lisier
22548,slurries,навозной жиже,lisier
22549,slurries,шлама,boue
22550,slurries,почву разбавленной навозной жижи,lisier
22551,inspections,инспекций,vérification
22552,inspections,проверки,inspection
22553,inspections,проверки,contrôle
22554,inspections,проверки,vérification
22555,inspections,проверки,inspecter
22556,inspections,проверок,inspection
22557,inspections,проверок,contrôle
22558,inspections,проверок,vérification
22559,inspections,проверок,visite
22560,inspections,инспекциях,inspection
22561,inspections,инспекциям,no_equality
22562,inspections,осмотров,no_equality
22563,inspections,инспекциями,no_equality
22564,inspections,осмотры,no_equality
22565,inspections,контроля,no_equality
22566,inspections,инспектирование,no_equality
22567,inspections,контроль,no_equality
22568,inspections,инспектирования,inspection
22569,inspections,инспектирования,inspecter
22570,inspections,проверкам,no_equality
22571,inspections,осмотра,inspection
22572,inspections,проверку,inspection
22573,inspections,проверку,vérification
22574,turgidly,напыщенный,no_equality
22575,turgidly,помпезный,no_equality
22576,turgidly,опухший,no_equality
22577,knitted,трикотажный,no_equality
22578,knitted,плетеный,no_equality
22579,knitted,вязанный,no_equality
22580,Colony,колония,colonie
22581,Colony,поселение,colonie
22582,Colony,колони,colonie
22583,Colony,колони,colony
22584,desponding,уныние,no_equality
22585,reaffirmed,вновь подтвердили,a réaffirmé
22586,reaffirmed,вновь подтвердили,ont réaffirmé
22587,reaffirmed,вновь подтвердили,ont réitéré
22588,reaffirmed,вновь подтвердили,réaffirmaient
22589,reaffirmed,вновь подтвердил,a réaffirmé
22590,reaffirmed,вновь подтвердил,réaffirmait
22591,reaffirmed,вновь подтвердил,a réitéré
22592,reaffirmed,вновь подтвердил,a rappelé
22593,reaffirmed,вновь подтверждает,a réaffirmé
22594,reaffirmed,вновь подтверждает,réaffirmait
22595,reaffirmed,вновь подтвердила,a réaffirmé
22596,reaffirmed,вновь подтвердила,réaffirmait
22597,reaffirmed,вновь подтвердила,a réitéré
22598,reaffirmed,вновь подтвердила,a rappelé
22599,reaffirmed,вновь заявляет,réaffirmait
22600,reaffirmed,вновь заявили,ont réaffirmé
22601,reaffirmed,вновь заявили,réaffirment
22602,reaffirmed,вновь заявили,a réitéré
22603,reaffirmed,вновь заявили,ont réitéré
22604,reaffirmed,вновь заявили,réaffirmaient
22605,reaffirmed,было подтверждено,a réaffirmé
22606,reaffirmed,было подтверждено,ont réaffirmé
22607,reaffirmed,было подтверждено,a confirmé
22608,reaffirmed,была подтверждена,a réaffirmé
22609,reaffirmed,была подтверждена,a confirmé
22610,reaffirmed,была подтверждена,ont réitéré
22611,reaffirmed,вновь заявил,a réaffirmé
22612,reaffirmed,вновь заявил,a réitéré
22613,reaffirmed,вновь заявил,a rappelé
22614,reaffirmed,подтвержден,no_equality
22615,reaffirmed,вновь подтверждена,réaffirment
22616,reaffirmed,вновь подтвердило,a réaffirmé
22617,reaffirmed,вновь подтвердило,ont réaffirmé
22618,reaffirmed,вновь подтвердило,a réitéré
22619,reaffirmed,вновь подтверждается,a réaffirmé
22620,reaffirmed,вновь подтверждается,réaffirment
22621,reaffirmed,вновь заявила,a réaffirmé
22622,reaffirmed,вновь заявила,a réitéré
22623,reaffirmed,вновь заявила,a rappelé
22624,reaffirmed,подтвержденные,confirmé
22625,personals,личные вещи,no_equality
22626,personals,персоналы,no_equality
22627,altos,альтос,no_equality
22628,altos,альты,no_equality
22629,altos,лос-алтос,no_equality
22630,altos,алтоса,no_equality
22631,altos,альтоса,no_equality
22632,clamorously,шумно,no_equality
22633,sleaziness,лень,no_equality
22634,sleaziness,леность,no_equality
22635,sleaziness,лентяев,no_equality
22636,allotments,ассигнований,no_equality
22637,allotments,ассигнования,no_equality
22638,allotments,ассигнованиями,no_equality
22639,allotments,выделенных средств,crédits alloués
22640,allotments,участки земли,parcelle
22641,allotments,наделы,no_equality
22642,allotments,выделяемых,no_equality
22643,allotments,выделения средств,no_equality
22644,religiosity,религиозность,religiosité
22645,light years,световых лет,années-lumière
22646,light years,световых лет,années lumière
22647,weepers,цветы кормлю,no_equality
22648,paraglidings,парапланеризм,no_equality
22649,paraglidings,на параплане,no_equality
22650,paraglidings,параплана,no_equality
22651,paraglidings,парапланеризма,no_equality
22652,America,америки,amérique
22653,America,америки,états-unis
22654,America,америки,américaine
22655,America,америка,amérique
22656,America,америка,états-unis
22657,America,штаты,amérique
22658,America,штаты,américain
22659,America,штаты,pays
22660,America,штаты,aux usa
22661,America,америке,no_equality
22662,America,америку,aux usa
22663,America,американский,no_equality
22664,America,америкой,amérique
22665,America,американцы,amérique
22666,America,американцы,américaine
22667,America,аме-рики,amérique
22668,America,аме-рики,états-unis
22669,America,аме-рики,américaine
22670,America,america,no_equality
22671,America,сша,amérique
22672,America,сша,états-unis
22673,America,сша,américaine
22674,America,сша,états unis
22675,America,штатов,no_equality
22676,dependable,надёжный,no_equality
22677,dependable,надежного,fiable
22678,dependable,надежного,sûr
22679,dependable,надежного,stable
22680,dependable,надежным,no_equality
22681,dependable,надежной,fiable
22682,dependable,надежной,sûr
22683,dependable,надежных,fiable
22684,dependable,можно положиться,fiable
22685,dependable,надежную,fiable
22686,dependable,надежное,fiable
22687,dependable,надежное,sûr
22688,dependable,надежные,fiable
22689,dependable,надежная,fiable
22690,dependable,проверенное,no_equality
22691,dependable,надежному,fiable
22692,dependable,надежнее,no_equality
22693,patiently,терпеливо,patiemment
22694,patiently,терпеливо,avec patience
22695,erupted,разразился,a éclaté
22696,erupted,разразился,éclatement
22697,erupted,вспыхнули,ont éclaté
22698,erupted,начались,ont éclaté
22699,erupted,возникновения,no_equality
22700,erupted,вспыхнул,no_equality
22701,erupted,возникли,no_equality
22702,erupted,разразившийся,no_equality
22703,erupted,вспыхнувших,no_equality
22704,erupted,вспышки,no_equality
22705,erupted,произошли,no_equality
22706,erupted,вспыхнуло,a éclaté
22707,erupted,вспыхнуло,ont éclaté
22708,erupted,произошла вспышка,ont éclaté
22709,erupted,вспыхнула,a éclaté
22710,erupted,вспыхнувшего,no_equality
22711,erupted,возник,no_equality
22712,moralistic,нравоучений,no_equality
22713,rets,твэ,no_equality
22714,rets,технологий освоения возобновляемых источников энергии,no_equality
22715,plaits,косы,tresse
22716,finally,наконец,enfin
22717,finally,наконец,finalement
22718,finally,наконец,pour terminer
22719,finally,наконец,pour finir
22720,finally,наконец,fini par
22721,finally,наконец,dernier lieu
22722,finally,наконец,puis
22723,finally,в заключение,enfin
22724,finally,в заключение,finalement
22725,finally,в заключение,pour conclure
22726,finally,в заключение,pour terminer
22727,finally,в заключение,pour finir
22728,finally,окончательно,enfin
22729,finally,окончательно,finalement
22730,finally,окончательно,définitivement
22731,finally,в итоге,finalement
22732,finally,в итоге,fini par
22733,finally,в итоге,finit par
22734,finally,хоть,no_equality
22735,finally,наконец-то,enfin
22736,finally,наконец-то,finalement
22737,finally,наконец-то,réussi
22738,finally,конце концов,no_equality
22739,finally,конечном итоге,dernier lieu
22740,finally,конечном счете,no_equality
22741,finally,все-таки,enfin
22742,finally,все-таки,finalement
22743,finally,окончательного,no_equality
22744,finally,наконец-таки,enfin
22745,finally,окончательное,no_equality
22746,finally,таки,enfin
22747,finally,таки,finalement
22748,finally,и последнее,enfin
22749,finally,и последнее,pour terminer
22750,finally,в конечном счете,finalement
22751,finally,в конечном счете,pour finir
22752,finally,в конечном счете,fini par
22753,finally,в конечном итоге,finalement
22754,analytical,аналитический,analytique
22755,analytical,аналитический,analyse
22756,analytical,аналитически,no_equality
22757,smockings,чулки,no_equality
22758,smockings,чулок,no_equality
22759,smockings,чулках,no_equality
22760,smockings,чулками,no_equality
22761,smockings,колготки,no_equality
22762,smockings,чулков,no_equality
22763,smockings,чулочки,no_equality
22764,smockings,чулком,no_equality
22765,deceiver,обманщик,trompeur
22766,deceiver,обманщик,imposteur
22767,deceiver,обманщик,tricheur
22768,deceiver,обманщик,menteur
22769,deceiver,обольститель,no_equality
22770,deceiver,обманщица,tricheur
22771,hard-ons,стояки,no_equality
22772,desiccating,высушивание,no_equality
22773,stand_still,тупик,point mort
22774,stand_still,тупик,impasse
22775,stand_still,тупик,blocage
22776,stand_still,застой,point mort
22777,stand_still,застой,stagnation
22778,stand_still,застой,blocage
22779,stand_still,моратория,moratoire
22780,stand_still,моратория,suspension
22781,stand_still,остановился,no_equality
22782,stand_still,мертвой точке,point mort
22783,stand_still,мертвой точки,point mort
22784,stand_still,мертвой точки,impasse
22785,stand_still,мораторий,moratoire
22786,stand_still,мораторий,suspension
22787,stand_still,мораторий,gel
22788,stand_still,остановке,arrêt
22789,dealings,отношениях,relation
22790,dealings,операций,opération
22791,dealings,сделки,affaire
22792,dealings,сделки,arrangement
22793,dealings,сделок,transaction
22794,dealings,сделок,opération
22795,dealings,отношений,relation
22796,dealings,отношений,rapport
22797,dealings,отношений,affaire
22798,dealings,отношений,arrangement
22799,dealings,отношения,relation
22800,dealings,сделках,transaction
22801,dealings,сделках,opération
22802,dealings,контактах,relation
22803,dealings,контактах,contact
22804,dealings,делах,affaire
22805,dealings,взаимоотношениях,relation
22806,dealings,взаимоотношениях,rapport
22807,dealings,дела,affaire
22808,dealings,общении,no_equality
22809,dealings,контакты,rapport
22810,dealings,контакты,échange
22811,dealings,контакты,contact
22812,dealings,контактов,contact
22813,dealings,обращении,no_equality
22814,revert,возвращаться,revenir
22815,revert,возвращаться,retourner
22816,revert,возвращаться,reprendre
22817,revert,обращаться,no_equality
22818,revert,перейти,no_equality
22819,unfamiliar,незнакомый,inconnu
22820,unfamiliar,незнакомый,étranger
22821,unfamiliar,незнакомый,étrange
22822,unfamiliar,неизвестный,inconnu
22823,unfamiliar,непривычный,no_equality
22824,unfamiliar,чуждый,no_equality
22825,unfamiliar,непонятный,no_equality
22826,grubbily,грязный,no_equality
22827,grubbily,чумазый,no_equality
22828,grubbily,неряшливые,no_equality
22829,grubbily,грабби,no_equality
22830,Acapulcoes,акапулько,acapulco
22831,proving,доказывающий,no_equality
22832,proving,обосновывающий,no_equality
22833,proving,доказавший,no_equality
22834,proving,доказательство,preuve
22835,proving,доказательство,démonstration
22836,proving,доказательство,prouver
22837,proving,доказательство,prouve
22838,proving,доказательство,prouvent
22839,proving,испытание,no_equality
22840,proving,испытательный,no_equality
22841,hues,оттенков,couleur
22842,calculus,исчисление,calcul
22843,calculus,камень,calcul
22844,calculus,зубной камень,no_equality
22845,calculus,счисления,no_equality
22846,rung,ступенька,no_equality
22847,rung,звено,no_equality
22848,rung,звонивший,no_equality
22849,cottages,коттеджей,cottage
22850,cottages,коттеджи,no_equality
22851,cottages,коттеджах,no_equality
22852,cottages,избы,no_equality
22853,cottages,коттеджами,no_equality
22854,cottages,дачи,no_equality
22855,cottages,строила похожие дома,maison
22856,tattoos,татуировки,tatouage
22857,tattoos,татуировки,tatouer
22858,tattoos,тату,tatouage
22859,tattoos,тату,tatouer
22860,tattoos,тату,tatou
22861,tattoos,татуировок,tatouage
22862,tattoos,татуировками,tatouage
22863,tattoos,татуировками,tatoué
22864,tattoos,татуировках,tatouage
22865,tattoos,татуировках,tatoué
22866,tattoos,татуировка,tatouage
22867,tattoos,татуировка,tatoué
22868,tattoos,татуировку,tatouage
22869,tattoos,татуировку,tatouer
22870,tattoos,татуировкам,no_equality
22871,tattoos,татушки,tatouage
22872,tattoos,татушки,tatouer
22873,tattoos,татушками,no_equality
22874,tattoos,наколки,tatouage
22875,tattoos,татухами,no_equality
22876,tattoos,татушек,tatouage
22877,fifths,пятых,cinquième
22878,fifths,пятыми,no_equality
22879,stark,суровым,brutal
22880,stark,суровым,sévère
22881,stark,суровая,sévère
22882,stark,старк,no_equality
22883,stark,старка,no_equality
22884,stark,старком,no_equality
22885,stark,старку,no_equality
22886,stark,старков,no_equality
22887,stark,ярким,frappant
22888,stark,суровой,sévère
22889,stark,наглядным,no_equality
22890,stark,жестким,dur
22891,stark,жестким,sévère
22892,stark,вопиющим,flagrante
22893,stark,суровую,no_equality
22894,stark,голая,no_equality
22895,stark,старке,no_equality
22896,stark,старки,no_equality
22897,atypical,нетипичный,atypique
22898,atypical,атипичный,atypique
22899,atypical,нестандартных,no_equality
22900,atypical,нестандартной,no_equality
22901,atypical,нетипичное,no_equality
22902,atypical,атипичными,no_equality
22903,atypical,нетрадиционных,no_equality
22904,atypical,атипичных,no_equality
22905,atypical,нетипичную,no_equality
22906,Belgium,Бельгия,no_equality
22907,kickings,ногами,no_equality
22908,beekeepings,пчеловодство,apiculture
22909,beekeepings,пчеловодческий,no_equality
22910,beekeepings,меда,no_equality
22911,beekeepings,разведение пчел,no_equality
22912,symbolizing,символизирующий,no_equality
22913,symbolizing,символизируя,no_equality
22914,symbolizing,символизирует,no_equality
22915,symbolizing,символизирующая,no_equality
22916,symbolizing,символизирующей,no_equality
22917,symbolizing,символизирующую,no_equality
22918,symbolizing,символизирующим,no_equality
22919,symbolizing,символизируют,no_equality
22920,symbolizing,символизирующее,no_equality
22921,turtlers,черепах,tortue
22922,turtlers,черепахи,tortue
22923,turtlers,черепашек,tortue
22924,turtlers,черепахами,tortue
22925,turtlers,черепашки,tortue
22926,turtlers,черепахах,no_equality
22927,turtlers,черепахам,no_equality
22928,turtlers,черепашках,no_equality
22929,turtlers,черепашками,no_equality
22930,ampules,ампулы,ampoule
22931,inventively,изобретательно,no_equality
22932,inventively,с выдумкой,no_equality
22933,inventively,находчиво,no_equality
22934,enclose,приложить,joindre
22935,enclose,прилагаю,no_equality
22936,enclose,включать,contenir
22937,enclose,включать,inclure
22938,enclose,включать,englober
22939,enclose,прилагаем,no_equality
22940,enclose,огородить,no_equality
22941,enclose,к настоящему письму,no_equality
22942,enclose,заключают,no_equality
22943,enclose,сделать его герметичным,no_equality
22944,figure,цифра,chiffre
22945,figure,цифра,nombre
22946,figure,цифра,pourcentage
22947,figure,показатель,chiffre
22948,figure,показатель,nombre
22949,figure,показатель,pourcentage
22950,figure,показатель,taux
22951,figure,рис,figure
22952,figure,рисунок,figure
22953,figure,рисунок,image
22954,figure,фигура,figure
22955,figure,фигура,personnage
22956,figure,фигура,silhouette
22957,figure,фигура,personnalité
22958,figure,диаграмма,figure
22959,figure,диаграмма,diagramme
22960,figure,число,chiffre
22961,figure,число,nombre
22962,figure,число,taux
22963,figure,сумма,chiffre
22964,figure,понимаю,no_equality
22965,figure,считать,penser
22966,figure,считать,voir
22967,figure,считать,supposer
22968,figure,фигурировать,figurer
22969,figure,данные,chiffre
22970,figure,на диаграмме,no_equality
22971,figure,думаю,no_equality
22972,figure,деятель,personnalité
22973,figure,суммы,chiffre
22974,figure,доля,no_equality
22975,figure,личность,personnage
22976,figure,личность,personnalité
22977,figure,фигурка,silhouette
22978,figure,фигурка,figurine
22979,figure,числа,chiffre
22980,figure,числа,nombre
22981,figure,числа,pourcentage
22982,figure,числа,taux
22983,figure,играть важную роль,no_equality
22984,patness,партнеров,no_equality
22985,patness,партнерами,no_equality
22986,patness,партнеры,no_equality
22987,patness,партнерам,no_equality
22988,patness,партнера,no_equality
22989,patness,партнерах,no_equality
22990,patness,напарники,no_equality
22991,patness,напарниками,no_equality
22992,patness,партнером,no_equality
22993,patness,участниками,no_equality
22994,patness,партнерс,no_equality
22995,patness,сотрудничает,no_equality
22996,patness,супругами,no_equality
22997,patness,сожителей,no_equality
22998,patness,partners,no_equality
22999,cranes,краны,grue
23000,cranes,краны,robinet
23001,cranes,кранов,grue
23002,cranes,кранов,robinet
23003,cranes,журавлей,grue
23004,cranes,кранами,robinet
23005,cranes,журавликов,no_equality
23006,cranes,кранах,no_equality
23007,cranes,автокраны,no_equality
23008,cranes,подъемных устройств,no_equality
23009,cranes,журавли,no_equality
23010,bathing,купание,no_equality
23011,bathing,купальный,no_equality
23012,bathing,плавки,no_equality
23013,bathing,мыться,no_equality
23014,bathing,купается,no_equality
23015,bathing,купальники,no_equality
23016,bathing,купальниках,no_equality
23017,bathing,купаться,no_equality
23018,bathing,мытья,bain
23019,bathing,ванной,baignoire
23020,ingenuity,изобретательность,ingéniosité
23021,ingenuity,изобретательность,ingénuité
23022,ingenuity,изобретательность,inventivité
23023,ingenuity,изобретательность,créativité
23024,ingenuity,находчивость,ingéniosité
23025,ingenuity,умение,habileté
23026,ingenuity,смекалку,no_equality
23027,ingenuity,смекалке,no_equality
23028,ingenuity,изобретательными,ingéniosité
23029,ingenuity,изобретательства,no_equality
23030,ingenuity,изобретательные,no_equality
23031,ingenuity,мастерства,habileté
23032,reunited,воссоединенный,no_equality
23033,reunited,воссоединившийся,no_equality
23034,preoccupy,занять,no_equality
23035,preoccupy,волновать,préoccuper
23036,preoccupy,поглощать,no_equality
23037,separatenesses,отдельность,no_equality
23038,separatenesses,реально теперь - отдельность,no_equality
23039,monstrously,чудовищно,monstrueusement
23040,erroneously,ошибочно,par erreur
23041,erroneously,ошибочно,à tort
23042,erroneously,ошибочно,erronément
23043,erroneously,ошибочно,faussement
23044,erroneously,ошибочно,erroné
23045,roses,розы,rose
23046,roses,розы,rosier
23047,roses,роз,rose
23048,roses,роз,rosier
23049,roses,розами,rose
23050,roses,розах,no_equality
23051,roses,румянец,no_equality
23052,roses,шиповника,no_equality
23053,roses,розам,no_equality
23054,topology,топология,topologie
23055,netting,взаимозачет,no_equality
23056,netting,сетка,filet
23057,netting,сетка,grillage
23058,netting,сетка,moustiquaire
23059,netting,сетка,maillage
23060,netting,о взаимозачете,no_equality
23061,netting,взаимозачетом,no_equality
23062,netting,сальдирования,no_equality
23063,netting,сетчатость,no_equality
23064,netting,программы определения нетто-выброса,no_equality
23065,netting,о взаимных расчетах,no_equality
23066,netting,элиминация цен,no_equality
23067,netting,взаимная компенсация обязательств и активов,no_equality
23068,discoverer,первооткрыватель,découvreur
23069,discoverer,первооткрыватель,inventeur
23070,discoverer,исследователь,explorateur
23071,discoverer,исследовательница,no_equality
23072,discoverer,автор открытия,no_equality
23073,discoverer,открыватель,no_equality
23074,discoverer,открывшего,no_equality
23075,doormen,швейцаров,portier
23076,doormen,швейцары,no_equality
23077,doormen,швейцарами,no_equality
23078,doormen,швейцара,no_equality
23079,doormen,швейцар,portier
23080,doormen,швейцару,portier
23081,doormen,швейцаром,portier
23082,doormen,портье,portier
23083,dosing,дозирование,no_equality
23084,dosing,дозирующим,no_equality
23085,dosing,травили,no_equality
23086,dosing,дозированной подачи,no_equality
23087,dosing,дозировкой,no_equality
23088,dosing,дозировке,dosage
23089,dosing,дозирующие,no_equality
23090,dosing,дозирующих,no_equality
23091,dosing,накачивал,no_equality
23092,dosing,дозировочные,no_equality
23093,dosing,дозу,dosage
23094,dosing,процесса дозировки,dosage
23095,dosing,список дозировок,no_equality
23096,dosing,гестационные,no_equality
23097,armors,доспехов,armure
23098,incarcerate,заключить в тюрьму,emprisonner
23099,incarcerate,заключать в тюрьму,emprisonner
23100,incarcerate,посадить,emprisonner
23101,incarcerate,арестовать,no_equality
23102,contributions,взносов,contribution
23103,contributions,взносов,cotisation
23104,contributions,взносов,quotes-parts
23105,contributions,взносов,don
23106,contributions,взносов,versées
23107,contributions,взносов,versement
23108,contributions,взносы,contribution
23109,contributions,взносы,cotisation
23110,contributions,взносы,quotes-parts
23111,contributions,взносы,don
23112,contributions,вклад,contribution
23113,contributions,взносам,contribution
23114,contributions,взносам,cotisation
23115,contributions,вклада,no_equality
23116,contributions,взносах,contribution
23117,contributions,взносах,cotisation
23118,contributions,взносах,quotes-parts
23119,contributions,взносами,contribution
23120,contributions,взносами,cotisation
23121,contributions,материалы,no_equality
23122,contributions,вклады,no_equality
23123,contributions,вкладе,contribution
23124,contributions,вкладов,contribution
23125,contributions,материалов,no_equality
23126,contributions,вкладом,contribution
23127,contributions,вкладу,contribution
23128,contributions,участие,contribution
23129,contributions,участие,contribué
23130,contributions,участие,intervention
23131,relocation,переселение,no_equality
23132,relocation,перевод,transfert
23133,relocation,перевод,redéploiement
23134,relocation,перемещение,réinstallation
23135,relocation,перемещение,transfert
23136,relocation,перемещение,délocalisation
23137,relocation,перемещение,déplacement
23138,relocation,переезд,réinstallation
23139,relocation,переезд,déménagement
23140,relocation,переезд,transfert
23141,relocation,передислокация,redéploiement
23142,relocation,перенос,transfert
23143,relocation,перебазирование,délocalisation
23144,relocation,передача,transfert
23145,relocation,расселения,réinstallation
23146,relocation,расселения,relogement
23147,relocation,перебазированием,no_equality
23148,relocation,перебазировании,no_equality
23149,Hyderabads,хайдарабаде,hyderabad
23150,Hyderabads,хайдарабад,hyderabad
23151,Hyderabads,хайдерабаде,no_equality
23152,Hyderabads,хайдерабад,no_equality
23153,Hyderabads,хайдарабада,no_equality
23154,slovenliness,неряшливость,no_equality
23155,dieticians,диетологов,nutritionniste
23156,dieticians,диетологами,no_equality
23157,Burts,болит,no_equality
23158,Burts,ранит,no_equality
23159,Burts,причиняет боль,no_equality
23160,Burts,навредит,no_equality
23161,Burts,вредит,no_equality
23162,Burts,неприятно,no_equality
23163,Burts,болят,no_equality
23164,Burts,тяжело,no_equality
23165,Burts,задевает,no_equality
23166,Burts,больно,no_equality
23167,Burts,больнее,no_equality
23168,Burts,повредит,no_equality
23169,Burts,раскалывается,no_equality
23170,Burts,боли,no_equality
23171,Burts,бьет,no_equality
23172,abominator,мерзость,no_equality
23173,abominator,выродок,no_equality
23174,abominator,отвращение,no_equality
23175,abominator,скверны,no_equality
23176,abominator,за гадость,no_equality
23177,abominator,отвратительно,no_equality
23178,rehearse,репетировать,répéter
23179,rehearse,отрепетировать,répéter
23180,rehearse,отрепетировать,répétition
23181,rehearse,порепетировать,répéter
23182,rehearse,репетиции,no_equality
23183,rehearse,прорепетировать,répéter
23184,rehearse,репетицию,no_equality
23185,rehearse,отработки,no_equality
23186,rehearse,порепетируем,no_equality
23187,rehearse,репетиция,no_equality
23188,Poseidons,посейдон,no_equality
23189,Poseidons,посейдона,no_equality
23190,Poseidons,посейдоном,no_equality
23191,Poseidons,посейдону,no_equality
23192,index,индекс,indice
23193,index,индекс,index
23194,index,показатель,indice
23195,index,показатель,indicateur
23196,index,указатель,index
23197,index,указатель,indicateur
23198,index,коэффициент,indice
23199,index,указательный,index
23200,index,индексный,indiciel
23201,index,индексировать,indexer
23202,index,индексации,index
23203,index,индексации,indexation
23204,index,индексации,indexage
23205,index,алфавитный указатель,index
23206,index,предметный указатель,index
23207,index,указательный палец,index
23208,index,проиндексировать,indexer
23209,index,индексирования,index
23210,index,индексирования,indexation
23211,index,индексирования,indexage
23212,index,индексного,no_equality
23213,index,индексным,no_equality
23214,index,index,no_equality
23215,coexist,сосуществовать,coexister
23216,coexist,сосуществовать,cohabiter
23217,coexist,сосуществовать,coexistence
23218,coexist,сосуществовать,co-exister
23219,coexist,сосуществования,no_equality
23220,coexist,ужиться,no_equality
23221,coexist,сосуществованию,no_equality
23222,coexist,существовать параллельно,coexister
23223,coexist,сосуществование,no_equality
23224,miraculous,чудесный,merveilleux
23225,miraculous,чудо,no_equality
23226,miraculous,удивительное,merveilleux
23227,miraculous,чудодейственные,no_equality
23228,miraculous,удивительного,merveilleux
23229,miraculous,удивительные,merveilleux
23230,miraculous,чудом,no_equality
23231,miraculous,чудесным образом,no_equality
23232,regularization,легализация,no_equality
23233,regularization,регуляризация,no_equality
23234,regularization,регулирования,no_equality
23235,regularization,урегулирование,no_equality
23236,regularization,урегулирования статуса,régularisation
23237,regularization,упорядочению,régularisation
23238,regularization,упорядочению,régulariser
23239,regularization,упорядочения,régularisation
23240,regularization,упорядочения,régulariser
23241,regularization,упорядочении,régulariser
23242,regularization,штатную основу,no_equality
23243,regularization,регулирование,régularisation
23244,regularization,упорядочение статуса,no_equality
23245,regularization,преобразование,no_equality
23246,pipages,страниц,no_equality
23247,pipages,страницы,no_equality
23248,pipages,страницах,no_equality
23249,pipages,стр,no_equality
23250,pipages,страницами,no_equality
23251,pipages,страницам,no_equality
23252,pipages,страницу,no_equality
23253,pipages,сайта,no_equality
23254,pipages,странице,no_equality
23255,pipages,листы,no_equality
23256,pipages,сайтов,no_equality
23257,pipages,страничек,no_equality
23258,pipages,листов,no_equality
23259,pipages,pages,no_equality
23260,pipages,листах,no_equality
23261,pollster,социолог,sondeur
23262,pollster,опросчик,no_equality
23263,dismissal,увольнение,licenciement
23264,dismissal,увольнение,renvoi
23265,dismissal,увольнение,congédiement
23266,dismissal,увольнение,révocation
23267,dismissal,увольнение,destitution
23268,dismissal,увольнение,démission
23269,dismissal,увольнения,licenciement
23270,dismissal,увольнения,renvoi
23271,dismissal,увольнения,révocation
23272,dismissal,отклонение,rejet
23273,dismissal,отставка,démission
23274,dismissal,отклонения,rejet
23275,dismissal,отклонения,refus
23276,dismissal,уволены,licencié
23277,dismissal,отстранения от должности,renvoi
23278,dismissal,отстранения от должности,révocation
23279,dismissal,отстранения от должности,destitution
23280,dismissal,отказ,rejet
23281,dismissal,отказ,abandon
23282,dismissal,отказ,refus
23283,dismissal,отстранение от должности,révocation
23284,dismissal,прекращение,abandon
23285,dismissal,роспуск,no_equality
23286,dismissal,отрешение,révocation
23287,dismissal,уволен,licencié
23288,dismissal,уволен,congédié
23289,dismissal,смещения,révocation
23290,dismissal,смещения,destitution
23291,dismissal,снятия,no_equality
23292,dismissal,об отклонении,rejet
23293,doomed,обречённый,no_equality
23294,doomed,обречен,condamné
23295,doomed,обречен,foutu
23296,doomed,обречен,maudit
23297,doomed,обреченной,no_equality
23298,doomed,обреченных,no_equality
23299,doomed,обречённого,no_equality
23300,doomed,обреченные,no_equality
23301,doomed,обреченным,no_equality
23302,doomed,обреченная,no_equality
23303,doomed,обрекло,no_equality
23304,doomed,конец,no_equality
23305,doomed,крышка,no_equality
23306,doomed,обрекли,no_equality
23307,Jefferson,джефферсон,jeffersonian
23308,Jefferson,джефферсон,jefferson
23309,Jefferson,джеферсон,jeffersonian
23310,Jefferson,джеферсон,jefferson
23311,Jefferson,джефферсона,jeffersonian
23312,Jefferson,джефферсона,jefferson
23313,Jefferson,джефферсоном,jefferson
23314,Jefferson,джеферсона,jeffersonian
23315,Jefferson,джеферсона,jefferson
23316,Jefferson,джефферсону,jefferson
23317,Jefferson,джефферсоне,jeffersonian
23318,Jefferson,джэфферсон,jefferson
23319,floggings,порке,flagellation
23320,floggings,порке,fouet
23321,floggings,порки,flagellation
23322,floggings,порок,no_equality
23323,floggings,порку,flagellation
23324,floggings,бичевание,no_equality
23325,floggings,телесным наказаниям,no_equality
23326,floggings,порка,flagellation
23327,retentions,гарантийные отчисления,no_equality
23328,communed,общался,no_equality
23329,taxidermy,таксидермия,no_equality
23330,bobbing,болтается,no_equality
23331,bobbing,вылавливание,no_equality
23332,garters,подвязки,porte-jarretelles
23333,garters,подвязки,jarretelle
23334,garters,подвязки,jarretière
23335,garters,подтяжки,no_equality
23336,garters,подвязками,no_equality
23337,garters,подвязках,jarretière
23338,garters,подвязок,no_equality
23339,garters,шкуру спущу,no_equality
23340,deformational,информационный,no_equality
23341,deformational,информации,no_equality
23342,deformational,информативного,no_equality
23343,compromised,скомпрометированы,no_equality
23344,compromised,под угрозой,no_equality
23345,compromised,скомпрометирован,no_equality
23346,compromised,скомпрометирована,no_equality
23347,compromised,подрывает,compromettre
23348,compromised,подрывает,compromet
23349,compromised,подрывает,compromettent
23350,compromised,нарушена,endommagé
23351,compromised,нарушена,compromise
23352,compromised,подорвана,compromise
23353,compromised,поставлены под угрозу,no_equality
23354,compromised,подорваны,no_equality
23355,compromised,опасности,no_equality
23356,compromised,скомпрометировано,no_equality
23357,compromised,подрывается,compromet
23358,compromised,скомпрометировали,no_equality
23359,compromised,скомпрометировать,no_equality
23360,compromised,подорвали,compromettent
23361,compromised,подорвали,compromettait
23362,familiarized,ознакомлены,no_equality
23363,familiarized,знакомятся,no_equality
23364,familiarized,ознакомили,no_equality
23365,familiarized,ознакомил,no_equality
23366,familiarized,знакомят,familiarisent
23367,familiarized,ознакомлен,no_equality
23368,familiarized,ознакомились,no_equality
23369,familiarized,ознакомилась,no_equality
23370,familiarized,ознакомился,no_equality
23371,familiarized,ознакомление,no_equality
23372,familiarized,ознакомившись,no_equality
23373,familiarized,знакомить,no_equality
23374,familiarized,ознакомлении,no_equality
23375,familiarized,знакомились,no_equality
23376,soirees,вечеринок,no_equality
23377,soirees,званых вечеров,soirée
23378,soirees,суаре,no_equality
23379,crudely,грубо говоря,no_equality
23380,cadaver,труп,cadavre
23381,cadaver,из трупов,no_equality
23382,suffragettes,суфражистки,no_equality
23383,suffragettes,суфражисток,no_equality
23384,carcinogen,канцероген,cancérigène
23385,carcinogen,канцерогенным,no_equality
23386,carcinogen,оказывает канцерогенное воздействие на,no_equality
23387,carcinogen,канцерогена,no_equality
23388,carcinogen,обладать канцерогенными свойствами,no_equality
23389,carcinogen,канцерогенного вещества,cancérogène
23390,patterns,моделей,modèle
23391,patterns,моделей,mode
23392,patterns,моделей,schéma
23393,patterns,моделей,forme
23394,patterns,моделей,structure
23395,patterns,моделей,type
23396,patterns,модели,modèle
23397,patterns,модели,mode
23398,patterns,модели,schéma
23399,patterns,модели,structure
23400,patterns,модели,type
23401,patterns,структуры,structure
23402,patterns,структур,mode
23403,patterns,структур,structure
23404,patterns,тенденции,tendance
23405,patterns,моделях,modèle
23406,patterns,моделях,mode
23407,patterns,моделях,schéma
23408,patterns,структуре,mode
23409,patterns,структуре,structure
23410,patterns,схемы,modèle
23411,patterns,схемы,mode
23412,patterns,схемы,schéma
23413,patterns,схемы,structure
23414,patterns,характер,caractéristique
23415,patterns,характер,type
23416,patterns,структура,structure
23417,patterns,характера,caractéristique
23418,patterns,характера,type
23419,patterns,моделям,modèle
23420,patterns,моделям,mode
23421,patterns,моделям,schéma
23422,patterns,схем,modèle
23423,patterns,схем,mode
23424,patterns,схем,schéma
23425,patterns,структуру,no_equality
23426,patterns,форм,mode
23427,patterns,форм,schéma
23428,patterns,форм,forme
23429,choreographed,хореографический,no_equality
23430,pick_up,забрать,prendre
23431,pick_up,забрать,chercher
23432,pick_up,забрать,récupérer
23433,pick_up,забрать,reprendre
23434,pick_up,забрать,ramener
23435,pick_up,взять,prendre
23436,pick_up,взять,chercher
23437,pick_up,взять,récupérer
23438,pick_up,взять,ramener
23439,pick_up,взять,attraper
23440,pick_up,поднять,ramasser
23441,pick_up,поднять,relever
23442,pick_up,забирать,prendre
23443,pick_up,забирать,chercher
23444,pick_up,забирать,ramasser
23445,pick_up,забирать,récupérer
23446,pick_up,забирать,reprendre
23447,pick_up,забирать,saisir
23448,pick_up,забирать,ramener
23449,pick_up,подобрать,ramasser
23450,pick_up,подобрать,récupérer
23451,pick_up,подобрать,choisir
23452,pick_up,ответить,décrocher
23453,pick_up,ответить,relever
23454,pick_up,ответить,payer
23455,pick_up,купить,prendre
23456,pick_up,купить,chercher
23457,pick_up,купить,payer
23458,pick_up,брать,prendre
23459,pick_up,подцепить,ramasser
23460,pick_up,подцепить,draguer
23461,pick_up,подцепить,attraper
23462,pick_up,захватить,prendre
23463,pick_up,захватить,récupérer
23464,pick_up,захватить,reprendre
23465,pick_up,захватить,saisir
23466,pick_up,захватить,attraper
23467,pick_up,выбрать,prendre
23468,pick_up,выбрать,choisir
23469,pick_up,подбирать,ramasser
23470,pick_up,подбирать,choisir
23471,pick_up,продолжить,reprendre
23472,pick_up,возьми трубку,no_equality
23473,pick_up,встретить,no_equality
23474,pick_up,поднимать,ramasser
23475,pick_up,поднимать,relever
23476,pick_up,нахвататься,no_equality
23477,pick_up,подцеплять,no_equality
23478,mis,суи,sig
23479,mis,мкнз,no_equality
23480,mis,уис,no_equality
23481,mis,мис,no_equality
23482,mis,ски,no_equality
23483,mis,мрб,no_equality
23484,mis,ису,no_equality
23485,mis,оши,no_equality
23486,mis,служб управленческой информации,no_equality
23487,mis,mis,no_equality
23488,mis,сри,no_equality
23489,mis,отверженные,no_equality
23490,mis,суп,no_equality
23491,mis,смд,no_equality
23492,mis,мих,no_equality
23493,guide,руководство,guide
23494,guide,руководство,manuel
23495,guide,руководство,orientation
23496,guide,справочник,guide
23497,guide,справочник,manuel
23498,guide,гид,guide
23499,guide,проводник,guide
23500,guide,пособие,guide
23501,guide,пособие,manuel
23502,guide,направления,orientation
23503,guide,пособия,guide
23504,guide,пособия,manuel
23505,guide,путеводитель,guide
23506,guide,руководствоваться,guider
23507,guide,руководствоваться,orienter
23508,guide,направлять,no_equality
23509,guide,руководить,guider
23510,guide,руководить,orienter
23511,guide,руководить,conduire
23512,guide,руководить,diriger
23513,guide,определять,guider
23514,guide,направить,guider
23515,guide,направить,orienter
23516,guide,направить,diriger
23517,guide,ориентировать,guider
23518,guide,ориентировать,orienter
23519,guide,вести,guider
23520,guide,вести,conduire
23521,guide,вести,diriger
23522,guide,управлять,guider
23523,guide,управлять,conduire
23524,guide,управлять,diriger
23525,guide,руководстве,orientation
23526,guide,поводырь,guide
23527,guide,инструкция,manuel
23528,guide,указатель,indicateur
23529,guide,провожатый,no_equality
23530,guide,учебник,manuel
23531,guide,наводить,no_equality
23532,guide,руководящий принцип,no_equality
23533,tallies,совпадает,no_equality
23534,tallies,избирательные бюллетени,no_equality
23535,earns,зарабатывает,gagne
23536,earns,зарабатывает,gagnent
23537,earns,получает,gagne
23538,earns,получает,tire
23539,earns,получает,obtient
23540,earns,получает,touche
23541,earns,получает,reçoit
23542,earns,получает,perçoit
23543,earns,получает,acquiert
23544,earns,будет зарабатывать,no_equality
23545,envelopes,конверты,no_equality
23546,envelopes,конвертов,enveloppe
23547,envelopes,конвертах,enveloppe
23548,envelopes,конверт,enveloppe
23549,envelopes,конвертами,no_equality
23550,envelopes,конвертам,no_equality
23551,envelopes,пакетами,no_equality
23552,envelopes,оболочек,no_equality
23553,envelopes,конверта,enveloppe
23554,envelopes,пакеты,sachet
23555,rinse,промыть,rincer
23556,rinse,промыть,laver
23557,rinse,смыть,laver
23558,rinse,прополоскать,no_equality
23559,rinse,сполоснуть,rincer
23560,rinse,ополаскивать,no_equality
23561,rinse,полоскать,rincer
23562,rinse,промывать,laver
23563,rinse,промывание,lavage
23564,rinse,полоскание,rinçage
23565,rinse,промывные,no_equality
23566,rinse,ополоснуть,no_equality
23567,rinse,смоем,no_equality
23568,rinse,помыть,rincer
23569,rinse,помыть,laver
23570,guardrails,перила,garde-corps
23571,guardrails,перила,rambarde
23572,guardrails,ограды,no_equality
23573,rained,шел дождь,no_equality
23574,rained,дождь шел,no_equality
23575,rained,было дождя,no_equality
23576,rained,осыпал,no_equality
23577,rained,пошел дождь,no_equality
23578,insensitive,нечувствительный,no_equality
23579,insensitive,равнодушный,insensible
23580,insensitive,бесчувственный,insensible
23581,insensitive,бесчувственный,indélicat
23582,insensitive,бестактный,indélicat
23583,cultivator,земледелец,no_equality
23584,cultivator,культиватор,no_equality
23585,cultivator,совершенствующийся,no_equality
23586,cultivator,культиваторный,no_equality
23587,wormholes,червоточины,vortex
23588,wormholes,червоточины,trous de ver
23589,wormholes,червоточин,vortex
23590,wormholes,кротовые норы,no_equality
23591,wormholes,туннели,no_equality
23592,wormholes,червоточинами,no_equality
23593,wormholes,червоточина,vortex
23594,administratively,административно,administrativement
23595,administratively,административном отношении,administrativement
23596,administratively,административном отношении,vue administratif
23597,administratively,административном плане,administrativement
23598,administratively,административном плане,vue administratif
23599,administratively,административной точки зрения,administration
23600,administratively,административной точки зрения,administrer
23601,administratively,в административном порядке,administrativement
23602,administratively,в административном порядке,sur le plan administratif
23603,administratively,административную,no_equality
23604,administratively,под административным,no_equality
23605,administratively,административное,no_equality
23606,administratively,административного,no_equality
23607,administratively,административная,administration
23608,astronomers,астрономы,astronome
23609,astronomers,астрономов,no_equality
23610,astronomers,астрономами,astronome
23611,astronomers,астрономам,astronome
23612,circumnavigate,плавать вокруг,no_equality
23613,usuriously,серьезно,sérieusement
23614,usuriously,серьезно,au sérieux
23615,usuriously,серьезно,gravement
23616,usuriously,серьезно,vraiment
23617,usuriously,серьезно,très
23618,usuriously,серьезно,fortement
23619,usuriously,серьезно,considérablement
23620,usuriously,серьезно,franchement
23621,usuriously,серьезно,profondément
23622,usuriously,серьезно,vivement
23623,usuriously,серьезно,durement
23624,usuriously,серьезно,sévèrement
23625,usuriously,серьезно,grave
23626,usuriously,всерьез,no_equality
23627,usuriously,действительно,sérieusement
23628,usuriously,действительно,vraiment
23629,usuriously,действительно,très
23630,usuriously,сильно,gravement
23631,usuriously,сильно,vraiment
23632,usuriously,сильно,très
23633,usuriously,сильно,fortement
23634,usuriously,сильно,considérablement
23635,usuriously,сильно,profondément
23636,usuriously,сильно,vivement
23637,usuriously,сильно,durement
23638,usuriously,существенно,sérieusement
23639,usuriously,существенно,gravement
23640,usuriously,существенно,très
23641,usuriously,существенно,fortement
23642,usuriously,существенно,considérablement
23643,usuriously,существенно,profondément
23644,usuriously,существенно,grandement
23645,usuriously,значительно,très
23646,usuriously,значительно,fortement
23647,usuriously,значительно,considérablement
23648,usuriously,значительно,grandement
23649,usuriously,реально,sérieusement
23650,usuriously,реально,vraiment
23651,usuriously,реально,très
23652,usuriously,правда,sérieusement
23653,usuriously,правда,vraiment
23654,usuriously,серьезные,no_equality
23655,usuriously,серьезным образом,sérieusement
23656,usuriously,серьезным образом,gravement
23657,usuriously,серьезным образом,fortement
23658,usuriously,серьезным образом,considérablement
23659,usuriously,серьезную,no_equality
23660,usuriously,серьезное,no_equality
23661,usuriously,серьезной,no_equality
23662,usuriously,тяжело,gravement
23663,usuriously,тяжело,grièvement
23664,usuriously,тяжело,durement
23665,usuriously,серьезного,sérieusement
23666,usuriously,серьезного,gravement
23667,usuriously,серьезного,grave
23668,usuriously,кроме шуток,sérieusement
23669,usuriously,кроме шуток,blague à part
23670,Fredericks,фредерикс,fredericks
23671,Fredericks,фредерикса,fredericks
23672,Fredericks,фредрикс,fredricks
23673,Fredericks,фредериксона,fredericks
23674,Fredericks,фредриксона,no_equality
23675,Fredericks,фредериксу,no_equality
23676,Fredericks,фредрикса,no_equality
23677,Fredericks,фредериксов,no_equality
23678,substantival,существенный,no_equality
23679,substantival,значительный,no_equality
23680,substantival,серьезный,no_equality
23681,substantival,важный,no_equality
23682,substantival,предметный,no_equality
23683,substantival,солидный,no_equality
23684,substantival,значительно,no_equality
23685,substantival,крупные,no_equality
23686,substantival,большое,no_equality
23687,substantival,существу,no_equality
23688,substantival,существа,no_equality
23689,substantival,большие,no_equality
23690,substantival,веские,no_equality
23691,substantival,большого,no_equality
23692,substantival,содержательный,no_equality
23693,substantival,основательный,no_equality
23694,substantival,прочный,no_equality
23695,substantival,материальный,no_equality
23696,bracts,растрескавшиеся кроющие листы,no_equality
23697,cusses,ругается,no_equality
23698,moralizing,морализирование,no_equality
23699,moralizing,нравоучительный,no_equality
23700,moralizing,морализаторства,no_equality
23701,moralizing,морали,morale
23702,moralizing,свои нравоучения,no_equality
23703,home,домой,domicile
23704,home,домой,chez toi
23705,home,домой,chez vous
23706,home,домой,à la maison
23707,home,домой,retour
23708,home,дома,no_equality
23709,home,дом,maison
23710,home,дом,domicile
23711,home,дом,foyer
23712,home,дом,logis
23713,home,родина,foyer
23714,home,жилище,domicile
23715,home,жилище,foyer
23716,home,жилище,logis
23717,home,жилье,maison
23718,home,жилье,domicile
23719,home,домашние,maison
23720,home,домашние,domestique
23721,home,приют,maison
23722,home,приют,foyer
23723,home,родные,origine
23724,home,домашний,domestique
23725,home,родной,no_equality
23726,home,внутренний,domestique
23727,home,внутренний,intérieur
23728,home,внутренний,national
23729,home,семье,maison
23730,home,семье,domicile
23731,home,семье,foyer
23732,home,вернулся,no_equality
23733,home,базирования,no_equality
23734,home,происхождения,origine
23735,home,домашний очаг,no_equality
23736,home,на родину,no_equality
23737,dispassionately,бесстрастно,no_equality
23738,dispassionately,спокойно,avec calme
23739,dispassionately,хладнокровно,no_equality
23740,strong,сильный,fort
23741,strong,сильный,solide
23742,strong,сильный,puissant
23743,strong,сильный,vigoureux
23744,strong,сильный,force
23745,strong,сильный,robuste
23746,strong,сильный,intense
23747,strong,сильный,costaud
23748,strong,сильный,violent
23749,strong,решительный,fort
23750,strong,решительный,ferme
23751,strong,решительный,résolue
23752,strong,прочный,solide
23753,strong,прочный,résistant
23754,strong,мощный,fort
23755,strong,мощный,solide
23756,strong,мощный,puissant
23757,strong,мощный,vigoureux
23758,strong,мощный,robuste
23759,strong,решительно,vigoureux
23760,strong,высокий,fort
23761,strong,высокий,important
23762,strong,высокий,grand
23763,strong,значительный,fort
23764,strong,значительный,important
23765,strong,значительный,grand
23766,strong,крепкий,fort
23767,strong,крепкий,solide
23768,strong,крепкий,ferme
23769,strong,крепкий,robuste
23770,strong,крепкий,costaud
23771,strong,крепкий,corsé
23772,strong,сильные,no_equality
23773,strong,большой,fort
23774,strong,большой,important
23775,strong,большой,grand
23776,strong,большой,très
23777,strong,твердую,solide
23778,strong,твердую,ferme
23779,strong,твердую,vigoureux
23780,strong,твердую,vif
23781,strong,твердую,résolue
23782,strong,твердой,fort
23783,strong,твердой,solide
23784,strong,твердой,ferme
23785,strong,твердой,vigoureux
23786,strong,твердой,profonde
23787,strong,сильно,fort
23788,strong,сильно,ferme
23789,strong,сильно,très
23790,strong,настоятельный,no_equality
23791,strong,здоровый,fort
23792,strong,здоровый,grand
23793,strong,здоровый,costaud
23794,transgressing,нарушение,no_equality
23795,decisive,решительный,décisif
23796,decisive,решительный,énergique
23797,decisive,решительный,ferme
23798,decisive,решительный,déterminée
23799,decisive,решительный,détermination
23800,decisive,решающий,décisif
23801,decisive,решающий,crucial
23802,decisive,важный,essentiel
23803,decisive,решающее значение,no_equality
23804,decisive,решительно,énergique
23805,decisive,определяющим,décisif
23806,decisive,определяющим,déterminant
23807,decisive,решительность,no_equality
23808,decisive,важнейшим,essentiel
23809,decisive,важнейшим,crucial
23810,decisive,определяющее значение,no_equality
23811,decisive,определяющих,déterminant
23812,decisive,определяющей,déterminant
23813,decisive,определяющими,déterminant
23814,decisive,определяющий,déterminant
23815,mudding,грязевые ванны,les bains de boue
23816,doors,двери,porte
23817,doors,двери,portière
23818,doors,двери,entrée
23819,doors,двери,ouvert
23820,doors,дверей,porte
23821,doors,дверь,no_equality
23822,doors,дверями,no_equality
23823,doors,дверях,porte
23824,doors,дверях,portière
23825,doors,дверьми,no_equality
23826,doors,дверям,porte
23827,doors,ворота,porte
23828,doors,ворота,entrée
23829,doors,дверью,porte
23830,doors,дверью,extérieur
23831,doors,дверцы,porte
23832,doors,дверцы,portière
23833,doors,дорз,doors
23834,doors,дома,no_equality
23835,doors,люки,no_equality
23836,doors,дорс,no_equality
23837,doors,дорса,no_equality
23838,refrigerated,охлажденный,réfrigéré
23839,refrigerated,замороженный,no_equality
23840,refrigerated,рефрижераторный,no_equality
23841,comprehend,постигать,comprendre
23842,comprehend,охватывать,comprendre
23843,comprehend,охватывать,englober
23844,comprehend,воспринимать,no_equality
23845,comprehend,уразуметь,comprendre
23846,Middle_Ages,средневековья,époque médiévale
23847,Middle_Ages,средневековья,moyen-âge
23848,Middle_Ages,средневековья,médiéval
23849,Middle_Ages,средних веков,moyen-âge
23850,Middle_Ages,средние века,moyen âge
23851,Middle_Ages,средние века,moyen-âge
23852,Middle_Ages,средневековье,moyen âge
23853,Middle_Ages,средневековье,époque médiévale
23854,Middle_Ages,средневековье,moyen-âge
23855,Middle_Ages,средневековье,médiéval
23856,Middle_Ages,средневековью,no_equality
23857,Middle_Ages,средневековая,médiéval
23858,Middle_Ages,каменном веке,no_equality
23859,pendants,кулоны,pendentif
23860,pendants,кулонов,pendentif
23861,pendants,подвески,no_equality
23862,pendants,кулоном,pendentif
23863,magnetically,магнетически,no_equality
23864,magnetically,с помощью магнита,no_equality
23865,magnetically,магнитный,no_equality
23866,circumstance,условие,condition
23867,circumstance,случай,cas
23868,circumstance,случай,situation
23869,circumstance,случай,éventualité
23870,circumstance,сложившиеся обстоятельства,no_equality
23871,circumstance,особенность,no_equality
23872,subdivide,произвести разбивку,no_equality
23873,Lombardias,ломбарди,lombardi
23874,oases,оазисов,oasis
23875,oases,оазисах,oasis
23876,oases,оазисы,oasis
23877,oases,оазисами,no_equality
23878,oases,оазиса,oasis
23879,Asiatic,азиатский,asiatique
23880,Asiatic,азиатский,asie
23881,Asiatic,азиат,no_equality
23882,personal,личный,personnel
23883,personal,личный,propre
23884,personal,личный,intime
23885,personal,личный,perso
23886,personal,личный,à titre personnel
23887,personal,персональный,personnel
23888,personal,индивидуальный,individuel
23889,personal,индивидуальный,personnalisé
23890,personal,личностный,personnel
23891,personal,личности,no_equality
23892,personal,собственной,propre
23893,personal,собственного,propre
23894,personal,частной,personnel
23895,personal,частной,privée
23896,personal,удостоверяющих,no_equality
23897,personal,собственное,propre
23898,personal,близко к сердцу,no_equality
23899,personal,человеческое,no_equality
23900,personal,телесные,no_equality
23901,personal,personal,no_equality
23902,personal,лицевой,personnel
23903,correlative,соотносится,no_equality
23904,correlative,корреляционная,no_equality
23905,correlative,коррелятивных,no_equality
23906,correlative,коррелятивное,no_equality
23907,correlative,соотносительное,no_equality
23908,correlative,корреляционное,no_equality
23909,correlative,корреляционную,no_equality
23910,correlative,коррелятивные,no_equality
23911,correlative,коррелятивным,no_equality
23912,correlative,коррелятивного,no_equality
23913,bromines,соединений брома,brome
23914,bromines,атомов брома,atomes de brome
23915,bromines,пятивалентным бромом,brome
23916,relayed,ретранслированный,no_equality
23917,banisters,перила,rampe
23918,banisters,перила,balustrade
23919,encouragements,стимулы,encouragement
23920,encouragements,призывы,no_equality
23921,variant,вариант,variante
23922,variant,вариант,variant
23923,variant,вариант,version
23924,variant,разновидность,variante
23925,variant,разночтение,no_equality
23926,variant,вариант исполнения,variante
23927,variant,вариант исполнения,version
23928,variant,вариант ответа,variante
23929,variant,вариант ответа,version
23930,variant,вариантный,no_equality
23931,variant,отличный от других,no_equality
23932,extract,извлечение,extrait
23933,extract,извлечение,extraction
23934,extract,выдержка,extrait
23935,extract,экстракт,extrait
23936,extract,выписка,no_equality
23937,extract,выдержки,extrait
23938,extract,выдержки,passage
23939,extract,извлечь,extraire
23940,extract,извлечь,tirer
23941,extract,извлекать,no_equality
23942,extract,получить,tirer
23943,extract,получить,obtenir
23944,extract,вытащить,extraire
23945,extract,вытащить,tirer
23946,extract,вытащить,arracher
23947,extract,вытащить,évacuer
23948,extract,вытащить,obtenir
23949,extract,добывать,extraire
23950,extract,добывать,tirer
23951,extract,добывать,obtenir
23952,extract,получения,no_equality
23953,extract,отрывок,no_equality
23954,extract,вытяжка,extrait
23955,extract,вытяжка,extraction
23956,extract,выделить,no_equality
23957,extract,достать,no_equality
23958,extract,выбить,arracher
23959,extract,выбить,soutirer
23960,extract,выбить,obtenir
23961,truthfulnesses,правдивость,véracité
23962,truthfulnesses,правдивость,bonne foi
23963,truthfulnesses,верность,fidélité
23964,truthfulnesses,истинность,véracité
23965,truthfulnesses,истинность,authenticité
23966,truthfulnesses,достоверности,véracité
23967,truthfulnesses,достоверности,authenticité
23968,truthfulnesses,достоверности,exactitude
23969,truthfulnesses,искренности,sincérité
23970,truthfulnesses,искренности,honnêteté
23971,orgy,оргия,orgie
23972,orgy,вакханалия,bacchanale
23973,dip,соус,sauce
23974,dip,окунуть,tremper
23975,dip,окунуть,plonger
23976,dip,дип,no_equality
23977,dip,углубление,creux
23978,dip,погружение,plongeon
23979,dip,погружение,immersion
23980,dip,ныряние,plongeon
23981,dip,окунуться,plonger
23982,dip,окунуться,immerger
23983,dip,макать,tremper
23984,dip,погрузить,tremper
23985,dip,погрузить,plonger
23986,dip,погрузить,immerger
23987,dip,окунать,plonger
23988,dip,макнуть,no_equality
23989,dip,дмз,no_equality
23990,dip,искупаться,no_equality
23991,dip,нырнуть,plonger
23992,constraints,ограничений,contrainte
23993,constraints,ограничений,difficulté
23994,constraints,ограничений,restriction
23995,constraints,ограничений,limite
23996,constraints,ограничения,contrainte
23997,constraints,ограничения,difficulté
23998,constraints,ограничения,obstacle
23999,constraints,ограничения,restriction
24000,constraints,ограничения,limite
24001,constraints,трудности,difficulté
24002,constraints,трудностей,difficulté
24003,constraints,проблем,contrainte
24004,constraints,проблем,difficulté
24005,constraints,проблем,obstacle
24006,constraints,проблем,problème
24007,constraints,проблемы,problème
24008,constraints,препятствий,obstacle
24009,constraints,ограничениями,contrainte
24010,constraints,ограничениями,difficulté
24011,constraints,ограничениями,obstacle
24012,constraints,ограничениями,restriction
24013,constraints,ограничениями,limite
24014,constraints,препятствия,contrainte
24015,constraints,препятствия,difficulté
24016,constraints,препятствия,obstacle
24017,constraints,препятствия,entrave
24018,constraints,нехватки,contrainte
24019,constraints,нехватки,manque
24020,constraints,нехватки,insuffisance
24021,constraints,нехватки,pénurie
24022,constraints,трудностями,contrainte
24023,constraints,трудностями,difficulté
24024,constraints,трудностями,obstacle
24025,constraints,трудностями,problème
24026,constraints,трудностями,restriction
24027,constraints,ограниченности,contrainte
24028,constraints,ограниченности,manque
24029,constraints,ограниченности,limite
24030,constraints,ограниченности,insuffisance
24031,constraints,ограниченности,pénurie
24032,constraints,ограниченность,contrainte
24033,constraints,ограниченность,limite
24034,constraints,ограниченность,insuffisance
24035,constraints,сдерживающих факторов,contrainte
24036,constraints,сдерживающих факторов,entrave
24037,constraints,сдерживающие факторы,contrainte
24038,constraints,сдерживающие факторы,obstacle
24039,barred,запрещено,interdiction
24040,barred,запрещается,interdiction
24041,barred,запрещается,interdisait
24042,barred,запретили,no_equality
24043,barred,запрещен,interdiction
24044,barred,запрещен,banni
24045,barred,запретить,no_equality
24046,barred,отстранены,exclu
24047,barred,отстранены,banni
24048,barred,зарешеченные,no_equality
24049,barred,загражденный,no_equality
24050,barred,запретил,no_equality
24051,barred,запрещена,interdiction
24052,barred,запрещает,interdit
24053,barred,запрещает,interdiction
24054,barred,запрещает,interdisait
24055,barred,запрет,no_equality
24056,barred,отказано,no_equality
24057,region,регион,région
24058,region,регион,zone
24059,region,регион,régionale
24060,region,регион,afrique
24061,region,регион,caraïbe
24062,region,край,région
24063,region,край,pays
24064,region,обл.,no_equality
24065,ti,ти,ti
24066,ti,ti,no_equality
24067,ti,«транспэренси интернэшнл,no_equality
24068,ti,вре,no_equality
24069,tastelessness,безвкусность,no_equality
24070,idolizing,боготворение,no_equality
24071,sophisticating,извращение,no_equality
24072,thank,спасибо,remercier
24073,thank,спасибо,merci
24074,thank,благодарность,merci
24075,thank,благодарность,remerciement
24076,thank,благодарность,gratitude
24077,thank,благодарность,reconnaissant
24078,thank,благодарность,reconnaissance
24079,thank,хвала,no_equality
24080,thank,поблагодарить,remercier
24081,thank,поблагодарить,féliciter
24082,thank,поблагодарить,saluer
24083,thank,благодарить,remercier
24084,thank,отблагодарить,remercier
24085,thank,выразить признательность,remercier
24086,thank,выразить признательность,féliciter
24087,thank,выразить признательность,saluer
24088,thank,признательны,no_equality
24089,thank,благодарны,remercier
24090,thank,благодарна,remercier
24091,thank,признателен,no_equality
24092,thank,выражаем признательность,no_equality
24093,thank,выражаю признательность,no_equality
24094,ventriloquism,чревовещание,no_equality
24095,ventriloquism,вентрология,no_equality
24096,ventriloquism,чревовещания,no_equality
24097,ventriloquism,чревовещании,no_equality
24098,ventriloquism,чревовещанию,no_equality
24099,aggregating,агрегирования,no_equality
24100,aggregating,агрегирование,agréger
24101,aggregating,объединения,regrouper
24102,aggregating,объединения,rassembler
24103,aggregating,суммирования,additionnant
24104,aggregating,агрегировать,agréger
24105,aggregating,агрегировать,regrouper
24106,aggregating,рыбопривлекающих,no_equality
24107,aggregating,обобщения,regrouper
24108,aggregating,общую сумму,no_equality
24109,aggregating,обобщением,no_equality
24110,aggregating,выгодой,no_equality
24111,aggregating,обобщении,regroupement
24112,invalidates,аннулируют,no_equality
24113,invalidates,влечет за собой недействительность,no_equality
24114,invalidates,аннулирует,invalide
24115,invalidates,аннулирует,annule
24116,invalidates,отменяет,invalide
24117,invalidates,отменяет,annule
24118,invalidates,опровергает,no_equality
24119,hardened,закоренелый,endurci
24120,hardened,затвердела,no_equality
24121,hardened,закаленные,no_equality
24122,hardened,укрепленного,no_equality
24123,hardened,закалённых,no_equality
24124,hardened,ожесточил,no_equality
24125,hardened,закаленной,no_equality
24126,hardened,закаленным,no_equality
24127,hardened,заядлые,no_equality
24128,hardened,защищенные,no_equality
24129,hardened,укрепленные,no_equality
24130,hardened,упрочненным,no_equality
24131,hardened,укрепились,no_equality
24132,hardened,защищенных,no_equality
24133,hardened,hardened,no_equality
24134,communists,коммунисты,communiste
24135,communists,коммунисты,coco
24136,communists,коммунистов,communiste
24137,communists,коммунистов,communisme
24138,communists,коммунистами,communiste
24139,communists,коммунистам,communiste
24140,communists,коммунистам,communisme
24141,communists,коммунистах,no_equality
24142,communists,коммуняк,communiste
24143,communists,коммуняк,coco
24144,emblem,эмблема,no_equality
24145,emblem,герб,emblème
24146,emblem,герб,blason
24147,emblem,герб,armoirie
24148,emblem,герб,devise
24149,emblem,символикой,no_equality
24150,emblem,символом,no_equality
24151,copyrighting,обеспечение авторского права,no_equality
24152,ostensible,мнимый,no_equality
24153,ostensible,видимый,no_equality
24154,asteroidal,астероидных,no_equality
24155,gray,грей,gri
24156,gray,грей,gray
24157,gray,серый,gri
24158,gray,серые,gri
24159,gray,серая,no_equality
24160,gray,сером,gri
24161,gray,серой,gri
24162,gray,серого,no_equality
24163,gray,серое,gri
24164,gray,серым,gri
24165,gray,серую,gri
24166,gray,седые,gri
24167,gray,седой,no_equality
24168,gray,серых,gri
24169,gray,грэй,gray
24170,gray,грея,gray
24171,gray,серый костюм,no_equality
24172,charted,намечен,no_equality
24173,charted,намеченный,no_equality
24174,charted,проложили,no_equality
24175,charted,начертали,no_equality
24176,charted,начертан,no_equality
24177,charted,зафрахтованных,no_equality
24178,charted,начертанный,no_equality
24179,charted,намечает,no_equality
24180,charted,наметили,no_equality
24181,charted,наметила,no_equality
24182,charted,наметило,no_equality
24183,charted,намечены,no_equality
24184,charted,намечена,no_equality
24185,charted,наметить,no_equality
24186,charted,наметил,tracée
24187,charted,наметил,a tracé
24188,flood,наводнение,inondation
24189,flood,наводнение,déluge
24190,flood,потоп,inondation
24191,flood,потоп,déluge
24192,flood,поток,déluge
24193,flood,поток,flot
24194,flood,поток,flux
24195,flood,поток,afflux
24196,flood,поток,torrent
24197,flood,поток,fleuve
24198,flood,затопить,inonder
24199,flood,затопить,noyer
24200,flood,затопления,inondation
24201,flood,затопления,inondé
24202,flood,паводков,inondation
24203,flood,паводков,crue
24204,flood,флад,flood
24205,flood,флуд,flood
24206,flood,потоки,flux
24207,flood,потоки,afflux
24208,flood,всемирный потоп,inondation
24209,flood,волна,marée
24210,flood,разлив,no_equality
24211,flood,заполнить,no_equality
24212,flood,паводка,crue
24213,flood,паводковых,no_equality
24214,flood,затоплению,inondation
24215,flood,затоплению,inondé
24216,Ulysseses,улисс,ulysse
24217,Ulysseses,одиссея,ulysse
24218,Ulysseses,одиссей,ulysse
24219,Ulysseses,улиссом,ulysse
24220,Ulysseses,одиссею,no_equality
24221,Ulysseses,улиссе,no_equality
24222,Ulysseses,ulysses,no_equality
24223,Ulysseses,улисса,ulysse
24224,shawls,шали,no_equality
24225,shawls,шалей,no_equality
24226,seriousness,серьёзность,no_equality
24227,seriousness,тяжести,gravité
24228,seriousness,тяжести,sévérité
24229,seriousness,тяжесть,gravité
24230,seriousness,тяжесть,sévérité
24231,seriousness,серьезности,sérieux
24232,seriousness,серьезности,sévérité
24233,seriousness,серьезный характер,gravité
24234,seriousness,серьезный характер,sérieux
24235,seriousness,серьезный характер,acuité
24236,seriousness,серьезного характера,gravité
24237,seriousness,серьезный подход,sérieux
24238,seriousness,серьезное отношение,sérieux
24239,seriousness,серьезной,no_equality
24240,seriousness,серьезном характере,no_equality
24241,seriousness,серьезного отношения,sérieux
24242,seriousness,серьезного отношения,sérieusement
24243,seriousness,серьезные,no_equality
24244,seriousness,серьезного подхода,sérieux
24245,seriousness,серьезного подхода,sérieusement
24246,seriousness,тяжкого характера,gravité
24247,seriousness,серьезным образом,no_equality
24248,launched,начало,no_equality
24249,launched,начата,entrepris
24250,launched,начата,engagé
24251,launched,начата,entamé
24252,launched,начата,commencé
24253,launched,начато осуществление,no_equality
24254,launched,начала,no_equality
24255,launched,приступило к осуществлению,a lancé
24256,launched,начали,entrepris
24257,launched,начали,engagé
24258,launched,начат,entrepris
24259,launched,начат,engagé
24260,launched,начат,ouvert
24261,launched,начат,entamé
24262,launched,начат,commencé
24263,launched,приступила к осуществлению,a lancé
24264,launched,началось осуществление,no_equality
24265,launched,запущен,no_equality
24266,launched,начаты,entrepris
24267,launched,начаты,engagé
24268,launched,начаты,commencé
24269,launched,начатой,engagé
24270,launched,начатой,entamé
24271,launched,начатой,amorcée
24272,launched,выступил,no_equality
24273,launched,выступили,présenté
24274,launched,развернута,no_equality
24275,lineaments,контуры,no_equality
24276,rationalisation,рационализация,rationalisation
24277,rationalisation,рационализация,rationaliser
24278,rationalisation,рационализировать,no_equality
24279,anthropology,антропология,anthropologie
24280,foremanship,мастерство,maîtrise
24281,foremanship,качество изготовления,fabrication
24282,foremanship,качество изготовления,qualité
24283,foremanship,качество исполнения,exécution
24284,foremanship,качество исполнения,qualité
24285,foremanship,изготовления,fabrication
24286,foremanship,отделкой,no_equality
24287,foremanship,workmanship,no_equality
24288,sneakingly,тайком,no_equality
24289,sneakingly,прятаться,no_equality
24290,sneakingly,крадётся,no_equality
24291,sneakingly,красться,no_equality
24292,sneakingly,подкрадываться,no_equality
24293,sneakingly,тайно,no_equality
24294,sneakingly,прокрасться,no_equality
24295,sneakingly,украдкой,no_equality
24296,sneakingly,пробраться,no_equality
24297,bundles,связки,no_equality
24298,bundles,пучков,faisceaux
24299,bundles,связках,no_equality
24300,bundles,пачек,paquet
24301,bundles,пачек,liasse
24302,bundles,жгуты,no_equality
24303,bundles,пучках,botte
24304,bundles,папок,no_equality
24305,worn,изношенный,usé
24306,worn,носить,no_equality
24307,worn,носил,no_equality
24308,worn,надеть,no_equality
24309,worn,надел,no_equality
24310,worn,носили,porté
24311,worn,носила,no_equality
24312,worn,носят,no_equality
24313,worn,надевал,no_equality
24314,worn,надевала,no_equality
24315,worn,надевать,no_equality
24316,worn,одеть,no_equality
24317,worn,одевал,no_equality
24318,worn,изношенного,no_equality
24319,worn,надевали,no_equality
24320,preciseness,точность,précision
24321,preciseness,точность,exactitude
24322,preciseness,точности,précision
24323,preciseness,точности,exactitude
24324,corrupts,развращает,corrompt
24325,corrupts,развращает,pervertit
24326,corrupts,портит,corrompt
24327,corrupts,коррумпирует,no_equality
24328,corrupts,разлагает,no_equality
24329,corrupts,разрушает,corrompt
24330,Bermudas,бермудские острова,bermudes
24331,merge,объединить,fusionner
24332,merge,объединить,regrouper
24333,merge,объединить,fondre
24334,merge,объединить,intégrer
24335,merge,объединить,réunir
24336,merge,объединить,unir
24337,merge,объединить,combiner
24338,merge,сливаться,fusionner
24339,merge,сливаться,se confondre
24340,merge,слиться,fusionner
24341,merge,слиться,se fondre
24342,merge,слиться,se confondre
24343,merge,слияние,fusion
24344,merge,объединения,fusion
24345,merge,объединения,réunification
24346,merge,объединение,fusion
24347,merge,объединение,réunification
24348,merge,объединиться,fusionner
24349,merge,объединиться,se réunir
24350,merge,объединять,fusionner
24351,merge,объединять,regrouper
24352,merge,объединять,réunir
24353,merge,объединять,unir
24354,merge,объединять,combiner
24355,merge,слить,fusionner
24356,merge,объединяться,fusionner
24357,merge,об объединении,fusionner
24358,merge,об объединении,fusion
24359,merge,об объединении,combiner
24360,merge,merge,no_equality
24361,solidify,укрепить,consolider
24362,solidify,укрепить,renforcer
24363,solidify,укрепить,raffermir
24364,solidify,закрепить,consolider
24365,solidify,закрепить,renforcer
24366,solidify,укреплять,consolider
24367,solidify,укреплять,renforcer
24368,solidify,укреплять,raffermir
24369,solidify,упрочить,consolider
24370,solidify,упрочить,renforcer
24371,solidify,затвердевать,se solidifier
24372,solidify,затвердевать,durcir
24373,solidify,затвердеть,no_equality
24374,solidify,упрочению,no_equality
24375,solidify,закрепления,no_equality
24376,solidify,упрочения,no_equality
24377,solidify,закрепление,consolider
24378,solidify,закреплять,consolider
24379,solidify,консолидации,no_equality
24380,pilary,пилар,no_equality
24381,deans,деканов,doyen
24382,deans,деканы,no_equality
24383,deans,деканами,no_equality
24384,deans,динс,no_equality
24385,deans,дин,doyen
24386,uncertainties,неопределенность,incertitude
24387,uncertainties,неопределенность,ambiguïté
24388,uncertainties,неопределенность,insécurité
24389,uncertainties,неопределенностей,incertitude
24390,uncertainties,неопределенностей,inconnu
24391,uncertainties,факторов неопределенности,incertitude
24392,uncertainties,неопределенностью,incertitude
24393,uncertainties,неопределенностью,incertaine
24394,uncertainties,неопределенностями,incertitude
24395,uncertainties,неясностей,no_equality
24396,uncertainties,неясности,incertitude
24397,uncertainties,неясности,ambiguïté
24398,uncertainties,неопределенностях,incertitude
24399,uncertainties,неуверенность,incertitude
24400,uncertainties,неуверенность,insécurité
24401,uncertainties,неуверенность,hésitation
24402,uncertainties,сомнения,incertitude
24403,uncertainties,сомнения,hésitation
24404,uncertainties,сомнения,interrogation
24405,uncertainties,неопределенностям,incertitude
24406,uncertainties,неуверенности,no_equality
24407,uncertainties,нестабильности,incertitude
24408,uncertainties,нестабильности,insécurité
24409,uncertainties,нестабильность,insécurité
24410,uncertainties,неясных моментов,incertitude
24411,Manchurias,маньчжурии,mandchourie
24412,Manchurias,манчжурии,no_equality
24413,Manchurias,маньчжурию,mandchourie
24414,Manchurias,маньчжурия,no_equality
24415,Manchurias,манчжурию,no_equality
24416,Manchurias,маньчжурией,no_equality
24417,feudalistic,феодального,féodal
24418,zigzags,зигзагами,no_equality
24419,zigzags,зигзагах,no_equality
24420,murines,морпехов,no_equality
24421,murines,морпехи,no_equality
24422,murines,морских пехотинцев,no_equality
24423,murines,морской пехоты,no_equality
24424,murines,морская пехота,no_equality
24425,murines,морские пехотинцы,no_equality
24426,murines,морской пехоте,no_equality
24427,murines,морскую пехоту,no_equality
24428,murines,морпехами,no_equality
24429,murines,морпехам,no_equality
24430,murines,солдат,no_equality
24431,murines,моряки,no_equality
24432,murines,морскими пехотинцами,no_equality
24433,murines,морпехах,no_equality
24434,murines,морпеха,no_equality
24435,grow,расти,grandir
24436,grow,расти,croître
24437,grow,расти,pousser
24438,grow,расти,augmenter
24439,grow,расти,se développer
24440,grow,расти,progresser
24441,grow,расти,s'accroître
24442,grow,расти,grossir
24443,grow,вырасти,grandir
24444,grow,вырасти,pousser
24445,grow,вырасти,augmenter
24446,grow,вырасти,devenir
24447,grow,выращивать,cultiver
24448,grow,выращивать,faire pousser
24449,grow,выращивать,élever
24450,grow,возрастать,croître
24451,grow,возрастать,augmenter
24452,grow,возрастать,se développer
24453,grow,возрастать,progresser
24454,grow,возрастать,s'accroître
24455,grow,возрастать,s'amplifier
24456,grow,увеличиваться,croître
24457,grow,увеличиваться,augmenter
24458,grow,увеличиваться,accroître
24459,grow,увеличиваться,progresser
24460,grow,увеличиваться,s'accroître
24461,grow,развиваться,grandir
24462,grow,развиваться,croître
24463,grow,развиваться,se développer
24464,grow,развиваться,devenir
24465,grow,развиваться,progresser
24466,grow,развиваться,évoluer
24467,grow,развиваться,prospérer
24468,grow,возрасти,croître
24469,grow,возрасти,augmenter
24470,grow,возрасти,s'accroître
24471,grow,вырастать,grandir
24472,grow,расширяться,croître
24473,grow,расширяться,augmenter
24474,grow,расширяться,se développer
24475,grow,расширяться,évoluer
24476,grow,вырастить,cultiver
24477,grow,вырастить,faire pousser
24478,grow,вырастить,élever
24479,grow,отрастить,faire pousser
24480,grow,отрастить,laisser pousser
24481,grow,увеличиться,augmenter
24482,grow,увеличиться,grossir
24483,grow,нарастать,croître
24484,grow,нарастать,s'accroître
24485,grow,нарастать,grossir
24486,grow,растить,cultiver
24487,grow,растить,élever
24488,grow,роста,no_equality
24489,grow,отращивать,faire pousser
24490,grow,произрастать,no_equality
24491,grow,дорасти,no_equality
24492,grow,отращивать волосы,faire pousser
24493,deceives,обманывает,trompe
24494,deceives,обманывает,déçoit
24495,deceives,обманывают,no_equality
24496,expressages,выражает,no_equality
24497,expressages,выражается,no_equality
24498,expressages,выразил,no_equality
24499,expressages,отражает,no_equality
24500,expressages,высказывает,no_equality
24501,expressages,выражают,no_equality
24502,expressages,высоко,no_equality
24503,expressages,заявляет,no_equality
24504,expressages,обеспокоен,no_equality
24505,expressages,благодарит,no_equality
24506,expressages,выразить,no_equality
24507,expressages,надеется,no_equality
24508,expressages,выражена,no_equality
24509,expressages,высказывается,no_equality
24510,expressages,выражено,no_equality
24511,Delphi,delphi,no_equality
24512,Delphi,дельфи,no_equality
24513,Delphi,дельфы,no_equality
24514,Delphi,дельфах,no_equality
24515,Delphi,делфи,delphi
24516,must,должен,no_equality
24517,must,обязан,no_equality
24518,must,обязательно,no_equality
24519,must,необходимо,no_equality
24520,must,нужно,no_equality
24521,must,надо,devoir
24522,must,надобно,no_equality
24523,must,следует,no_equality
24524,must,приходиться,no_equality
24525,must,надлежит,devoir
24526,must,быть должным,devoir
24527,must,сусло,no_equality
24528,voyagers,мореплаватели,no_equality
24529,voyagers,путешественники,voyageur
24530,symphonies,симфонии,symphonie
24531,symphonies,симфониями,no_equality
24532,plaguing,преследующих,qui affligent
24533,plaguing,от которых страдает,qui affligent
24534,plaguing,от которых страдает,dont souffre
24535,plaguing,одолевающих,no_equality
24536,plaguing,досаждают,no_equality
24537,plaguing,мука,no_equality
24538,plaguing,которыми сталкивается,qui affligent
24539,contracted,законтрактованный,no_equality
24540,contracted,заключенный,no_equality
24541,contracted,сокращенный,no_equality
24542,contracted,сжатый,no_equality
24543,contracted,договоренный,no_equality
24544,contracted,свернутый,no_equality
24545,contracted,нахмуренный,no_equality
24546,contracted,договорный,contractuel
24547,requite,отплачивать,no_equality
24548,requite,мстить,no_equality
24549,requite,вознаграждать,récompenser
24550,chiropractors,хиропрактики,no_equality
24551,chiropractors,хиропрактиков,no_equality
24552,fixedly,неподвижно,no_equality
24553,Benedict,бенедикт,bénédicte
24554,Benedict,бенедикт,benedict
24555,Benedict,бенедикта,benoît
24556,Benedict,бенедикта,bénédicte
24557,Benedict,бенедикта,benedict
24558,Benedict,венедикт,benedict
24559,Benedict,бенедиктом,benoît
24560,Benedict,бенедиктом,benedict
24561,Benedict,бенедикту,no_equality
24562,printed,печатный,imprimé
24563,printed,напечатаны,no_equality
24564,printed,печати,no_equality
24565,printed,печатаются,no_equality
24566,printed,напечатано,imprimé
24567,printed,напечатали,no_equality
24568,printed,напечатал,no_equality
24569,printed,напечатан,imprimé
24570,printed,отпечатаны,imprimé
24571,printed,печатается,no_equality
24572,printed,напечатана,imprimé
24573,printed,напечатанных,no_equality
24574,printed,отпечатано,no_equality
24575,printed,отпечатанных,imprimé
24576,printed,напечатала,no_equality
24577,printed,набивной,no_equality
24578,abundant,богатый,riche
24579,abundant,обильный,abondant
24580,abundant,изобилие,no_equality
24581,abundant,многочисленные,nombreux
24582,abundant,многочисленные,beaucoup
24583,abundant,в изобилии,abondant
24584,abundant,в изобилии,abondent
24585,abundant,изобилующий,no_equality
24586,abundant,множество,no_equality
24587,abundant,изобилует,abondent
24588,abundant,изобилует,abonde
24589,abundant,обилие,no_equality
24590,abundant,огромными,grand
24591,abundant,многочисленных,no_equality
24592,abundant,большой объем,beaucoup
24593,abundant,обширными,no_equality
24594,abundant,изобилуют,abondent
24595,abundant,избыточного,no_equality
24596,bobcats,бобкэтс,no_equality
24597,bobcats,рысей,no_equality
24598,bobcats,рыси,no_equality
24599,bobcats,"""боб кэтс""",no_equality
24600,bisexual,бисексуалам,no_equality
24601,bisexual,бисексуальной,bi
24602,bisexual,бисексуалов,bisexuel
24603,bisexual,бисексуалы,no_equality
24604,bisexual,бисексуал,bi
24605,bisexual,бисексуалами,no_equality
24606,bisexual,бисексуальных,no_equality
24607,bisexual,бисексуалок,no_equality
24608,bisexual,бисексуальные,no_equality
24609,bisexual,бисексуалах,no_equality
24610,bisexual,бисексуальным,no_equality
24611,bisexual,бисексуалка,bi
24612,bisexual,бисексуалом,bi
24613,bisexual,бисексуалом,bisexuel
24614,bisexual,бисексуальна,no_equality
24615,hindquarter,задней четвертины,quartier arrière
24616,hindquarter,задняя,no_equality
24617,hindquarter,заднюю четвертину,quartier arrière
24618,hindquarter,задних четвертин,no_equality
24619,hindquarter,неразделенные задние четвертины,no_equality
24620,corbelled,вынуждены,no_equality
24621,corbelled,вынужден,no_equality
24622,corbelled,вынуждена,no_equality
24623,corbelled,вынуждено,no_equality
24624,corbelled,принужден,no_equality
24625,corbelled,заставить,no_equality
24626,corbelled,внушил,no_equality
24627,corbelled,обязаны,no_equality
24628,corbelled,необходимым,no_equality
24629,corbelled,вынудили,no_equality
24630,corbelled,заставили,no_equality
24631,corbelled,вынудило,no_equality
24632,corbelled,заставил,no_equality
24633,corbelled,заставляют,no_equality
24634,corbelled,вынужденными,no_equality
24635,trope,образное выражение,no_equality
24636,trope,троп,no_equality
24637,trope,приём,no_equality
24638,wonderful,замечательный,merveilleux
24639,wonderful,замечательный,magnifique
24640,wonderful,замечательный,beau
24641,wonderful,замечательный,formidable
24642,wonderful,замечательный,superbe
24643,wonderful,замечательный,excellent
24644,wonderful,замечательный,super
24645,wonderful,прекрасный,merveilleux
24646,wonderful,прекрасный,magnifique
24647,wonderful,прекрасный,beau
24648,wonderful,прекрасный,formidable
24649,wonderful,прекрасный,superbe
24650,wonderful,прекрасный,excellent
24651,wonderful,прекрасный,génial
24652,wonderful,прекрасный,super
24653,wonderful,чудесный,merveilleux
24654,wonderful,чудесный,magnifique
24655,wonderful,чудесный,beau
24656,wonderful,чудесный,formidable
24657,wonderful,чудесный,superbe
24658,wonderful,чудесный,fantastique
24659,wonderful,чудесный,super
24660,wonderful,чудесный,admirable
24661,wonderful,удивительный,merveilleux
24662,wonderful,удивительный,magnifique
24663,wonderful,удивительный,formidable
24664,wonderful,удивительный,extraordinaire
24665,wonderful,великолепный,merveilleux
24666,wonderful,великолепный,magnifique
24667,wonderful,великолепный,beau
24668,wonderful,великолепный,superbe
24669,wonderful,великолепный,excellent
24670,wonderful,великолепный,génial
24671,wonderful,великолепный,super
24672,wonderful,великолепный,splendide
24673,wonderful,великолепно,merveilleux
24674,wonderful,великолепно,magnifique
24675,wonderful,великолепно,beau
24676,wonderful,великолепно,formidable
24677,wonderful,великолепно,excellent
24678,wonderful,великолепно,fantastique
24679,wonderful,великолепно,génial
24680,wonderful,великолепно,super
24681,wonderful,великолепно,splendide
24682,wonderful,великолепно,fabuleuse
24683,wonderful,чудный,merveilleux
24684,wonderful,чудный,beau
24685,wonderful,восхитительно,merveilleux
24686,wonderful,восхитительно,magnifique
24687,wonderful,восхитительно,génial
24688,wonderful,восхитительно,admirable
24689,wonderful,чудесно,merveilleux
24690,wonderful,чудесно,magnifique
24691,wonderful,чудесно,beau
24692,wonderful,чудесно,formidable
24693,wonderful,чудесно,superbe
24694,wonderful,чудесно,fantastique
24695,wonderful,чудесно,génial
24696,wonderful,чудесно,super
24697,wonderful,здорово,merveilleux
24698,wonderful,здорово,formidable
24699,wonderful,здорово,génial
24700,wonderful,здорово,super
24701,wonderful,отличная,beau
24702,wonderful,отличная,superbe
24703,wonderful,отличная,excellent
24704,wonderful,отличная,super
24705,wonderful,приятно,beau
24706,wonderful,чудо,no_equality
24707,wonderful,восхитительный,merveilleux
24708,wonderful,восхитительный,magnifique
24709,verbifies,проверяет,vérifie
24710,verbifies,осуществляет проверку,vérifier
24711,verbifies,осуществляет проверку,vérification
24712,verbifies,проверяется,s'assure
24713,verbifies,проверяется,vérifient
24714,verbifies,проводит проверку,vérifier
24715,verbifies,проводит проверку,vérification
24716,verbifies,занимается проверкой,vérifier
24717,verbifies,занимается проверкой,vérification
24718,verbifies,производит проверку,vérifier
24719,verbifies,производит проверку,vérification
24720,verbifies,удостоверяется,no_equality
24721,verbifies,контролирует,contrôle
24722,fraternal,братский,fraternel
24723,fraternal,братский,frère
24724,fraternal,по-братски,no_equality
24725,fraternal,братства,no_equality
24726,torrential,проливной,no_equality
24727,torrential,ливневые,no_equality
24728,torrential,ливневых,no_equality
24729,torrential,обильные,no_equality
24730,torrential,ливневыми,no_equality
24731,torrential,обильными,no_equality
24732,torrential,ливней,no_equality
24733,crackle,треск,no_equality
24734,crackle,потрескивание,no_equality
24735,summarizing,обобщение,no_equality
24736,summarizing,кратким изложением,résumé
24737,summarizing,резюмируя,récapitulant
24738,summarizing,подведение итогов,no_equality
24739,summarizing,содержащий резюме,no_equality
24740,summarizing,кратким описанием,no_equality
24741,summarizing,обобщающий,résumant
24742,summarizing,обобщая,no_equality
24743,summarizing,резюмирующий,no_equality
24744,summarizing,суммируя,résumant
24745,summarizing,суммируя,récapitulant
24746,summarizing,котором обобщаются,résumant
24747,summarizing,котором резюмируются,no_equality
24748,summarizing,краткой информацией о,résumant
24749,summarizing,обобщающую,no_equality
24750,summarizing,подытоживая,résumant
24751,obese,ожирение,no_equality
24752,obese,тучный,obèse
24753,obese,толстый,obèse
24754,obese,жирный,obèse
24755,obese,страдающий ожирением,obèse
24756,obese,страдают ожирением,no_equality
24757,obese,страдающих ожирением,no_equality
24758,obese,страдает ожирением,obèse
24759,obese,тучными,no_equality
24760,obese,тучным,no_equality
24761,obese,страдающих от ожирения,obèse
24762,consign,обречь,condamner
24763,consign,отправлять,expédier
24764,consign,поручить,no_equality
24765,consign,поручать,no_equality
24766,consign,предадим,confions
24767,synergy,синергизм,synergie
24768,synergy,взаимодействие,synergie
24769,synergy,взаимодействие,coordination
24770,synergy,синергия,no_equality
24771,synergy,взаимодополняемость,complémentarité
24772,synergy,согласованность,synergie
24773,synergy,согласованность,coordination
24774,synergy,взаимосвязь,synergie
24775,synergy,слаженность,no_equality
24776,synergy,синергического эффекта,synergie
24777,synergy,синергического эффекта,synergique
24778,synergy,совместной деятельности,no_equality
24779,synergy,объединения усилий,no_equality
24780,synergy,пике,no_equality
24781,synergy,совместные действия,no_equality
24782,synergy,синергетического эффекта,synergie
24783,synergy,синергетического эффекта,synergique
24784,synergy,синергических связей,synergie
24785,synergy,кумулятивного эффекта,synergie
24786,synergy,синергический эффект,synergie
24787,explained,пояснил,a expliqué
24788,explained,пояснил,expliquait
24789,explained,пояснил,a précisé
24790,explained,пояснил,a indiqué
24791,explained,объяснил,a expliqué
24792,explained,объяснил,expliqua
24793,explained,разъяснил,a expliqué
24794,explained,разъяснил,a précisé
24795,explained,разъяснил,a exposé
24796,explained,пояснила,a expliqué
24797,explained,пояснила,a précisé
24798,explained,пояснила,a indiqué
24799,explained,объясняется,no_equality
24800,explained,объяснить,expliquer
24801,explained,объяснила,a expliqué
24802,explained,объяснила,expliquer
24803,explained,объяснила,expliquée
24804,explained,объяснила,expliqua
24805,explained,разъяснено,no_equality
24806,explained,поясняет,no_equality
24807,explained,разъяснила,a expliqué
24808,explained,разъяснила,a précisé
24809,explained,объясняет,no_equality
24810,explained,объяснили,a expliqué
24811,explained,объяснили,expliquent
24812,explained,разъясняется,no_equality
24813,explained,пояснили,no_equality
24814,explained,поясняется,no_equality
24815,uncouthly,неотёсанный,no_equality
24816,uncouthly,грубый,grossier
24817,uncouthly,грубый,rustre
24818,uncouthly,неуклюжий,no_equality
24819,uncouthly,неповоротливый,no_equality
24820,uncouthly,необычный,no_equality
24821,uncouthly,неловкий,no_equality
24822,uncouthly,неотёсанные,no_equality
24823,evangelizing,проповедование христианства,no_equality
24824,crisping,хруст,no_equality
24825,ontogeny,онтогенез,ontogenèse
24826,predetermination,предопределение,no_equality
24827,predetermination,предопределенность,no_equality
24828,pharmacies,аптек,pharmacie
24829,pharmacies,аптек,pharmacien
24830,pharmacies,аптеки,pharmacie
24831,pharmacies,аптеках,pharmacie
24832,pharmacies,аптеками,pharmacie
24833,pharmacies,аптекам,no_equality
24834,pharmacies,аптечной,pharmacie
24835,brides,невест,marié
24836,brides,невест,épouse
24837,brides,невест,fiancée
24838,brides,невесты,marié
24839,brides,невесты,épouse
24840,brides,невесты,fiancée
24841,brides,невестами,fiancée
24842,brides,невестах,no_equality
24843,headsets,наушников,casque
24844,headsets,наушников,écouteur
24845,headsets,наушников,oreillette
24846,headsets,наушниками,écouteur
24847,headsets,гарнитуры,no_equality
24848,headsets,гарнитур,no_equality
24849,headsets,гарнитурой,no_equality
24850,headsets,никакие наушники,casque
24851,headsets,никакие наушники,écouteur
24852,headsets,никакие наушники,oreillette
24853,tuberculoses,туберкулез,tuberculose
24854,tuberculoses,туберкулеза,tuberculose
24855,naturalized,натурализованных,naturalisé
24856,naturalized,натурализованные,naturalisé
24857,naturalized,натурализации,no_equality
24858,naturalized,натурализованным,naturalisé
24859,naturalized,натурализованными,no_equality
24860,naturalized,натурализованы,naturalisé
24861,naturalized,натурализованный,naturalisé
24862,naturalized,натурализованного,no_equality
24863,naturalized,натурализовавшихся,no_equality
24864,naturalized,гражданство,no_equality
24865,naturalized,натурализацию,no_equality
24866,naturalized,натурализированных,no_equality
24867,naturalized,натурализовано,no_equality
24868,naturalized,натурализовались,no_equality
24869,naturalized,натурализоваться,no_equality
24870,calloused,мозолистый,no_equality
24871,calloused,заскорузлый,no_equality
24872,landholders,землевладельцев,propriétaires fonciers
24873,landholders,землевладельцев,exploitant
24874,landholders,землевладельцев,propriétaires terriens
24875,landholders,землевладельцам,no_equality
24876,landholders,землевладельцы,propriétaires fonciers
24877,landholders,землевладельцы,propriétaires terriens
24878,landholders,землевладельцами,no_equality
24879,landholders,землепользователей,exploitant
24880,landholders,владельцев,exploitant
24881,landholders,фнофм,no_equality
24882,venting,вентиляция,ventilation
24883,venting,вентиляция,aération
24884,venting,удаление,évacuation
24885,venting,сброс,no_equality
24886,venting,отвод,no_equality
24887,venting,продувка,no_equality
24888,venting,удаление воздуха,no_equality
24889,venting,удаление газов,no_equality
24890,venting,выброс в атмосферу,décharge
24891,venting,стравливание,no_equality
24892,venting,вентиляционный,no_equality
24893,leased,аренду,no_equality
24894,leased,арендуемых,no_equality
24895,leased,арендованных,location
24896,leased,арендуемые,no_equality
24897,leased,арендованные,location
24898,leased,арендован,no_equality
24899,leased,арендовала,louait
24900,leased,арендовал,no_equality
24901,leased,арендованного,no_equality
24902,leased,арендуемой,no_equality
24903,leased,арендуемого,no_equality
24904,leased,арендовать,no_equality
24905,leased,арендованной,loué
24906,leased,аренды,no_equality
24907,leased,арендуется,no_equality
24908,comprehension,понимание,compréhension
24909,comprehension,понимание,conception
24910,comprehension,понимание,portée
24911,comprehension,понятливость,no_equality
24912,comprehension,аудирование,no_equality
24913,comprehension,понятие,no_equality
24914,comprehension,осмысливание,no_equality
24915,comprehension,осмысленность,no_equality
24916,recessions,рецессии,récession
24917,recessions,спад,récession
24918,recessions,спада,récession
24919,recessions,спады,récession
24920,recessions,экономических спадов,récession
24921,recessions,экономическими спадами,récession
24922,recessions,спадам,récession
24923,recessions,углублений,no_equality
24924,worsening,ухудшение,aggravation
24925,worsening,ухудшение,détérioration
24926,worsening,ухудшение,détérioré
24927,worsening,обострение,aggravation
24928,worsening,обострение,détérioration
24929,worsening,обострение,exacerbation
24930,worsening,усугубление,aggravation
24931,worsening,усугубление,détérioration
24932,worsening,ухудшается,no_equality
24933,worsening,ухудшающейся,aggravation
24934,worsening,ухудшающейся,dégradation
24935,worsening,усугубляется,empire
24936,worsening,усугубляются,aggrave
24937,worsening,ухудшающееся,dégradation
24938,worsening,ухудшающаяся,détérioration
24939,worsening,усиления,aggravation
24940,worsening,обостряется,empire
24941,worsening,ухудшающихся,dégradation
24942,worsening,ухудшаются,no_equality
24943,worsening,ухудшающиеся,no_equality
24944,worsening,ухудшающимся,détérioration
24945,exemplar,образец,modèle
24946,exemplar,образец,échantillon
24947,exemplar,экземпляр,exemplaire
24948,exemplar,образцовое,no_equality
24949,depreciations,обесценение,dépréciation
24950,depreciations,обесценение,dévaluation
24951,depreciations,обесценения валют,dépréciation
24952,depreciations,обесценения валют,dévaluation
24953,depreciations,обесценивание валют,dépréciation
24954,depreciations,обесценивание валют,dévaluation
24955,depreciations,снижение курса валюты,dépréciation
24956,nutritious,питательный,nutritif
24957,nutritious,питательный,nourrissant
24958,nutritious,полноценное,no_equality
24959,nutritious,питательному,no_equality
24960,restricted,ограниченный,limité
24961,restricted,ограниченный,restreint
24962,restricted,ограниченный,restriction
24963,restricted,закрытый,réservé
24964,restricted,регламентированный,no_equality
24965,restricted,ограничиваемый,no_equality
24966,restricted,узкий,limité
24967,restricted,узкий,restreint
24968,restricted,ограничительный,restrictif
24969,restricted,ограниченного пользования,no_equality
24970,restricted,для служебного пользования,no_equality
24971,Winchesters,винчестеры,winchester
24972,Winchesters,винчестеров,winchester
24973,Winchesters,винчестерами,winchester
24974,Winchesters,винчестерам,no_equality
24975,Winchesters,винчестерах,no_equality
24976,Winchesters,винчестер,winchester
24977,Winchesters,винчестеры-,no_equality
24978,denominate,называть,appeler
24979,denominate,назвать,appeler
24980,denominate,описания,désigner
24981,pointer,указатель,pointeur
24982,pointer,указатель,indicateur
24983,pointer,указатель,curseur
24984,pointer,указатель,index
24985,pointer,указка,pointeur
24986,pointer,курсор,no_equality
24987,pointer,пойнтер,no_equality
24988,pointer,стрелка,aiguille
24989,pointer,стрелка,flèche
24990,pointer,указательных,no_equality
24991,pointer,наведении,no_equality
24992,pointer,передвигается,no_equality
24993,pointer,pointer,no_equality
24994,pamperer,избалованная,no_equality
24995,pamperer,баловали,no_equality
24996,pamperer,побаловать себя,no_equality
24997,pamperer,избалованных,no_equality
24998,pamperer,избалованные,no_equality
24999,pamperer,избалован,choyé
25000,pamperer,избалован,gâté
25001,pamperer,баловать,no_equality
25002,pamperer,балуют,no_equality
25003,pamperer,побалуйте себя,no_equality
25004,caesareans,кесарево сечение,césarienne
25005,reciprocated,взаимным,réciproque
25006,reciprocated,взаимны,réciproque
25007,reciprocated,ответили взаимностью,no_equality
25008,reciprocated,взаимно,no_equality
25009,reciprocated,взаимными,réciproque
25010,reciprocated,отклик,no_equality
25011,reciprocated,отплатил,rendu la pareille
25012,reciprocated,ответить взаимностью на,no_equality
25013,reciprocated,встречные,no_equality
25014,reciprocated,ответил взаимностью на,no_equality
25015,reposition,переместить,repositionner
25016,reposition,переставить,no_equality
25017,reposition,переориентации,no_equality
25018,reposition,корректировке политики,no_equality
25019,reposition,перестройке деятельности,no_equality
25020,reposition,включению вопросов,no_equality
25021,reposition,перенаправить,repositionner
25022,reposition,переориентироваться,no_equality
25023,reposition,репозиционированию,no_equality
25024,raciness,готовность,no_equality
25025,raciness,готовы,no_equality
25026,raciness,боеготовности,no_equality
25027,raciness,готова,no_equality
25028,raciness,готов,no_equality
25029,raciness,подготовки,no_equality
25030,raciness,подготовленность,no_equality
25031,raciness,неготовность,no_equality
25032,raciness,готово,no_equality
25033,raciness,стремление,no_equality
25034,raciness,решимость,no_equality
25035,raciness,намерении,no_equality
25036,mentum,психический,no_equality
25037,mentum,умственный,no_equality
25038,mentum,психологический,no_equality
25039,mentum,душевный,no_equality
25040,mentum,моральный,no_equality
25041,mentum,ментальный,no_equality
25042,mentum,психиатрическую,no_equality
25043,mentum,психиатрическая,no_equality
25044,mentum,псих,no_equality
25045,mentum,нравственное,no_equality
25046,mentum,нравственные,no_equality
25047,mentum,мысленный,no_equality
25048,mentum,умственное развитие,no_equality
25049,mentum,нравственных,no_equality
25050,mentum,с ума,no_equality
25051,dynamites,динамит,dynamite
25052,prophylaxis,профилактика,prophylaxie
25053,prophylaxis,профилактика,prévention
25054,prophylaxis,профилактика,prévenir
25055,prophylaxis,профилактика,traitement préventif
25056,prophylaxis,профилактический,no_equality
25057,proofed,проверять,no_equality
25058,proofed,проверил,no_equality
25059,recruiting,набор,recrutement
25060,recruiting,набор,enrôlement
25061,recruiting,набор,embauche
25062,recruiting,вербовка,recrutement
25063,recruiting,вербовка,enrôlement
25064,recruiting,наем,recrutement
25065,recruiting,наем,recruter
25066,recruiting,наем,embaucher
25067,recruiting,привлечение,recrutement
25068,recruiting,вербуют,recruter
25069,recruiting,вербуют,recrutent
25070,recruiting,вербуют,enrôler
25071,recruiting,вербует,recruteur
25072,recruiting,вербует,recrute
25073,recruiting,вербует,recrutent
25074,recruiting,вербует,recrutait
25075,recruiting,набирает,recrute
25076,recruiting,подбора,no_equality
25077,recruiting,рекрутинг,no_equality
25078,recruiting,вербовочный,no_equality
25079,recruiting,призыва,recrutement
25080,recruiting,призыва,enrôlement
25081,recruiting,набирать,no_equality
25082,recruiting,завербовать,no_equality
25083,recruiting,вербовать,no_equality
25084,recruiting,вербующих,recrutant
25085,actions,действия,action
25086,actions,действия,mesure
25087,actions,действий,action
25088,actions,действий,mesure
25089,actions,действий,acte
25090,actions,действий,activité
25091,actions,действий,agissement
25092,actions,действий,décision
25093,actions,действий,opération
25094,actions,действий,agir
25095,actions,меры,action
25096,actions,меры,mesure
25097,actions,меры,activité
25098,actions,меры,initiative
25099,actions,мер,action
25100,actions,мероприятий,action
25101,actions,мероприятий,mesure
25102,actions,мероприятий,activité
25103,actions,мероприятий,initiative
25104,actions,мероприятий,opération
25105,actions,деятельности,action
25106,actions,деятельности,activité
25107,actions,действиями,action
25108,actions,действиями,mesure
25109,actions,действиями,acte
25110,actions,действиями,activité
25111,actions,действиями,agissement
25112,actions,действиях,action
25113,actions,действиях,mesure
25114,actions,действиях,acte
25115,actions,действиях,activité
25116,actions,действиях,opération
25117,actions,действиях,agir
25118,actions,мероприятия,action
25119,actions,мероприятия,mesure
25120,actions,мероприятия,activité
25121,actions,мероприятия,opération
25122,actions,мерах,action
25123,actions,мерах,mesure
25124,actions,мерах,activité
25125,actions,мерах,initiative
25126,actions,деятельность,action
25127,actions,деятельность,activité
25128,actions,деятельность,initiative
25129,actions,деятельность,opération
25130,actions,действиям,action
25131,actions,действиям,mesure
25132,actions,действиям,acte
25133,actions,действиям,activité
25134,actions,действиям,initiative
25135,actions,действиям,agissement
25136,actions,действиям,agir
25137,actions,акции,action
25138,actions,мерам,action
25139,actions,мерам,mesure
25140,actions,мерам,décision
25141,actions,решений,action
25142,actions,решений,mesure
25143,actions,решений,décision
25144,congaed,конрад,conrad
25145,congaed,конрада,conrad
25146,congaed,конрадом,conrad
25147,congaed,конраду,no_equality
25148,congaed,конраде,conrad
25149,demanded,востребованный,no_equality
25150,demanded,требуемый,exigée
25151,demanded,требуемый,requis
25152,downy,пушистые,no_equality
25153,downy,пушистое,no_equality
25154,downy,ложная,no_equality
25155,downy,дауни,no_equality
25156,uncommon,нередко,no_equality
25157,uncommon,необычный,rare
25158,uncommon,необычный,inhabituel
25159,uncommon,необычный,hors du commun
25160,uncommon,необычный,extraordinaire
25161,uncommon,незаурядный,no_equality
25162,uncommon,редко,rare
25163,uncommon,ничего необычного,no_equality
25164,uncommon,редкостью,rare
25165,uncommon,редки случаи,rare
25166,uncommon,часто,no_equality
25167,globally,во всем мире,au niveau mondial
25168,globally,во всем мире,à l'échelle mondiale
25169,globally,во всем мире,mondialement
25170,globally,во всем мире,dans le monde entier
25171,globally,во всем мире,partout dans le monde
25172,globally,во всем мире,à l'échelle planétaire
25173,globally,в глобальном масштабе,globalement
25174,globally,в глобальном масштабе,au niveau mondial
25175,globally,в глобальном масштабе,à l'échelle mondiale
25176,globally,в глобальном масштабе,dans le monde entier
25177,globally,в глобальном масштабе,au plan mondial
25178,globally,в глобальном масштабе,à l'échelle planétaire
25179,globally,глобально,globalement
25180,globally,глобально,au niveau mondial
25181,globally,глобально,mondialement
25182,globally,глобально,universellement
25183,globally,глобально,manière globale
25184,globally,глобально,de façon globale
25185,globally,в целом,globalement
25186,globally,в целом,dans l'ensemble
25187,globally,в целом,généralement
25188,globally,на международном уровне,au niveau mondial
25189,globally,на международном уровне,à l'échelle mondiale
25190,globally,на международном уровне,dans le monde entier
25191,globally,на международном уровне,au niveau international
25192,globally,на международном уровне,à l'échelle internationale
25193,globally,на международном уровне,internationalement
25194,globally,в мировом масштабе,au niveau mondial
25195,globally,в мировом масштабе,à l'échelle mondiale
25196,globally,в мировом масштабе,mondialement
25197,globally,в мировом масштабе,dans le monde entier
25198,globally,в мировом масштабе,au niveau international
25199,globally,в мировом масштабе,à l'échelle planétaire
25200,globally,повсеместно,dans le monde entier
25201,globally,повсеместно,universellement
25202,globally,повсеместно,généralement
25203,globally,на мировом уровне,au niveau mondial
25204,globally,на мировом уровне,à l'échelle mondiale
25205,globally,на мировом уровне,au plan mondial
25206,globally,всемирно,mondialement
25207,globally,всемирно,universellement
25208,globally,всемирно,internationalement
25209,globally,на глобальном уровне,globalement
25210,globally,на глобальном уровне,au niveau mondial
25211,globally,на глобальном уровне,à l'échelle mondiale
25212,globally,на глобальном уровне,mondialement
25213,globally,на глобальном уровне,au plan mondial
25214,globally,на глобальном уровне,au niveau international
25215,globally,на глобальном уровне,à l'échelle internationale
25216,globally,на глобальном уровне,à l'échelle planétaire
25217,globally,в мире,au niveau mondial
25218,globally,в мире,à l'échelle mondiale
25219,globally,в глобальных масштабах,au niveau mondial
25220,globally,в глобальных масштабах,à l'échelle mondiale
25221,globally,в глобальных масштабах,dans le monde entier
25222,globally,в глобальных масштабах,à l'échelle planétaire
25223,globally,глобальном уровнях,no_equality
25224,globally,глобального,no_equality
25225,globally,в общемировом масштабе,au niveau mondial
25226,globally,в общемировом масштабе,à l'échelle mondiale
25227,globally,в общемировом масштабе,dans le monde entier
25228,globally,в общемировом масштабе,partout dans le monde
25229,amateurishness,непрофессионализм,no_equality
25230,baroque,барочный,no_equality
25231,baroque,барокко,baroque
25232,baroque,в стиле барокко,baroque
25233,collects,собирает,recueille
25234,collects,собирает,collecte
25235,collects,собирает,rassemble
25236,collects,собирает,collectionne
25237,collects,собирает,récupère
25238,collects,собирает,réunit
25239,collects,собирает,ramasse
25240,collects,осуществляет сбор,rassemble
25241,collects,занимается сбором,recueille
25242,collects,занимается сбором,collecte
25243,collects,занимается сбором,rassemble
25244,collects,коллекционирует,collectionne
25245,collects,получает,perçoit
25246,collects,получает,reçoit
25247,collects,взимает,perçoit
25248,collects,взимает,prélève
25249,collects,ведет сбор,collecte
25250,collects,сбора,no_equality
25251,collects,забирает,récupère
25252,collects,забирает,ramasse
25253,collects,собираются,no_equality
25254,collects,собирается,no_equality
25255,collects,соберет,no_equality
25256,collects,собраны,rassemble
25257,collects,собраны,recueillir
25258,collects,собирают,collecte
25259,collects,собирают,rassemble
25260,waiving,отказа от,renoncer à
25261,waiving,отмены,lever
25262,waiving,отмены,annulation
25263,waiving,отказ от,renoncer à
25264,waiving,отмену,lever
25265,waiving,отмену,annulation
25266,waiving,отказом от,renoncer à
25267,waiving,отменив,no_equality
25268,waiving,отказ,levée
25269,waiving,отказ,renoncement
25270,waiving,отказывающегося,no_equality
25271,waiving,освобождение от,dispense
25272,waiving,об отказе от,renoncer à
25273,waiving,снятию,levée
25274,waiving,снятию,lever
25275,waiving,снятии,lever
25276,Priestleys,пристли,priestley
25277,Priestleys,пристли,priestly
25278,Priestleys,ѕристли,priestley
25279,Priestleys,ѕристли,priestly
25280,flanks,склонах,no_equality
25281,flanks,флангам,no_equality
25282,flanks,боках,no_equality
25283,flanks,бока,flanc
25284,flanks,склоны,flanc
25285,flanks,флангах,no_equality
25286,flanks,боками,no_equality
25287,flanks,флангов,no_equality
25288,flanks,бочки,no_equality
25289,flanks,фланги,flanc
25290,flanks,флангами,no_equality
25291,flanks,фланга,flanc
25292,uglifying,уродование,no_equality
25293,paediatrics,педиатрия,pédiatrie
25294,paediatrics,педиатр,no_equality
25295,paediatrics,педиатрический,no_equality
25296,kindles,устройства,no_equality
25297,breeders,селекционеров,obtenteur
25298,breeders,селекционеры,phytogénéticiens
25299,breeders,заводчики,no_equality
25300,breeders,селекционерами,no_equality
25301,breeders,заводчиков,no_equality
25302,breeders,животноводам,no_equality
25303,breeders,скотоводов,éleveur
25304,breeders,производителей,no_equality
25305,breeders,животноводы,no_equality
25306,breeders,животноводов,éleveur
25307,breeders,оленеводами,no_equality
25308,breeders,животноводами,éleveur
25309,breeders,производители,producteur
25310,breeders,скотоводы,éleveur
25311,breeders,гетеро,no_equality
25312,hooter,гудок,klaxon
25313,hooter,гудок,sirène
25314,hooter,хутер,no_equality
25315,complacent,самодовольный,suffisant
25316,complacent,самоуспокоенности,no_equality
25317,complacent,благодушие,no_equality
25318,complacent,самодовольны,no_equality
25319,complacent,самоуспокаиваться,no_equality
25320,complacent,почивать на лаврах,no_equality
25321,complacent,успокаиваться на достигнутом,complaisance
25322,complacent,предаваться самоуспокоению,no_equality
25323,complacent,бездействовать,no_equality
25324,complacent,довольствоваться достигнутым,no_equality
25325,adoptees,усыновленные,no_equality
25326,adoptees,приемных детей,enfants adoptés
25327,adoptees,усыновлённых детей,no_equality
25328,diatribes,обличительных речей,no_equality
25329,appearance,появление,apparition
25330,appearance,появление,présence
25331,appearance,внешность,apparence
25332,appearance,внешность,physique
25333,appearance,явка,comparution
25334,appearance,явка,participation
25335,appearance,внешний вид,apparence
25336,appearance,внешний вид,aspect
25337,appearance,внешний вид,présentation
25338,appearance,внешний вид,extérieur
25339,appearance,вид,aspect
25340,appearance,вид,semblant
25341,appearance,вид,mine
25342,appearance,выступление,présentation
25343,appearance,видимость,no_equality
25344,appearance,облик,apparence
25345,appearance,облик,aspect
25346,appearance,возникновение,apparition
25347,appearance,впечатление,impression
25348,appearance,присутствие,présence
25349,appearance,присутствие,participation
25350,appearance,внешнего вида,apparence
25351,appearance,внешнему виду,no_equality
25352,appearance,внешнем виде,apparence
25353,appearance,наружность,apparence
25354,appearance,явление,no_equality
25355,appearance,приличия,no_equality
25356,appearance,обличие,apparence
25357,suppresses,подавляет,supprime
25358,suppresses,подавляет,réprime
25359,suppresses,подавляет,inhibe
25360,suppresses,подавляет,étouffe
25361,suppresses,душит,étouffe
25362,suppresses,пресекает,réprime
25363,suppresses,уменьшает,atténue
25364,suppresses,подавляющего,no_equality
25365,suppresses,подавляется,no_equality
25366,inflame,разжигать,attiser
25367,inflame,обострить,attiser
25368,inflame,обострить,envenimer
25369,inflame,обострить,exacerber
25370,inflame,обострить,aggraver
25371,inflame,воспламенить,enflammer
25372,inflame,воспламенить,embraser
25373,inflame,воспламеняться,no_equality
25374,inflame,воспламенять,no_equality
25375,inflame,разжиганию,attiser
25376,inflame,разжигания,enflammer
25377,inflame,разжигания,attiser
25378,inflame,обостряют,no_equality
25379,inflame,способствовать обострению,no_equality
25380,inflame,усугубить,attiser
25381,inflame,усугубить,exacerber
25382,inflame,усугубить,aggraver
25383,inflame,разжигание,no_equality
25384,inflame,больше разжечь,attiser
25385,wears,носит,porte
25386,wears,носит,portent
25387,wears,носит,portait
25388,wears,носит,met
25389,wears,носит,porter
25390,wears,носит,revêt
25391,wears,надевает,porte
25392,wears,надевает,s'habille
25393,wears,надевает,met
25394,wears,носят,porte
25395,wears,носят,portent
25396,wears,ходит,no_equality
25397,wears,наденет,portera
25398,wears,наденет,met
25399,wears,одевает,no_equality
25400,wears,носить,porter
25401,wears,пользуется,no_equality
25402,wears,одевается,s'habille
25403,wears,носила,porte
25404,wears,носила,portait
25405,wears,носила,porter
25406,wears,носил,porte
25407,wears,носил,portait
25408,wears,носил,porter
25409,wears,изнашивается,s'use
25410,wears,одет,porte
25411,wears,одет,portait
25412,hobbyists,любителей,amateur
25413,hobbyists,любителей,passionné
25414,fatties,толстяков,gros
25415,fatties,толстяков,obèse
25416,fatties,толстяки,gros
25417,fatties,толстухами,no_equality
25418,fatties,жирных,gros
25419,fatties,жирных,obèse
25420,fatties,толстых,gros
25421,fatties,толстых,obèse
25422,fatties,толстушек,no_equality
25423,fatties,толстухи,no_equality
25424,professorially,профессорских,no_equality
25425,professorially,профессорско,no_equality
25426,professorially,профессорская,no_equality
25427,counterpoising,уравновешивание,no_equality
25428,Abels,этикетки,no_equality
25429,Abels,ярлыки,no_equality
25430,Abels,этикеток,no_equality
25431,Abels,маркировки,no_equality
25432,Abels,ярлыков,no_equality
25433,Abels,подписи,no_equality
25434,Abels,маркировка,no_equality
25435,Abels,этикетках,no_equality
25436,Abels,подписей,no_equality
25437,Abels,метки,no_equality
25438,Abels,маркировке,no_equality
25439,Abels,маркировку,no_equality
25440,Abels,лейблов,no_equality
25441,Abels,лейблы,no_equality
25442,Abels,наклеек,no_equality
25443,beggary,попрошайничества,mendicité
25444,beggary,попрошайничества,mendier
25445,beggary,нищенство,mendicité
25446,beggary,крайная нужда,indigence
25447,lambency,задержка,no_equality
25448,lambency,время ожидания,no_equality
25449,lambency,латентности,no_equality
25450,lambency,времени ожидания,no_equality
25451,lambency,латентный,no_equality
25452,lambency,латентного периода,no_equality
25453,dissipation,распыление,no_equality
25454,dissipation,рассеивание,no_equality
25455,dissipation,рассеяние,dispersion
25456,dissipation,рассредоточения,dispersion
25457,dissipation,дробления,no_equality
25458,dissipation,теплоотдачи,no_equality
25459,dissipation,тепловыделяющих,no_equality
25460,dissipation,отвода,no_equality
25461,dissipation,диссипации,no_equality
25462,waltzing,вальс,valse
25463,waltzing,пританцовывая,no_equality
25464,waltzing,вальсирующие,no_equality
25465,waltzing,вальсировать,valser
25466,waltzing,вальсируем,no_equality
25467,waltzing,вальсируя с,no_equality
25468,gunning,охотится,no_equality
25469,gunning,охотиться,no_equality
25470,gunning,охотился,no_equality
25471,gunning,охотятся,no_equality
25472,gunning,метит,no_equality
25473,gunning,пристрелил,no_equality
25474,gunning,гонялся,no_equality
25475,gunning,ополчился против,no_equality
25476,gunning,метишь,no_equality
25477,gunning,охотились,no_equality
25478,gunning,нацелились,après
25479,gunning,гонялась,no_equality
25480,gunning,нацелился,no_equality
25481,gunning,заарканю,no_equality
25482,gunning,ганнинг,no_equality
25483,orifices,отверстия,orifice
25484,orifices,отверстия,ouverture
25485,orifices,отверстия,trou
25486,orifices,отверстий,orifice
25487,orifices,отверстий,ouverture
25488,orifices,отверстий,trou
25489,orifices,отверстиями,orifice
25490,orifices,отверстиями,ouverture
25491,orifices,отверстиями,trou
25492,orifices,дырок,trou
25493,brightness,яркость,no_equality
25494,brightness,сияние,brillance
25495,brightness,сияние,éclat
25496,brightness,сияние,lumière
25497,brightness,сияние,splendeur
25498,brightness,блеск,éclat
25499,brightness,блеск,brillant
25500,brightness,яркостного,no_equality
25501,brightness,brightness,no_equality
25502,loads,много,beaucoup
25503,loads,нагрузках,no_equality
25504,loads,грузов,chargement
25505,loads,нагрузкам,no_equality
25506,loads,грузы,no_equality
25507,loads,нагрузками,charge
25508,loads,загружает,charger
25509,loads,нагрузок,charge
25510,loads,нагрузки,no_equality
25511,loads,нагрузка,charge
25512,loads,нагрузка,fardeau
25513,loads,нагрузка,force
25514,loads,груза,no_equality
25515,loads,загрузки,chargement
25516,loads,загрузки,charger
25517,loads,нагрузку,no_equality
25518,loads,груз,charge
25519,loads,весом,poids
25520,flesh,плоть,chair
25521,flesh,плоть,peau
25522,flesh,плоть,chaire
25523,flesh,плоть,sang
25524,flesh,мясо,chair
25525,flesh,мясо,viande
25526,flesh,мякоть,chair
25527,flesh,мякоть,pulpe
25528,flesh,тело,chair
25529,flesh,тела,chair
25530,flesh,тела,peau
25531,flesh,коже,no_equality
25532,flesh,мягких тканей,no_equality
25533,flesh,ткани,peau
25534,flesh,кожу,no_equality
25535,doorways,двери,porte
25536,doorways,двери,portail
25537,doorways,дорвеев,no_equality
25538,doorways,подъездах,no_equality
25539,doorways,дверные проемы,porte
25540,doorways,дорвеи,no_equality
25541,quadruplicating,учетверение,no_equality
25542,limitation,ограничение,limitation
25543,limitation,ограничение,limite
25544,limitation,ограничение,restriction
25545,limitation,ограничение,limitée
25546,limitation,ограничение,plafond
25547,limitation,ограничения,limitation
25548,limitation,ограничения,limite
25549,limitation,ограничения,restriction
25550,limitation,ограничения,plafond
25551,limitation,ограниченность,limitation
25552,limitation,ограниченность,limite
25553,limitation,недостаток,inconvénient
25554,limitation,ограничивает,no_equality
25555,limitation,исковой давности,prescription
25556,limitation,ограничить,no_equality
25557,limitation,препятствием,contrainte
25558,limitation,препятствием,obstacle
25559,limitation,пределов,limite
25560,limitation,пределов,plafond
25561,limitation,срока,prescription
25562,limitation,срока,délai
25563,slotted,включенных в график,no_equality
25564,slotted,запланированных к выпуску,no_equality
25565,slotted,щелевого,no_equality
25566,slotted,график документооборота,no_equality
25567,slotted,графиком,no_equality
25568,slotted,щелевых,no_equality
25569,slotted,графику документооборота,no_equality
25570,slotted,щелевидные,no_equality
25571,slotted,запланировано на,no_equality
25572,parted,разделенный,divisée
25573,tarriance,разница,écart
25574,tarriance,разница,variation
25575,tarriance,разница,augmentation
25576,tarriance,разница,dépassement
25577,tarriance,дисперсия,variance
25578,tarriance,расхождение,écart
25579,tarriance,расхождение,divergence
25580,tarriance,отклонение,écart
25581,tarriance,отклонение,variation
25582,tarriance,различия,écart
25583,tarriance,различия,divergence
25584,tarriance,сша,no_equality
25585,tarriance,противоречат,no_equality
25586,tarriance,отклонения,no_equality
25587,tarriance,вариации,variation
25588,tarriance,вариации,variante
25589,tarriance,противоречие,divergence
25590,tarriance,различий,écart
25591,tarriance,различий,divergence
25592,tarriance,дисперсией,no_equality
25593,sensual,чувственный,sensuel
25594,sensual,нежный,sensuel
25595,sensual,чувственно,no_equality
25596,sensual,чувственность,no_equality
25597,sensual,потемках чувственности,no_equality
25598,sensual,чувственнее,no_equality
25599,slave,раб,esclave
25600,slave,раб,serviteur
25601,slave,рабство,esclavage
25602,slave,рабство,servitude
25603,slave,рабский,servile
25604,slave,рабыней,esclave
25605,slave,рабыню,esclave
25606,slave,рабыни,no_equality
25607,slave,невольница,no_equality
25608,slave,рабским,no_equality
25609,slave,рабой,esclave
25610,slave,рабой,servante
25611,slave,рабскому,servile
25612,slave,невольничьем,no_equality
25613,Boers,бурами,no_equality
25614,Boers,за буров,no_equality
25615,treasuring,хранение,no_equality
25616,mowers,жнецов,faucheur
25617,mowers,газонокосилки,no_equality
25618,catchy,броский,no_equality
25619,catchy,цепляет,no_equality
25620,catchy,приставучая,no_equality
25621,catchy,запоминающаяся,no_equality
25622,catchy,легко запоминающийся,no_equality
25623,catchy,заводные,no_equality
25624,catchy,запоминающихся,no_equality
25625,catchy,броских,no_equality
25626,catchy,эффектно,no_equality
25627,catchy,запоминающееся,no_equality
25628,catchy,запоминающиеся,no_equality
25629,Johnsons,джонсоны,johnson
25630,Johnsons,джонсон,johnson
25631,Johnsons,джонсонами,no_equality
25632,Johnsons,у джонсонов,johnson
25633,crisps,чипсы,croustilles
25634,crisps,чипсов,no_equality
25635,crisps,чипсами,croustilles
25636,crisps,чипсами,frite
25637,crisps,хрустящий картофель,chips
25638,crisps,чипсах,no_equality
25639,crisps,чипс,chips
25640,blink,моргнуть,no_equality
25641,blink,моргать,clignoter
25642,blink,моргать,cligner
25643,blink,мгновенный,no_equality
25644,blink,мигать,no_equality
25645,blink,поморгать,no_equality
25646,blink,мигнуть,no_equality
25647,blink,моргание,no_equality
25648,blink,моргайте,no_equality
25649,factorize,фабрики,no_equality
25650,factorize,фабрик,no_equality
25651,factorize,фабриках,no_equality
25652,factorize,заводов,no_equality
25653,factorize,заводы,no_equality
25654,factorize,предприятий,no_equality
25655,factorize,заводах,no_equality
25656,factorize,предприятия,no_equality
25657,factorize,промышленных предприятиях,no_equality
25658,factorize,заводами,no_equality
25659,factorize,завода,no_equality
25660,factorize,фабриками,no_equality
25661,factorize,фабрикам,no_equality
25662,factorize,заводам,no_equality
25663,factorize,производству,no_equality
25664,distill,гнать,no_equality
25665,distill,дистиллировать,distiller
25666,distill,перегоняют,no_equality
25667,distill,дистилляции,no_equality
25668,seasickness,морская болезнь,no_equality
25669,seasickness,кинетоз,no_equality
25670,seasickness,от морской болезни,no_equality
25671,tweaking,тонкая настройка,no_equality
25672,tweaking,подстройка,no_equality
25673,tweaking,щипание,no_equality
25674,annotator,аннотированный,no_equality
25675,annotator,аннотированной,no_equality
25676,annotator,аннотированного,no_equality
25677,annotator,аннотированная,no_equality
25678,annotator,аннотированные,no_equality
25679,annotator,аннотированную,no_equality
25680,annotator,аннотированных,no_equality
25681,annotator,аннотированное,no_equality
25682,annotator,аннотациями,no_equality
25683,annotator,аннотированном,no_equality
25684,annotator,аннотированным,no_equality
25685,supinated,помочился,no_equality
25686,supinated,мочились,no_equality
25687,supinated,помочились,no_equality
25688,supinated,моче,no_equality
25689,supinated,пописал,no_equality
25690,detonators,детонаторы,détonateur
25691,detonators,детонаторов,détonateur
25692,detonators,взрывателей,détonateur
25693,detonators,детонаторами,détonateur
25694,detonators,детонаторах,no_equality
25695,detonators,детонаторам,no_equality
25696,nettings,сетки,maillage
25697,nettings,сеток,no_equality
25698,Doolittles,дулиттл,doolittle
25699,Doolittles,дулиттл,dolittle
25700,Doolittles,дулитл,doolittle
25701,Doolittles,дулитла,no_equality
25702,Doolittles,дулитлу,no_equality
25703,forcible,принудительный,forcé
25704,forcible,насильственный,forcé
25705,forcible,насильственный,violent
25706,judiciaries,судебных органов,autorités judiciaires
25707,judiciaries,судебных органов,juridiction
25708,judiciaries,судебных органов,pouvoir judiciaire
25709,judiciaries,судебных органов,système judiciaire
25710,judiciaries,судебных органов,magistrat
25711,judiciaries,судебных органов,appareil judiciaire
25712,judiciaries,судебных органов,magistrature
25713,judiciaries,судебных органов,organes judiciaires
25714,judiciaries,судебные органы,juridiction
25715,judiciaries,судебные органы,pouvoir judiciaire
25716,judiciaries,судебные органы,système judiciaire
25717,judiciaries,судебные органы,appareil judiciaire
25718,judiciaries,судебные органы,magistrature
25719,judiciaries,судебные органы,organes judiciaires
25720,judiciaries,судебными органами,magistrat
25721,judiciaries,судебными органами,magistrature
25722,judiciaries,судебным органам,pouvoir judiciaire
25723,judiciaries,судебным органам,instances judiciaires
25724,judiciaries,судебным органам,système judiciaire
25725,judiciaries,судебным органам,appareil judiciaire
25726,judiciaries,судебной системы,pouvoir judiciaire
25727,judiciaries,судебной системы,système judiciaire
25728,judiciaries,судебной системы,magistrat
25729,judiciaries,судебной системы,appareil judiciaire
25730,judiciaries,судебной системы,magistrature
25731,judiciaries,судебных систем,systèmes judiciaires
25732,judiciaries,судебных систем,appareils judiciaires
25733,judiciaries,судебных систем,système judiciaire
25734,judiciaries,судебных системах,systèmes judiciaires
25735,judiciaries,судебными системами,systèmes judiciaires
25736,judiciaries,органами юстиции,organes judiciaires
25737,terrible,страшный,terrible
25738,terrible,страшный,horrible
25739,terrible,страшный,effrayant
25740,terrible,страшный,terrifiant
25741,terrible,грозный,terrible
25742,terrible,грозный,redoutable
25743,terrible,отвратительный,horrible
25744,terrible,отвратительный,affreux
25745,terrible,отвратительный,abominable
25746,terrible,отвратительный,détestable
25747,terrible,убийственный,no_equality
25748,terrible,тяжкий,grave
25749,terrible,внушающий страх,no_equality
25750,terrible,внушающий ужас,horrible
25751,terrible,внушающий ужас,terrifiant
25752,overruled,отклонено,rejeté
25753,overruled,отменено,annulée
25754,overruled,отклоняется,no_equality
25755,overruled,отменил,no_equality
25756,overruled,отклонен,no_equality
25757,overruled,отклонил,no_equality
25758,overruled,отклоняю,no_equality
25759,overruled,преодолено,no_equality
25760,overruled,отклонила,no_equality
25761,overruled,отмененных,no_equality
25762,overruled,протест отклонён,no_equality
25763,overruled,аннулировал,annulée
25764,overruled,аннулировал,a annulé
25765,overruled,отклоняются,no_equality
25766,overruled,отклонены,rejeté
25767,overruled,отвергаются,no_equality
25768,ushering,возвестили,no_equality
25769,ushering,вступая,no_equality
25770,ushering,сопровождение,accompagnement
25771,schoolworks,успеваемость,no_equality
25772,schoolworks,домашнее задание,devoir
25773,schoolworks,домашняя работа,devoir
25774,schoolworks,школьные занятия,no_equality
25775,schoolworks,школьные задания,devoir
25776,schoolworks,учебой,no_equality
25777,schoolworks,домашнюю работу,devoir
25778,schoolworks,домашние задания,devoir
25779,schoolworks,школьных занятий,école
25780,schoolworks,домашних заданий,no_equality
25781,schoolworks,учёбу,no_equality
25782,schoolworks,школьные дела,no_equality
25783,schoolworks,учеба,école
25784,schoolworks,школьные работы,no_equality
25785,schoolworks,занятиях,no_equality
25786,encapsulation,инкапсуляция,no_equality
25787,encapsulation,герметизация,no_equality
25788,wheel,колесо,roue
25789,wheel,колесо,roulette
25790,wheel,круг,no_equality
25791,wheel,велосипед,roue
25792,wheel,диск,no_equality
25793,wheel,ролик,no_equality
25794,wheel,барабан,no_equality
25795,wheel,баранка,no_equality
25796,wheel,колесо обозрения,no_equality
25797,wheel,рабочее колесо,roue
25798,wheel,рабочее колесо,roulette
25799,wheel,колесо прокрутки,roue
25800,wheel,колесо прокрутки,roulette
25801,wheel,шлифовальный круг,no_equality
25802,wheel,гончарный круг,no_equality
25803,wheel,прялка,no_equality
25804,wheel,катить,no_equality
25805,wheel,колесный,roue
25806,gossiper,сплетник,no_equality
25807,gossiper,сплетница,commère
25808,ink,чернила,encre
25809,ink,краска,no_equality
25810,ink,тушь,no_equality
25811,ink,тату,tatouage
25812,ink,чернильный,no_equality
25813,ink,инк,no_equality
25814,ink,татуировки,tatouage
25815,ink,татуировка,tatouage
25816,universality,универсальность,universalité
25817,universality,универсальность,caractère universel
25818,universality,универсальность,universalisme
25819,universality,всеобщность,universalité
25820,universality,универсального характера,universalité
25821,universality,универсального характера,universalisation
25822,universality,универсального характера,caractère universel
25823,universality,универсального характера,adhésion universelle
25824,universality,универсальный характер,no_equality
25825,universality,универсализации,universalité
25826,universality,универсализации,universalisation
25827,universality,универсальному характеру,universalité
25828,universality,универсальному характеру,caractère universel
25829,universality,всеобщего присоединения,universalité
25830,universality,всеобщего присоединения,adhésion universelle
25831,universality,всеобщего характера,universalité
25832,universality,всеобщего характера,universalisation
25833,universality,всеобщего характера,caractère universel
25834,universality,всеобщий характер,universalité
25835,universality,универсальной,no_equality
25836,universality,всеобщее присоединение,universalisation
25837,universality,всеобщее присоединение,adhésion universelle
25838,universality,всеобщего участия,adhésion universelle
25839,universality,универсализма,universalisme
25840,cliffs,скалы,falaise
25841,cliffs,скалы,rocher
25842,cliffs,скал,falaise
25843,cliffs,скал,rocher
25844,cliffs,скалах,rocher
25845,cliffs,утесы,falaise
25846,cliffs,утесов,no_equality
25847,cliffs,скалами,falaise
25848,cliffs,скалам,no_equality
25849,muddling,неразберихи,no_equality
25850,salvaging,спасение,sauver
25851,salvaging,спасение,sauvetage
25852,salvaging,сохранения перспектив,no_equality
25853,salvaging,спасая,no_equality
25854,salvaging,утилизация,no_equality
25855,relating,связанный,relatif
25856,relating,связанный,lié
25857,relating,поводу,rapport
25858,relating,контексте,sujet
25859,relating,контексте,domaine
25860,relating,контексте,égard
25861,relating,касались,concernent
25862,relating,области,no_equality
25863,relating,сфере,égard
25864,relating,расходов,no_equality
25865,relating,части,domaine
25866,relating,части,cadre
25867,relating,жалоб,no_equality
25868,relating,областях,domaine
25869,relating,связь,rapport
25870,relating,связь,relation
25871,relating,связь,lié
25872,evangelistic,евангелизационный,no_equality
25873,arbitrations,арбитражных разбирательств,arbitrage
25874,arbitrations,арбитражным разбирательствам,arbitrage
25875,arbitrations,арбитражные разбирательства,arbitrage
25876,arbitrations,арбитраж,arbitrage
25877,arbitrations,арбитражных разбирательствах,no_equality
25878,arbitrations,арбитражное разбирательство,no_equality
25879,arbitrations,арбитражу,arbitrage
25880,arbitrations,арбитражными разбирательствами,no_equality
25881,arbitrations,арбитражному разбирательству,arbitrage
25882,arbitrations,арбитражном разбирательстве,arbitrage
25883,arbitrations,арбитражном разбирательстве,procédures arbitrales
25884,arbitrations,арбитражного разбирательства,arbitrage
25885,arbitrations,арбитражного разбирательства,procédures arbitrales
25886,arbitrations,арбитражных дел,no_equality
25887,arbitrations,арбитраже,arbitrage
25888,arbitrations,арбитражных процессов,no_equality
25889,arbitrations,арбитража при участии нескольких сторон,no_equality
25890,rains,выпадение дождей,pluie
25891,rains,выпадение дождей,précipitation
25892,rains,период дождей,pluie
25893,rains,период дождей,précipitation
25894,rectoes,ректоров,no_equality
25895,rectoes,ректорами,no_equality
25896,rectoes,ректоры,no_equality
25897,rectoes,ректора,recteur
25898,stumbling,спотыкаясь,no_equality
25899,stumbling,оступаться,no_equality
25900,stumbling,натыкаться,no_equality
25901,stumbling,споткнулся,trébucher
25902,stumbling,спотыкается,trébuche
25903,stumbling,спотыкание,no_equality
25904,stumbling,stumbling,no_equality
25905,stumbling,спотыкаться,trébucher
25906,stumbling,препятствий,entrave
25907,stumbling,спотыкался,no_equality
25908,stumbling,наткнуться,no_equality
25909,stumbling,наткнулся,no_equality
25910,stumbling,вывалился,no_equality
25911,stumbling,ковыляет,no_equality
25912,stumbling,пошатываясь,no_equality
25913,cryptic,загадочный,énigmatique
25914,cryptic,загадочный,mystérieux
25915,cryptic,загадочно,énigmatique
25916,cryptic,загадочно,mystérieux
25917,cryptic,зашифрованные,no_equality
25918,cryptic,таинственное,mystérieux
25919,cryptic,таинственным,mystérieux
25920,cryptic,говорить загадками,no_equality
25921,cryptic,скрытным,no_equality
25922,cryptic,непонятным,no_equality
25923,cryptic,зашифрованных,no_equality
25924,cryptic,непонятными,no_equality
25925,cryptic,туманной,no_equality
25926,crewing,крюинг,no_equality
25927,crewing,формирование экипажа,no_equality
25928,crewing,крюинговый,no_equality
25929,synesthesia,синестезия,synesthésie
25930,carefulness,тщательность,soin
25931,carefulness,осторожность,prudence
25932,sureness,уверенность,certitude
25933,gradually,постепенно,progressivement
25934,gradually,постепенно,graduellement
25935,gradually,постепенно,peu à peu
25936,gradually,постепенно,petit à petit
25937,gradually,постепенно,lentement
25938,gradually,постепенно,graduel
25939,gradually,постепенно,progressive
25940,gradually,поэтапно,progressivement
25941,gradually,поэтапно,graduellement
25942,gradually,поэтапно,progressive
25943,gradually,последовательно,progressivement
25944,gradually,постепенного,no_equality
25945,gradually,постепенное,no_equality
25946,gradually,постепенному,no_equality
25947,gradually,постепенной,no_equality
25948,gradually,постепенном,no_equality
25949,gradually,постепенную,no_equality
25950,gradually,постепенным,no_equality
25951,gradually,постепенная,progressivement
25952,gradually,постепенная,graduel
25953,gradually,постепенная,progressive
25954,gradually,понемногу,peu à peu
25955,gradually,понемногу,petit à petit
25956,gradually,поэтапной,no_equality
25957,gradually,поэтапное,no_equality
25958,gradually,поэтапного,no_equality
25959,recede,отступать,reculer
25960,recede,пойти на убыль,no_equality
25961,recede,спадать,no_equality
25962,recede,отступит,no_equality
25963,recede,отступят,no_equality
25964,recede,отступить,reculer
25965,recede,прекратятся,no_equality
25966,recede,уменьшаться,baisser
25967,erratic,неустойчивый,irrégulier
25968,erratic,неустойчивый,instable
25969,erratic,странное,no_equality
25970,erratic,странным,no_equality
25971,erratic,нестабильным,instable
25972,erratic,нерегулярные,irrégulier
25973,erratic,непредсказуемые,no_equality
25974,erratic,непредсказуемым,imprévisible
25975,erratic,нестабильными,irrégulier
25976,erratic,нестабильными,instable
25977,erratic,нерегулярного,irrégulier
25978,erratic,беспорядочным,irrégulier
25979,consisting,состоящее,no_equality
25980,consisting,который состоит,qui consiste
25981,consisting,виде,no_equality
25982,consisting,включает,no_equality
25983,consisting,предусматривающей,comprenant
25984,consisting,которая состоит,no_equality
25985,consisting,предусматривающий,no_equality
25986,consisting,состоящими,composé
25987,consisting,включающим,no_equality
25988,consisting,состоят,composé
25989,consisting,заключающийся,consistant
25990,consisting,заключающийся,qui consiste
25991,consisting,состав которого входит,composé
25992,consisting,заключающуюся,consistant
25993,consisting,заключающуюся,qui consiste
25994,consisting,состав которой входили,composé
25995,consisting,состав которого вошли,composé
25996,conversances,сближение позиций,no_equality
25997,conversances,сближения позиций,no_equality
25998,conversances,точки соприкосновения,no_equality
25999,conversances,сходство,no_equality
26000,conversances,конвергенции,no_equality
26001,conversances,сближению позиций,no_equality
26002,conversances,конвергенция,no_equality
26003,quiets,"""спокойных""",no_equality
26004,harmonicas,губные гармошки,harmonica
26005,diplomas,дипломов,diplôme
26006,diplomas,дипломы,diplôme
26007,diplomas,дипломы,certificat
26008,diplomas,дипломами,diplôme
26009,diplomas,диплом,no_equality
26010,diplomas,образовании,diplôme
26011,diplomas,диплома,diplôme
26012,diplomas,дипломах,no_equality
26013,diplomas,аттестаты,no_equality
26014,diplomas,дипломам,no_equality
26015,diplomas,грамотами,no_equality
26016,diplomas,соответствующие свидетельства,certificat
26017,blusterous,шумный,no_equality
26018,blusterous,неистовый,no_equality
26019,blusterous,шумно,no_equality
26020,parliamentary,парламентский,parlementaire
26021,parliamentary,парламентский,parlement
26022,parliamentary,парламент,no_equality
26023,parliamentary,заседающих органов,délibératoire
26024,parliamentary,парламентариев,no_equality
26025,parliamentary,парламентарный,no_equality
26026,parliamentary,парламентаризма,no_equality
26027,parliamentary,депутатской,no_equality
26028,stagey,этап,no_equality
26029,stagey,стадия,no_equality
26030,stagey,сцена,no_equality
26031,stagey,ступени,no_equality
26032,stagey,момент,no_equality
26033,stagey,фаза,no_equality
26034,stagey,ступень,no_equality
26035,stagey,театр,no_equality
26036,stagey,сценический,no_equality
26037,stagey,инсценировать,no_equality
26038,stagey,арене,no_equality
26039,stagey,основу,no_equality
26040,stagey,почву,no_equality
26041,stagey,арену,no_equality
26042,stagey,организовывать,no_equality
26043,stagey,поставить на сцене,no_equality
26044,stagey,дилижанс,no_equality
26045,stagey,подмостки,no_equality
26046,stagey,платформа,no_equality
26047,stagey,каскад,no_equality
26048,stagey,рампа,no_equality
26049,stagey,этап работы,no_equality
26050,phosphoric,фосфорной,no_equality
26051,phosphoric,фосфорная,no_equality
26052,brawler,скандалистка,no_equality
26053,brawler,драчун,bagarreur
26054,brawler,крикун,no_equality
26055,brawler,драчуна,no_equality
26056,balmy,благоуханный,no_equality
26057,balmy,целебный,no_equality
26058,balmy,ароматический,no_equality
26059,balmy,нежный,doux
26060,balmy,благоухающей,no_equality
26061,elves,эльфы,elfe
26062,elves,эльфы,lutin
26063,elves,эльфов,elfe
26064,elves,эльфами,elfe
26065,elves,эльфах,no_equality
26066,elves,эльфам,no_equality
26067,scaling,масштабирование,no_equality
26068,scaling,наращивание,no_equality
26069,scaling,наращиванию,no_equality
26070,scaling,расширением масштабов,no_equality
26071,scaling,расширить масштабы,no_equality
26072,scaling,расширяя,no_equality
26073,scaling,сокращением масштабов,no_equality
26074,modification,изменение,modification
26075,modification,изменение,changement
26076,modification,изменение,amendement
26077,modification,изменение,variation
26078,modification,изменение,transformation
26079,modification,изменение,révision
26080,modification,модификации,modification
26081,modification,модификации,modifier
26082,modification,модификация,modification
26083,modification,видоизменение,modification
26084,modification,изменить,no_equality
26085,modification,внесение изменений,modification
26086,modification,внесение изменений,modifier
26087,modification,поправки,modification
26088,modification,поправки,changement
26089,modification,поправки,amendement
26090,modification,поправки,révision
26091,modification,пересмотр,modification
26092,modification,пересмотр,révision
26093,modification,доработка,no_equality
26094,modification,об изменении,modification
26095,modification,об изменении,changement
26096,abstentions,воздержавшихся,abstention
26097,abstentions,воздержались,abstention
26098,abstentions,воздержавшиеся,no_equality
26099,halls,залах,salle
26100,halls,залы,salle
26101,halls,залов,salle
26102,halls,коридорах,couloir
26103,halls,коридорах,corridor
26104,halls,зала,no_equality
26105,halls,залам,salle
26106,halls,коридоре,couloir
26107,halls,коридоре,corridor
26108,halls,стенах,mur
26109,halls,коридоры,couloir
26110,halls,коридоры,salon
26111,halls,коридоры,corridor
26112,halls,зале,salle
26113,halls,зал,salle
26114,halls,зал,hall
26115,halls,зал,couloir
26116,halls,зал,salon
26117,halls,по коридорам,no_equality
26118,halls,коридору,hall
26119,halls,коридору,couloir
26120,halls,коридору,corridor
26121,halls,общежитии,no_equality
26122,halls,залами,salle
26123,tatting,фриволите,no_equality
26124,tatting,тэттинг,no_equality
26125,boron,бора,no_equality
26126,boron,бор,bore
26127,learnings,выпускникам,no_equality
26128,disillusion,разочарование,désillusion
26129,disillusion,разочарование,déception
26130,disillusion,разочаровывать,décevoir
26131,disillusion,иллюзий,désillusion
26132,robed,халате,no_equality
26133,robed,облаченная,no_equality
26134,robed,мантии,no_equality
26135,conjectures,догадках,conjecture
26136,cloven,раздвоенный,no_equality
26137,cloven,раскалывать,no_equality
26138,cloven,копыт,corne
26139,cloven,копыта,no_equality
26140,cloven,раздвоенными,no_equality
26141,abduction,похищение,enlèvement
26142,abduction,похищение,rapt
26143,abduction,похищение,kidnapping
26144,abduction,похищение,séquestration
26145,abduction,похитили,enlèvement
26146,abduction,похищены,enlèvement
26147,abduction,похищены,rapt
26148,abduction,похищен,enlèvement
26149,abduction,похищенными,no_equality
26150,abduction,похищают,enlèvement
26151,abduction,захват,enlèvement
26152,abduction,захват,détournement
26153,abduction,людей,no_equality
26154,consonants,согласные,consonne
26155,consonants,согласных,consonne
26156,pyramid,пирамида,pyramide
26157,pyramid,пирамидных,no_equality
26158,pyramid,пирамидальной,no_equality
26159,pyramid,пирамидальную,no_equality
26160,pyramid,пирамидные,no_equality
26161,pyramid,пирамидальные,no_equality
26162,cordial,сердечный,cordial
26163,cordial,теплые,cordial
26164,cordial,теплые,chaleureux
26165,cordial,сердечно,no_equality
26166,cordial,радушие,no_equality
26167,cordial,дружественные,amicale
26168,cordial,радушными,no_equality
26169,cordial,cordial,no_equality
26170,cordial,дружеские,amicale
26171,cordial,тепло,chaleureux
26172,cordial,теплой,chaleureux
26173,instilling,привитие,no_equality
26174,instilling,воспитания,no_equality
26175,instilling,воспитанию,inculquer
26176,instilling,привить,inculquer
26177,instilling,привить,instiller
26178,instilling,привить,insuffler
26179,instilling,прививать,inculquer
26180,instilling,прививает,inculque
26181,instilling,прививая,no_equality
26182,instilling,прививание,no_equality
26183,instilling,воспитании,no_equality
26184,prickly,колючий,épineux
26185,prickly,колючий,piquant
26186,prickly,прикли,no_equality
26187,prickly,кактус,no_equality
26188,prickly,вспыльчивым,no_equality
26189,prickly,кактуса,no_equality
26190,graces,грации,no_equality
26191,graces,милости,grâce
26192,graces,милости,merci
26193,graces,милости,faveur
26194,graces,милость,grâce
26195,graces,милость,faveur
26196,graces,благодати,grâce
26197,surreptitiously,тайно,clandestinement
26198,chopstick,палочки,baguette
26199,chopstick,для еды,baguette
26200,chopstick,палочками,baguette
26201,brutal,жестокий,brutal
26202,brutal,жестокий,violent
26203,brutal,жестокий,cruel
26204,brutal,жестокий,dur
26205,brutal,жестокий,féroce
26206,brutal,жестокий,impitoyable
26207,brutal,грубый,brutal
26208,brutal,зверский,brutal
26209,brutal,бесчеловечный,no_equality
26210,brutal,жестокость,no_equality
26211,brutal,жестокости,no_equality
26212,brutal,брутальный,brutal
26213,brutal,варварской,brutal
26214,brutal,варварской,barbare
26215,brutal,жесткого,brutal
26216,brutal,безжалостной,brutal
26217,brutal,безжалостной,impitoyable
26218,brutal,варварские,barbare
26219,brutal,жесточайшей,no_equality
26220,brutal,безжалостных,no_equality
26221,brutal,зверюга,no_equality
26222,bingos,ппнпо,no_equality
26223,disgusting,отвратительный,dégoûtant
26224,disgusting,отвратительный,répugnant
26225,disgusting,отвратительный,dégueulasse
26226,disgusting,отвратительный,dégueu
26227,disgusting,отвратительный,horrible
26228,disgusting,отвратительный,odieux
26229,disgusting,отвратительный,écoeurant
26230,disgusting,отвратительный,affreux
26231,disgusting,мерзкий,dégoûtant
26232,disgusting,мерзкий,répugnant
26233,disgusting,мерзкий,dégueulasse
26234,disgusting,мерзкий,immonde
26235,disgusting,мерзкий,horrible
26236,disgusting,омерзительный,no_equality
26237,disgusting,противный,répugnant
26238,disgusting,противный,odieux
26239,disgusting,ужасно,horrible
26240,disgusting,ужасно,affreux
26241,disgusting,гадость,no_equality
26242,disgusting,мерзость,no_equality
26243,disgusting,отвратительно,dégoûtant
26244,disgusting,отвратительно,répugnant
26245,disgusting,отвратительно,dégueulasse
26246,disgusting,отвратительно,dégueu
26247,disgusting,отвратительно,horrible
26248,disgusting,отвратительно,odieux
26249,disgusting,отвратительно,affreux
26250,disgusting,гадкий,no_equality
26251,electrics,электриков,no_equality
26252,electrics,электрика,no_equality
26253,electrics,электрику,no_equality
26254,electrics,электрооборудованием,no_equality
26255,electrics,электрикс,no_equality
26256,electrics,электрики,no_equality
26257,electrics,электротехника,électrotechnique
26258,electrics,электрооборудование,no_equality
26259,desert,пустыня,désert
26260,desert,десерт,dessert
26261,desert,пустынный,désertique
26262,desert,необитаемый,no_equality
26263,desert,дезертировать,déserter
26264,desert,дезерт,no_equality
26265,desert,безлюдный,no_equality
26266,desert,бросить,abandonner
26267,desert,покинуть,abandonner
26268,desert,оставить,abandonner
26269,desert,покидать,abandonner
26270,desert,опустынивания,no_equality
26271,desert,desert,no_equality
26272,waking,пробуждение,réveil
26273,waking,пробуждение,éveil
26274,waking,разбудил,réveil
26275,waking,будить,no_equality
26276,waking,проснуться,no_equality
26277,waking,разбудить,no_equality
26278,waking,проснулась,no_equality
26279,waking,просыпаешься,no_equality
26280,waking,разбудив,no_equality
26281,waking,разбудила,no_equality
26282,waking,бужу,no_equality
26283,waking,разбужу,no_equality
26284,waking,просыпаются,no_equality
26285,waking,наяву,éveillé
26286,waking,просыпался,no_equality
26287,semicircular,полукруглый,no_equality
26288,semicircular,полукруглые,no_equality
26289,semicircular,полукруглыми,no_equality
26290,semicircular,полукруглой,no_equality
26291,ferromagnetic,ферромагнитных,no_equality
26292,ferromagnetic,ферромагнитными,no_equality
26293,ferromagnetic,ферромагнетик,no_equality
26294,ferromagnetic,ферромагнитного,no_equality
26295,ferromagnetic,ферромагнитные,no_equality
26296,ferromagnetic,ферромагнитным,no_equality
26297,harms,наносит ущерб,nuit à
26298,harms,вреда,préjudice
26299,harms,вреда,méfait
26300,harms,вреда,dommage
26301,harms,вреда,danger
26302,harms,вредит,blesse
26303,harms,ущерба,préjudice
26304,harms,ущерба,dommage
26305,harms,наносит вред,nuit à
26306,harms,наносит вред,blesse
26307,harms,наносит вред,endommage
26308,harms,вреде,méfait
26309,harms,вреде,danger
26310,harms,наносят ущерб,nuisent à
26311,harms,причиняет ущерб,préjudice
26312,harms,причиняет ущерб,dommage
26313,harms,ущемляет,no_equality
26314,harms,ухудшает,no_equality
26315,harms,навредила,no_equality
26316,harms,тронет,mal
26317,harms,хармс,harms
26318,harms,причиненный,no_equality
26319,harms,негативно сказывается,no_equality
26320,sulk,дурное настроение,no_equality
26321,sulk,надуться,no_equality
26322,sulk,дуться,bouder
26323,sulk,дуться,faire la gueule
26324,sulk,сердиться,no_equality
26325,sulk,хандрить,no_equality
26326,Carpus,запястье,no_equality
26327,upholstering,обивание,no_equality
26328,magnified,увеличенный,no_equality
26329,claims,претензий,revendication
26330,claims,претензий,réclamation
26331,claims,претензий,créance
26332,claims,утверждает,affirme
26333,claims,утверждает,prétend
26334,claims,утверждает,dit
26335,claims,утверждает,soutient
26336,claims,утверждает,fait valoir
26337,claims,требований,demande
26338,claims,требований,créance
26339,claims,требования,revendication
26340,claims,требования,réclamation
26341,claims,требования,demande
26342,claims,требования,créance
26343,claims,претензиям,revendication
26344,claims,претензиям,réclamation
26345,claims,исков,no_equality
26346,claims,заявляет,affirme
26347,claims,заявляет,prétend
26348,claims,заявляет,dit
26349,claims,заявляет,soutient
26350,claims,заявляет,fait valoir
26351,claims,утверждения,allégation
26352,claims,утверждения,affirmation
26353,claims,заявления,demande
26354,claims,заявления,affirmation
26355,claims,иски,no_equality
26356,claims,заявлений,demande
26357,claims,заявлений,allégation
26358,claims,заявлений,affirmation
26359,claims,утверждений,allégation
26360,claims,утверждений,affirmation
26361,claims,жалобы,réclamation
26362,claims,жалобы,allégation
26363,claims,требованиям,no_equality
26364,claims,претензиями,revendication
26365,claims,претензиями,réclamation
26366,Claudiuses,клавдий,no_equality
26367,Claudiuses,клавдия,no_equality
26368,Claudiuses,клавдию,no_equality
26369,Claudiuses,клавдием,no_equality
26370,inflates,надувается,se gonfle
26371,inflates,раздувается,no_equality
26372,waded,вброд,no_equality
26373,descendent,потомок,descendant
26374,jitteriness,горечь,no_equality
26375,jitteriness,озлобленность,no_equality
26376,jitteriness,ожесточение,no_equality
26377,jitteriness,обида,no_equality
26378,jitteriness,злобы,no_equality
26379,jitteriness,ожесточенности,no_equality
26380,jitteriness,злобу,no_equality
26381,burn,сжечь,brûler
26382,burn,сжечь,griller
26383,burn,сжечь,enflammer
26384,burn,сжечь,incinérer
26385,burn,гореть,brûler
26386,burn,сгореть,no_equality
26387,burn,сжигать,brûler
26388,burn,сжигать,cramer
26389,burn,сжигать,incinérer
26390,burn,спалить,brûler
26391,burn,спалить,cramer
26392,burn,спалить,griller
26393,burn,жечь,brûler
26394,burn,поджечь,brûler
26395,burn,поджечь,cramer
26396,burn,поджечь,enflammer
26397,burn,записать,graver
26398,burn,ожог,brûlure
26399,burn,сжигание,combustion
26400,burn,сжигание,brûlage
26401,burn,уничтожить,no_equality
26402,burn,выжечь,brûler
26403,burn,берн,burn
26404,burn,burn,no_equality
26405,burn,ожоговый,no_equality
26406,burn,обжечь,brûler
26407,burn,обжигать,brûler
26408,burn,обжечься,no_equality
26409,burn,палить,no_equality
26410,burn,пылать,no_equality
26411,burn,записывать,graver
26412,burn,обжигаться,no_equality
26413,swung,замахнулся,a balancé
26414,swung,размахнулся,no_equality
26415,swung,заглянул,no_equality
26416,swung,заскочил,no_equality
26417,swung,замахнулась,no_equality
26418,swung,махнул,no_equality
26419,swung,повернул,no_equality
26420,swung,заезжал,no_equality
26421,swung,развернулся,no_equality
26422,swung,качнулся,no_equality
26423,swung,ударил,no_equality
26424,swung,качался,no_equality
26425,swung,замахнулись,no_equality
26426,swung,размахнуться,no_equality
26427,swung,качнулась,no_equality
26428,argument,аргумент,no_equality
26429,argument,довод,argument
26430,argument,довод,argumentation
26431,argument,довод,raison
26432,argument,спор,dispute
26433,argument,спор,discussion
26434,argument,спор,débat
26435,argument,спор,querelle
26436,argument,аргументация,argument
26437,argument,аргументация,argumentation
26438,argument,аргументация,raisonnement
26439,argument,ссора,dispute
26440,argument,ссора,querelle
26441,argument,спора,dispute
26442,argument,спорить,disputer
26443,argument,поругались,no_equality
26444,argument,утверждение о том,no_equality
26445,argument,споры,dispute
26446,argument,споры,débat
26447,argument,споры,querelle
26448,argument,доказательство,no_equality
26449,argument,довода о том,no_equality
26450,argument,доводом о том,no_equality
26451,argument,обоснование,argumentation
26452,argument,обоснование,raisonnement
26453,argument,обоснование,raison
26454,argument,том основании,motif
26455,pebbly,галечном,no_equality
26456,discharges,сбросов,rejet
26457,discharges,сбросов,effluent
26458,discharges,сбросов,déversement
26459,discharges,выбросов,no_equality
26460,discharges,сбросы,no_equality
26461,discharges,выбросы,rejet
26462,discharges,выполняет,s'acquitte
26463,discharges,сброса,rejet
26464,discharges,сброса,déversement
26465,discharges,сброс,déversement
26466,discharges,вод,no_equality
26467,discharges,сбросах,déversement
26468,discharges,выполнении,no_equality
26469,discharges,выбросами,no_equality
26470,discharges,разрядов,décharge
26471,discharges,разряды,no_equality
26472,discharges,сбросами,effluent
26473,discharges,впадает,no_equality
26474,fiddlesticks,ёханый бабай!,no_equality
26475,magically,волшебно,magiquement
26476,magically,волшебно,magique
26477,magically,магически,no_equality
26478,magically,волшебным образом,comme par magie
26479,magically,волшебным образом,magiquement
26480,magically,волшебным образом,miraculeusement
26481,magically,магический,no_equality
26482,transvestites,трансвеститов,no_equality
26483,transvestites,трансвеститы,no_equality
26484,transvestites,трансвеститами,travesti
26485,drops,капли,goutte
26486,drops,капель,goutte
26487,drops,капель,gouttelette
26488,drops,падает,tombe
26489,drops,падает,chute
26490,drops,падает,diminue
26491,drops,падает,descend
26492,drops,упадет,tombe
26493,drops,бросает,laisse tomber
26494,drops,роняет,fait tomber
26495,drops,каплями,goutte
26496,drops,снижается,chute
26497,drops,снижается,diminue
26498,drops,уронит,no_equality
26499,drops,сбрасывает,perd
26500,drops,бросил,no_equality
26501,drops,оставляет,no_equality
26502,drops,падение,no_equality
26503,drops,падений,no_equality
26504,drops,каплях,goutte
26505,precedency,приоритет,no_equality
26506,precedency,предпочтение,no_equality
26507,precedency,верховенство,no_equality
26508,precedency,преимущественную силу,no_equality
26509,precedency,примат,no_equality
26510,precedency,превосходство,no_equality
26511,precedency,предшествование,no_equality
26512,precedency,преимущественной силой,no_equality
26513,precedency,приоритетности,préséance
26514,precedency,преимущественной силы,no_equality
26515,precedency,старшинства,préséance
26516,precedency,первую очередь,no_equality
26517,precedency,очередности,no_equality
26518,precedency,очередностью,no_equality
26519,precedency,преимущественной силе,préséance
26520,synopsis,резюме,résumé
26521,synopsis,резюме,sommaire
26522,synopsis,резюме,aperçu
26523,synopsis,резюме,abrégé
26524,synopsis,краткий обзор,vue d'ensemble
26525,synopsis,синопсис,no_equality
26526,synopsis,краткое описание,no_equality
26527,synopsis,синоптические,no_equality
26528,synopsis,краткого обзора,no_equality
26529,synopsis,краткая справка,no_equality
26530,synopsis,краткое изложение,résumé
26531,integrally,полностью,intégralement
26532,integrally,полностью,entièrement
26533,integrally,интегрально,no_equality
26534,integrally,монолитно,no_equality
26535,integrally,в целом,no_equality
26536,Romanesques,романский,no_equality
26537,Romanesques,романского стиля,no_equality
26538,revocation,отмена,annulation
26539,revocation,отмена,retrait
26540,revocation,отмена,abrogation
26541,revocation,отмена,annuler
26542,revocation,отмена,suppression
26543,revocation,отзыв,révocation
26544,revocation,отзыв,annulation
26545,revocation,отзыв,retrait
26546,revocation,отзыв,rétractation
26547,revocation,ревокация,no_equality
26548,revocation,отзывающий,no_equality
26549,far,далеко,loin
26550,far,далеко,trop
26551,far,далеко,très
26552,far,далеко,largement
26553,far,далеко,dans le lointain
26554,far,гораздо,beaucoup
26555,far,гораздо,bien
26556,far,гораздо,nettement
26557,far,гораздо,encore
26558,far,гораздо,largement
26559,far,намного,loin
26560,far,намного,beaucoup
26561,far,намного,bien
26562,far,намного,très
26563,far,намного,nettement
26564,far,намного,encore
26565,far,намного,largement
26566,far,значительно,beaucoup
26567,far,значительно,bien
26568,far,значительно,très
26569,far,значительно,nettement
26570,far,значительно,largement
26571,far,долго,loin
26572,far,долго,beaucoup
26573,far,долго,trop
26574,far,глубоко,loin
26575,far,глубоко,très
26576,far,сильно,beaucoup
26577,far,сильно,trop
26578,far,сильно,très
26579,far,издалека,no_equality
26580,far,дальний,lointain
26581,far,далекий,loin
26582,far,далекий,éloigné
26583,far,далекий,lointain
26584,far,много,beaucoup
26585,far,много,bien
26586,far,много,trop
26587,far,много,très
26588,far,существенно,beaucoup
26589,far,существенно,bien
26590,far,существенно,très
26591,far,существенно,nettement
26592,far,существенно,largement
26593,far,очень,beaucoup
26594,far,очень,bien
26595,far,очень,trop
26596,far,очень,très
26597,far,близко,no_equality
26598,far,дальнего,lointain
26599,guaranteed,гарантированный,garanti
26600,guaranteed,гарантируется,garantit
26601,guaranteed,гарантируется,garantissent
26602,guaranteed,гарантирует,no_equality
26603,guaranteed,гарантировано,assuré
26604,guaranteed,гарантировано,garantit
26605,guaranteed,гарантируются,no_equality
26606,guaranteed,гарантированы,no_equality
26607,guaranteed,гарантировать,no_equality
26608,guaranteed,гарантирована,no_equality
26609,guaranteed,гарантии,no_equality
26610,guaranteed,гарантируемых,garantit
26611,guaranteed,гарантируют,no_equality
26612,guaranteed,гарантия,no_equality
26613,guaranteed,гарантироваться,garanti
26614,guaranteed,гарантируемые,no_equality
26615,guaranteed,обеспечивается,garanti
26616,guaranteed,обеспечивается,garantit
26617,guaranteed,обеспечивается,garantissent
26618,besieged,осажденных,assiégé
26619,besieged,осажденном,no_equality
26620,besieged,осажденного,assiégé
26621,besieged,осажденные,no_equality
26622,besieged,осаде,siège
26623,besieged,осажденный,no_equality
26624,besieged,осажден,assiégé
26625,besieged,условиях осады,assiégé
26626,besieged,условиях осады,siège
26627,besieged,условиях осады,assiéger
26628,besieged,осажденной,assiégé
26629,besieged,осажденному,no_equality
26630,besieged,осажденным,no_equality
26631,besieged,осаждали,assiégé
26632,besieged,блокированы,no_equality
26633,exploratory,исследовательский,exploratoire
26634,exploratory,предварительные,préliminaire
26635,exploratory,предварительных,préliminaire
26636,exploratory,пробных,no_equality
26637,exploratory,пробные,no_equality
26638,exploratory,ознакомительную,exploratoire
26639,exploratory,поисковых,prospection
26640,exploratory,поисковые,no_equality
26641,exploratory,разведочных,prospection
26642,exploratory,ознакомительных,no_equality
26643,exploratory,диагностическая,no_equality
26644,exploratory,ознакомительной,no_equality
26645,conceives,забеременеет,no_equality
26646,form,форма,forme
26647,form,форма,formulaire
26648,form,форма,format
26649,form,формуляр,no_equality
26650,form,формирование,formation
26651,form,формировать,former
26652,form,формировать,constituer
26653,form,формировать,créer
26654,form,формировать,modeler
26655,form,формировать,façonner
26656,form,образовывать,former
26657,form,образовывать,constituer
26658,form,составлять,constituer
26659,form,образовываться,se former
26660,form,в форме,no_equality
26661,enigmas,загадки,no_equality
26662,enigmas,загадок,no_equality
26663,multiculturalism,многокультурность,multiculturalisme
26664,multiculturalism,мультикультурализм,multiculturalisme
26665,multiculturalism,многокультурности,multiculturalisme
26666,multiculturalism,культурного многообразия,multiculturalisme
26667,multiculturalism,культурного многообразия,interculturalité
26668,multiculturalism,культурного многообразия,diversité culturelle
26669,multiculturalism,многообразия культур,multiculturalisme
26670,multiculturalism,многообразия культур,diversité culturelle
26671,multiculturalism,мультикультурализма,multiculturalisme
26672,multiculturalism,культурное многообразие,multiculturalisme
26673,multiculturalism,культурное многообразие,diversité culturelle
26674,multiculturalism,многообразии культур,multiculturalisme
26675,multiculturalism,многообразии культур,diversité culturelle
26676,multiculturalism,многообразие культур,multiculturalisme
26677,multiculturalism,многообразие культур,multiculturel
26678,multiculturalism,многообразие культур,diversité culturelle
26679,multiculturalism,культурного разнообразия,diversité culturelle
26680,multiculturalism,культурному многообразию,multiculturalisme
26681,multiculturalism,культурному многообразию,diversité culturelle
26682,multiculturalism,культурном многообразии,multiculturalisme
26683,multiculturalism,культурном многообразии,diversité culturelle
26684,multiculturalism,культурное разнообразие,diversité culturelle
26685,multiculturalism,культурного плюрализма,pluralité culturelle
26686,multiculturalism,многокультурностью,no_equality
26687,hatches,люки,no_equality
26688,hatches,люков,écoutille
26689,hatches,люков,trappe
26690,hatches,вылупится,éclot
26691,hatches,люках,no_equality
26692,hatches,люкам,trappe
26693,hatches,люками,no_equality
26694,hatches,вылупляется,no_equality
26695,hatches,неприятностям,no_equality
26696,believers,старообрядцы,no_equality
26697,believers,верующий народ,croyant
26698,believers,верующий народ,foi
26699,tapirs,тапиров,tapir
26700,tapirs,тапиры,no_equality
26701,assuredness,самоуверенность,assurance
26702,assuredness,наглость,no_equality
26703,exudate,выпотевать,no_equality
26704,exudate,экссудатом,no_equality
26705,interviewer,корреспондент,journaliste
26706,interviewer,счетчик,no_equality
26707,interviewer,интервьюер,intervieweur
26708,interviewer,регистратор,enquêteur
26709,interviewer,интервью,interviewer
26710,interviewer,интервью,interview
26711,interviewer,репортер,journaliste
26712,interviewer,опрашивающего,no_equality
26713,interviewer,интервьюера,no_equality
26714,interviewer,журналист,journaliste
26715,interviewer,интервьюером,no_equality
26716,interviewer,работодателя,no_equality
26717,systematiser,систематизировать,no_equality
26718,systematiser,систематизации,no_equality
26719,systematiser,классифицировать,no_equality
26720,systematiser,систематизацию,no_equality
26721,systematiser,систематизируют,no_equality
26722,systematiser,систематизация,no_equality
26723,financing,финансирование,financement
26724,financing,финансирование,financer
26725,financing,финансирование,fond
26726,financing,финансирование,financent
26727,financing,финансовые средства,financement
26728,financing,финансовые средства,financer
26729,financing,финансовые средства,fond
26730,financing,финансовые средства,crédit
26731,financing,финансовый,no_equality
26732,financing,финансовых средств,financement
26733,financing,финансовых средств,financer
26734,financing,финансовых средств,fond
26735,financing,финансовых средств,financier
26736,financing,финансовых средств,crédit
26737,financing,финансовых средств,capital
26738,financing,финансовой,no_equality
26739,financing,финансировать,no_equality
26740,financing,финансирующих,financement
26741,financing,финансирующих,financent
26742,financing,кредитов,financement
26743,financing,кредитов,crédit
26744,financing,кредитов,prêt
26745,financing,финансирующим,financement
26746,financing,финансирующим,finance
26747,financing,финансирующим,financent
26748,financing,финансироваться,no_equality
26749,financing,покрытия,financement
26750,financing,финансирующие,financement
26751,financing,финансирующие,finançant
26752,financing,финансируются,financement
26753,financing,финансируются,finance
26754,financing,финансируются,financent
26755,financing,кредитования,financement
26756,financing,кредитования,crédit
26757,financing,кредитования,prêt
26758,financing,финансам,financement
26759,financing,финансам,finance
26760,financing,финансам,financier
26761,google,гугл,google
26762,google,гуглить,googler
26763,google,гуглить,chercher sur google
26764,google,гугле,no_equality
26765,google,погуглить,googler
26766,google,погуглить,chercher sur google
26767,google,гугла,google
26768,google,google,google
26769,google,погугли,google
26770,google,гуглу,google
26771,google,погуглите,no_equality
26772,google,гуглом,google
26773,google,гуглите,no_equality
26774,google,загуглить,no_equality
26775,whisked,увезут,no_equality
26776,whisked,утащила,no_equality
26777,classifying,классификации,classification
26778,classifying,классификация,classification
26779,classifying,классификация,classement
26780,classifying,классифицировать,classer
26781,classifying,классифицировать,classifier
26782,classifying,отнесение,classification
26783,classifying,отнесение,qualification
26784,classifying,квалифицирующего,no_equality
26785,classifying,засекречивания,no_equality
26786,classifying,квалифицирующие,no_equality
26787,streetlights,уличное освещение,éclairage public
26788,streetlights,уличных фонарей,lampadaire
26789,streetlights,уличные фонари,no_equality
26790,roving,бродячий,no_equality
26791,roving,передвижной,no_equality
26792,roving,кочевой,nomade
26793,roving,ровничный,no_equality
26794,roving,разъездной,itinérant
26795,roving,блуждающий,no_equality
26796,roving,кочующий,no_equality
26797,roving,ровинг,no_equality
26798,roving,особые поручения,no_equality
26799,roving,скитание,no_equality
26800,roving,рыскание,no_equality
26801,pryingly,любопытство,curieux
26802,pryingly,любопытные,no_equality
26803,pryingly,лезу,no_equality
26804,pryingly,суёт свой нос,no_equality
26805,pryingly,копался,no_equality
26806,pryingly,назойливы,no_equality
26807,pryingly,копаться,no_equality
26808,pryingly,лезешь,no_equality
26809,pryingly,чужих,no_equality
26810,pryingly,лезть,no_equality
26811,emplace,устанавливать местоположение,no_equality
26812,attachable,прикрепляемый,no_equality
26813,narcotics,наркотиков,stupéfiant
26814,narcotics,наркотиков,drogue
26815,narcotics,наркотиков,stup
26816,narcotics,наркотиков,antidrogue
26817,narcotics,наркотиков,toxicomanie
26818,narcotics,наркотиков,toxicomane
26819,narcotics,наркотиками,stupéfiant
26820,narcotics,наркотиками,narcotique
26821,narcotics,наркотиками,drogue
26822,narcotics,наркотиками,narcotrafic
26823,narcotics,наркотиками,antidrogue
26824,narcotics,наркотиками,toxicomanie
26825,narcotics,наркотиками,toxicomane
26826,narcotics,наркотики,stupéfiant
26827,narcotics,наркотики,narcotique
26828,narcotics,наркотики,drogue
26829,narcotics,наркотики,toxicomanie
26830,narcotics,наркотических средств,stupéfiant
26831,narcotics,наркотических средств,drogue
26832,narcotics,наркотиках,stupéfiant
26833,narcotics,наркотиках,drogue
26834,narcotics,наркотиках,stup
26835,narcotics,наркотическими средствами,stupéfiant
26836,narcotics,наркотическими средствами,narcotique
26837,narcotics,наркотическими средствами,drogue
26838,narcotics,наркотическими средствами,toxicomanie
26839,narcotics,по наркотикам,narcotique
26840,narcotics,по наркотикам,stup
26841,narcotics,наркотические средства,stupéfiant
26842,narcotics,наркотические средства,drogue
26843,narcotics,наркоотдела,stupéfiant
26844,narcotics,наркоотдела,stup
26845,narcotics,наркотическим,drogue
26846,narcotics,наркотической,stupéfiant
26847,narcotics,наркотической,narcotique
26848,narcotics,наркотической,drogue
26849,narcotics,наркотической,toxicomane
26850,narcotics,наркоотделе,no_equality
26851,narcotics,наркоотдел,no_equality
26852,narcotics,наркотическим средствам,stupéfiant
26853,narcotics,наркотических веществ,stupéfiant
26854,narcotics,наркотических веществ,toxicomanie
26855,digitizing,оцифровка,no_equality
26856,digitizing,оцифровывания,numérisation
26857,digitizing,оцифровкой,no_equality
26858,digitizing,оцифровыванию,no_equality
26859,digitizing,перевода в цифровую форму,numérisation
26860,digitizing,перевода в цифровой формат,no_equality
26861,digitizing,переведение в цифровую форму,no_equality
26862,digitizing,приведения в цифровую форму,numérisation
26863,digitizing,приведения в цифровую форму,numériser
26864,digitizing,оцифровывала,no_equality
26865,personalizing,индивидуализация,personnalisation
26866,effecting,осуществление,réalisation
26867,infected,зараженный,infecté
26868,infected,зараженный,contaminé
26869,infected,зараженный,infesté
26870,infected,заразившийся,no_equality
26871,Constitutions,конституции,no_equality
26872,Constitutions,конституциях,no_equality
26873,Constitutions,конституциями,no_equality
26874,Constitutions,конституциям,no_equality
26875,Constitutions,конституцией,no_equality
26876,Constitutions,конституцию,no_equality
26877,Constitutions,уставы,statut
26878,Constitutions,конституция,no_equality
26879,Constitutions,уставных документах,statut
26880,Constitutions,положения конституций,statut
26881,Constitutions,учредительные документы,instruments constitutifs
26882,Constitutions,учредительные документы,actes constitutifs
26883,Constitutions,уставах,statut
26884,Apaches,апачей,apache
26885,Apaches,апачи,apache
26886,Apaches,апачами,no_equality
26887,Apaches,апаши,apache
26888,salutation,приветствие,salutation
26889,salutation,приветствие,salut
26890,salutation,привет,no_equality
26891,fiddles,скрипки,violon
26892,joists,прогоны,no_equality
26893,subjected,подвергнутый,no_equality
26894,subjected,подчиненный,no_equality
26895,supposes,предполагает,suppose
26896,kilobits,килобита,no_equality
26897,aide-memoires,помощник,aide
26898,aide-memoires,помощник,assistant
26899,aide-memoires,помощник,adjoint
26900,aide-memoires,помощница,assistant
26901,aide-memoires,помощница,adjoint
26902,aide-memoires,aide,no_equality
26903,aide-memoires,адъютант,no_equality
26904,aide-memoires,адъютантом,no_equality
26905,complementarity,комплементарность,complémentarité
26906,complementarity,дополнительность,no_equality
26907,complementarity,дополняемость,no_equality
26908,complementarity,взаимодополнение,no_equality
26909,complementarity,взаимодополняющий характер,complémentarité
26910,spatters,брызги,éclaboussure
26911,spatters,пятна,no_equality
26912,vivacious,жизнерадостный,no_equality
26913,vivacious,живой,no_equality
26914,vivacious,многолетний,no_equality
26915,vivacious,живучий,no_equality
26916,vivacious,оживлённый,no_equality
26917,possesses,обладает,possède
26918,possesses,обладает,dispose
26919,possesses,обладает,détient
26920,possesses,обладает,possèdent
26921,possesses,обладает,posséder
26922,possesses,обладает,jouit
26923,possesses,обладает,possédait
26924,possesses,обладает,présente
26925,possesses,обладает,possession
26926,possesses,обладает,offre
26927,possesses,располагает,possède
26928,possesses,располагает,dispose
26929,possesses,располагает,détient
26930,possesses,располагает,possédait
26931,possesses,располагает,possession
26932,possesses,имеет,possède
26933,possesses,имеет,dispose
26934,possesses,имеет,présente
26935,possesses,имеет,comporte
26936,possesses,владеет,possède
26937,possesses,владеет,détient
26938,possesses,владеет,possèdent
26939,possesses,владеет,possédait
26940,possesses,есть,no_equality
26941,possesses,распоряжении,possession
26942,possesses,обладающей,possédant
26943,possesses,обладающий,possédant
26944,possesses,обладающего,possède
26945,possesses,обладающего,possédant
26946,possesses,располагают,dispose
26947,possesses,располагают,possèdent
26948,possesses,обладают,possédant
26949,possesses,обладают,possèdent
26950,possesses,обладают,jouit
26951,possesses,владении,possession
26952,characteristics,характеристики,caractéristique
26953,characteristics,характеристики,propriété
26954,characteristics,характеристики,particularité
26955,characteristics,характеристики,trait
26956,characteristics,характеристики,élément
26957,characteristics,характеристики,nature
26958,characteristics,характеристик,caractéristique
26959,characteristics,характеристик,propriété
26960,characteristics,характеристик,particularité
26961,characteristics,характеристик,aspect
26962,characteristics,особенности,no_equality
26963,characteristics,особенностей,caractéristique
26964,characteristics,особенностей,particularité
26965,characteristics,особенностей,spécificité
26966,characteristics,особенностей,nature
26967,characteristics,особенностей,aspect
26968,characteristics,характеристиками,no_equality
26969,characteristics,характеристиках,caractéristique
26970,characteristics,характеристикам,caractéristique
26971,characteristics,особенностями,caractéristique
26972,characteristics,особенностями,particularité
26973,characteristics,особенностями,spécificité
26974,characteristics,черты,caractéristique
26975,characteristics,черты,particularité
26976,characteristics,черты,trait
26977,characteristics,свойств,caractéristique
26978,characteristics,свойств,propriété
26979,characteristics,особенностям,caractéristique
26980,characteristics,особенностям,particularité
26981,characteristics,особенностям,spécificité
26982,characteristics,свойства,no_equality
26983,characteristics,особенностях,caractéristique
26984,characteristics,особенностях,particularité
26985,characteristics,особенностях,spécificité
26986,characteristics,параметры,caractéristique
26987,characteristics,параметры,propriété
26988,characteristics,параметры,critère
26989,characteristics,параметры,aspect
26990,characteristics,признаки,caractéristique
26991,characteristics,признаки,élément
26992,benign,доброкачественный,no_equality
26993,benign,благоприятный,favorable
26994,benign,безобидный,inoffensif
26995,benign,безобидный,anodin
26996,benign,добрый,bienveillant
26997,benign,добрый,doux
26998,benign,мягкий,doux
26999,benign,безвредных,no_equality
27000,benign,доброкачественную,no_equality
27001,benign,безопасных,sans danger
27002,vitiated,искаженный,no_equality
27003,kinship,родство,parenté
27004,kinship,родство,affinité
27005,kinship,родственные связи,liens familiaux
27006,kinship,родственные связи,filiation
27007,kinship,родственных связей,liens familiaux
27008,kinship,родственников,parenté
27009,kinship,родственными,parenté
27010,kinship,родственной связи,no_equality
27011,kinship,родственным,no_equality
27012,kinship,родственниками,no_equality
27013,neuralgic,невралгический,no_equality
27014,actuators,приводы,no_equality
27015,actuators,приводов,no_equality
27016,actuators,исполнительных механизмов,no_equality
27017,actuators,приводах,no_equality
27018,actuators,тормоза,no_equality
27019,actuators,сервомоторы,no_equality
27020,disguises,маскировку,déguisement
27021,disguises,маскирует,masque
27022,disguises,маскировки,déguisement
27023,disguises,маскировки,déguisé
27024,disguises,маскировка,déguisement
27025,disguises,гриме,déguisé
27026,disguises,обличьях,no_equality
27027,disguises,масок,déguisement
27028,disguises,масок,masque
27029,disguises,маски,masque
27030,disguises,изменяющее,no_equality
27031,disguises,маскируется,no_equality
27032,disguises,замаскироваться,no_equality
27033,disguises,маскировке,déguisement
27034,disguises,маскировке,déguisé
27035,disguises,костюмах,déguisement
27036,disguises,костюмах,déguisé
27037,disguises,умеет маскироваться,se déguiser
27038,lateralize,материализоваться,no_equality
27039,lateralize,реализовать,no_equality
27040,lateralize,материализовать,no_equality
27041,lateralize,осуществляться,no_equality
27042,lateralize,оправдались,no_equality
27043,lateralize,материализации,no_equality
27044,lateralize,состоялась,no_equality
27045,lateralize,стало реальностью,no_equality
27046,affidavits,аффидевиты,déclarations sous serment
27047,affidavits,аффидевитов,no_equality
27048,affidavits,письменные показания под присягой,déclaration sous serment
27049,affidavits,аффидевитах,no_equality
27050,affidavits,письменных показаний под присягой,no_equality
27051,affidavits,свидетельские заявления,no_equality
27052,affidavits,заявлений под присягой,no_equality
27053,affidavits,заявления под присягой,no_equality
27054,affidavits,письменных показаниях,no_equality
27055,affidavits,данных под присягой,no_equality
27056,affidavits,свидетельских заявлений,no_equality
27057,affidavits,данные под присягой,déclaration sous serment
27058,affidavits,заверенные заявления,no_equality
27059,affidavits,поселковых,no_equality
27060,false,ложный,faux
27061,false,ложный,erroné
27062,false,ложный,bidon
27063,false,фальшивый,faux
27064,false,фальшивый,bidon
27065,false,обманный,no_equality
27066,false,притворный,no_equality
27067,false,мнимый,no_equality
27068,false,недостоверный,no_equality
27069,false,накладной,faux
27070,false,фальшиво,faux
27071,false,фальшиво,bidon
27072,longitudinally,продольный,no_equality
27073,longitudinally,продольно,no_equality
27074,longitudinally,продольного,no_equality
27075,longitudinally,продольном направлении,no_equality
27076,undesirability,нежелательность,no_equality
27077,WTOES,пальцы ног,orteil
27078,WTOES,пальцами ног,no_equality
27079,WTOES,пальцы на ногах,orteil
27080,WTOES,пальчики,orteil
27081,WTOES,пальчики,doigt
27082,WTOES,ноги,orteil
27083,WTOES,ноги,pied
27084,WTOES,пальцев ног,orteil
27085,WTOES,пальца,no_equality
27086,WTOES,пальцах,doigt
27087,WTOES,напряжении,no_equality
27088,WTOES,тонусе,alerte
27089,WTOES,ногти,no_equality
27090,WTOES,тос,toes
27091,WTOES,на пятки,no_equality
27092,WTOES,дорогу,no_equality
27093,WTOES,ногами,pied
27094,syntax,синтаксис,syntaxe
27095,syntax,синтакс,no_equality
27096,syntax,синтаксическая структура,no_equality
27097,syntax,синтаксический,no_equality
27098,tolls,дорожные пошлины,péage
27099,tolls,дорожные пошлины,redevance
27100,tolls,дорожные пошлины,tarif
27101,waters,вод,eau
27102,waters,водах,eau
27103,waters,водах,mer
27104,waters,воды,no_equality
27105,waters,водам,eau
27106,waters,водами,eau
27107,waters,водных ресурсов,eau
27108,waters,акватории,eau
27109,waters,акватории,mer
27110,waters,акватории,maritime
27111,waters,воду,eau
27112,waters,воду,mer
27113,waters,воду,flot
27114,waters,воде,eau
27115,waters,воде,mer
27116,waters,воде,flot
27117,waters,вода,eau
27118,waters,вода,mer
27119,waters,акваториях,eau
27120,waters,акваториях,mer
27121,waters,акваториях,zone
27122,waters,водные ресурсы,eau
27123,waters,водоемов,eau
27124,waters,уотерс,waters
27125,waters,уотерса,waters
27126,mums,мамы,maman
27127,mums,мам,maman
27128,mums,мамам,no_equality
27129,mums,мамами,no_equality
27130,mums,матери,maman
27131,mums,матерей,maman
27132,mums,мамаш,no_equality
27133,mums,мамочки,maman
27134,mums,хризантемы,chrysanthème
27135,mums,мамаши,maman
27136,mums,мумиё,no_equality
27137,ways,пути,moyen
27138,ways,пути,voie
27139,ways,путей,moyen
27140,ways,способы,moyen
27141,ways,способы,façon
27142,ways,способы,voie
27143,ways,способы,méthode
27144,ways,способы,comment
27145,ways,способы,mode
27146,ways,способы,modalité
27147,ways,способы,forme
27148,ways,способы,solution
27149,ways,способы,possibilité
27150,ways,способов,moyen
27151,ways,способов,manière
27152,ways,способов,méthode
27153,ways,способов,comment
27154,ways,способов,mode
27155,ways,способов,modalité
27156,ways,способов,solution
27157,ways,путях,manière
27158,ways,путях,voie
27159,ways,путях,solution
27160,ways,способами,moyen
27161,ways,способами,façon
27162,ways,способами,méthode
27163,ways,способами,mode
27164,ways,способами,forme
27165,ways,образом,no_equality
27166,ways,возможности,moyen
27167,ways,возможности,possibilité
27168,ways,методы,moyen
27169,ways,методы,façon
27170,ways,методы,méthode
27171,ways,методы,comment
27172,ways,методы,mode
27173,ways,методы,modalité
27174,ways,путями,moyen
27175,ways,путями,façon
27176,ways,путями,manière
27177,ways,путями,voie
27178,ways,путями,égard
27179,ways,методов,moyen
27180,ways,методов,façon
27181,ways,методов,manière
27182,ways,методов,méthode
27183,ways,методов,mode
27184,ways,методов,modalité
27185,ways,способах,moyen
27186,ways,способах,façon
27187,ways,способах,manière
27188,ways,способах,modalité
27189,ways,путям,moyen
27190,ways,средств,moyen
27191,ways,способ,moyen
27192,ways,способ,façon
27193,ways,способ,manière
27194,ways,способ,voie
27195,ways,способ,méthode
27196,ways,способ,comment
27197,ways,способ,mode
27198,ways,способ,modalité
27199,ways,способ,solution
27200,bless,благословить,bénir
27201,bless,благословить,bénédiction
27202,bless,благословлять,bénir
27203,bless,благословит,no_equality
27204,bless,храни,no_equality
27205,bless,освятить,bénir
27206,bless,благослави,no_equality
27207,bless,будьте здоровы,no_equality
27208,bless,спаси,no_equality
27209,bless,слава богу,no_equality
27210,focal,фокусный,no_equality
27211,focal,центральный,central
27212,focal,фокусное расстояние,no_equality
27213,exploitive,эксплуатацией,exploitation
27214,exploitive,эксплуататорская,no_equality
27215,exhumations,эксгумации,exhumation
27216,exhumations,эксгумацию,exhumation
27217,exhumations,эксгумация,exhumation
27218,exhumations,эксгумациям,exhumation
27219,exhumations,эксгумациях,no_equality
27220,exhumations,эксгумацией,no_equality
27221,exhumations,проведения эксгумаций,no_equality
27222,exhumations,эксгумациями,no_equality
27223,demureness,скромность,modestie
27224,liberated,освобожденных,libéré
27225,liberated,освободили,no_equality
27226,liberated,освобожден,libéré
27227,liberated,освобожден,libération
27228,liberated,освобождены,no_equality
27229,liberated,освобожденные,libéré
27230,liberated,освобожденной,libéré
27231,liberated,освобождения,no_equality
27232,liberated,освобождена,libéré
27233,liberated,освобождена,libre
27234,liberated,освободил,libéra
27235,liberated,освободил,libérant
27236,liberated,освободила,no_equality
27237,liberated,свободной,libéré
27238,liberated,свободной,libérer
27239,liberated,свободной,libre
27240,liberated,свободной,liberté
27241,liberated,освобожденными,libéré
27242,liberated,освобожденного,no_equality
27243,liberated,освобожденном,no_equality
27244,liberated,освобожденную,no_equality
27245,Odessas,одесса,odessa
27246,Odessas,одесский,no_equality
27247,Odessas,одессе,odessa
27248,Odessas,одессы,odessa
27249,Odessas,одессу,odessa
27250,Odessas,одесской,no_equality
27251,Odessas,одесского,no_equality
27252,Odessas,одессой,no_equality
27253,Odessas,одесская,no_equality
27254,Odessas,одесском,no_equality
27255,Odessas,odessa,no_equality
27256,moustaches,усов,no_equality
27257,moustaches,усы,moustache
27258,moustaches,усы,moustachu
27259,moustaches,усами,moustache
27260,moustaches,усам,moustache
27261,Mainers,шахтеров,no_equality
27262,Mainers,шахтеры,no_equality
27263,Mainers,горняков,no_equality
27264,Mainers,старатели,no_equality
27265,Mainers,добытчиков,no_equality
27266,Mainers,шахтерам,no_equality
27267,Mainers,шахтерами,no_equality
27268,Mainers,горняки,no_equality
27269,Mainers,золотодобытчики,no_equality
27270,Mainers,добытчики,no_equality
27271,Mainers,старателям,no_equality
27272,Mainers,горнорабочих,no_equality
27273,Mainers,горнякам,no_equality
27274,Mainers,добытчиками,no_equality
27275,Mainers,добытчикам,no_equality
27276,annuities,ренту,no_equality
27277,annuities,ежегодных выплат,no_equality
27278,annuities,аннуитеты,no_equality
27279,annuities,отчисления,no_equality
27280,annuities,рентных выплат,no_equality
27281,defoliants,дефолиантов,défoliant
27282,defoliants,дефолианты,no_equality
27283,terrains,местности,terrain
27284,terrains,труднодоступных районах,no_equality
27285,slip-ups,ошибок,no_equality
27286,journeyers,поездок,no_equality
27287,journeyers,поездки,no_equality
27288,journeyers,путешествия,no_equality
27289,journeyers,рейсов,no_equality
27290,journeyers,путешествий,no_equality
27291,journeyers,путешествие,no_equality
27292,journeyers,перевозок,no_equality
27293,journeyers,поездках,no_equality
27294,journeyers,рейсы,no_equality
27295,journeyers,рейсам,no_equality
27296,journeyers,перевозки,no_equality
27297,hydrolyzable,гидролизируемых,no_equality
27298,lacerating,раздирание,no_equality
27299,keennesses,стремление,no_equality
27300,keennesses,желании,no_equality
27301,keennesses,стремясь,no_equality
27302,keennesses,увлеченность,no_equality
27303,skinheads,"""бритоголовых""",no_equality
27304,skinheads,скинхедов,skinhead
27305,skinheads,"""бритоголовыми""",no_equality
27306,skinheads,"""бритоголовые""",no_equality
27307,skinheads,скинхедами,skinhead
27308,skinheads,"""бритоголовым""",no_equality
27309,skinheads,«бритоголовых»,no_equality
27310,insolated,изолированный,isolé
27311,insolated,изотермический,no_equality
27312,insolated,изолированы,isolé
27313,insolated,изоляцией,no_equality
27314,insolated,изолирована,no_equality
27315,insolated,изоляцию,no_equality
27316,insolated,изотермической,no_equality
27317,insolated,вакуумной,isolé
27318,insolated,изолироваться,no_equality
27319,reciprocity,взаимность,réciprocité
27320,reciprocity,взаимодействие,no_equality
27321,reciprocity,реципрокальность,no_equality
27322,trouncing,строгое наказание,no_equality
27323,tat,тату,tatouage
27324,tat,тату,tatoo
27325,tat,тат,tat
27326,tat,тат,t.a.t
27327,tat,татуировка,tatouage
27328,tat,татуировка,tatoo
27329,tat,зуб,no_equality
27330,tat,барахло,no_equality
27331,tat,татушку,tatouage
27332,tat,тату-рукавов,tatouage
27333,tat,тату-рукавов,tatoo
27334,tat,местью,no_equality
27335,tat,тэт,no_equality
27336,brothels,публичных домов,bordel
27337,brothels,публичных домов,maisons closes
27338,brothels,публичных домов,maisons de prostitution
27339,brothels,публичных домах,bordel
27340,brothels,публичных домах,maisons closes
27341,brothels,публичных домах,maisons de prostitution
27342,brothels,публичные дома,maisons closes
27343,brothels,бордели,bordel
27344,brothels,борделей,bordel
27345,brothels,борделей,maisons closes
27346,brothels,борделях,maisons closes
27347,brothels,публичными домами,no_equality
27348,brothels,публичным домам,no_equality
27349,brothels,борделями,no_equality
27350,brothels,притоны,no_equality
27351,brothels,борделям,no_equality
27352,convoyed,передал,no_equality
27353,convoyed,выразил,no_equality
27354,convoyed,сообщил,no_equality
27355,convoyed,переданы,no_equality
27356,convoyed,выразили,no_equality
27357,convoyed,выразила,no_equality
27358,convoyed,изложил,no_equality
27359,convoyed,направил,no_equality
27360,convoyed,передает,no_equality
27361,convoyed,препроводил,no_equality
27362,convoyed,передала,no_equality
27363,convoyed,препровождены,no_equality
27364,convoyed,заявил,no_equality
27365,convoyed,сообщили,no_equality
27366,convoyed,передали,no_equality
27367,Togoes,того,no_equality
27368,tchotchkes,безделушки,bibelot
27369,tchotchkes,безделушки,babiole
27370,tchotchkes,цацки,no_equality
27371,tripling,утроение,triplement
27372,electricians,электрики,électricien
27373,electricians,электриков,électricien
27374,electricians,электрика,électricien
27375,electricians,электриками,no_equality
27376,electricians,электрикам,no_equality
27377,electricians,электрослесарь,no_equality
27378,consult,консультироваться,consulter
27379,consult,консультироваться,se concerter
27380,consult,консультироваться,consultation
27381,consult,проконсультироваться,consulter
27382,consult,ознакомиться с,consulter
27383,consult,ознакомиться с,prendre connaissance
27384,consult,консультировать,consulter
27385,consult,консультировать,avis
27386,consult,консультировать,conseil
27387,consult,обращаться,consulter
27388,consult,обращаться,demander
27389,consult,обратиться,demander
27390,consult,посоветоваться,consulter
27391,consult,проконсультировать,no_equality
27392,consult,знакомиться с,consulter
27393,consult,знакомиться с,prendre connaissance
27394,consult,консультации,no_equality
27395,consult,консультацию,no_equality
27396,consult,консультирования,no_equality
27397,consult,обсудить,no_equality
27398,consult,проконсультироваться у,consulter
27399,consult,ознакомиться со,no_equality
27400,consult,советоваться,consulter
27401,consult,посоветовать,conseil
27402,waltzed,вальсировал,no_equality
27403,restorers,реставраторы,no_equality
27404,restorers,реставраторов,no_equality
27405,conforming,соответствующий,conforme
27406,conforming,соответствующий,correspondant
27407,conforming,согласующийся,no_equality
27408,conforming,соответствие,conforme
27409,conforming,соответствие,conformité
27410,conforming,согласование,no_equality
27411,conforming,приспосабливание,no_equality
27412,texts,тексты,texte
27413,texts,текстов,texte
27414,texts,документов,texte
27415,texts,документов,document
27416,texts,документов,instrument
27417,texts,текстах,texte
27418,texts,сообщения,sms
27419,texts,документы,document
27420,texts,текстами,texte
27421,texts,текстам,no_equality
27422,texts,смс,no_equality
27423,texts,текста,texte
27424,texts,текста,document
27425,texts,документах,texte
27426,texts,документах,document
27427,texts,документах,instrument
27428,texts,сообщений,sms
27429,texts,сообщений,message
27430,texts,текст,texte
27431,texts,текст,document
27432,texts,текст,article
27433,texts,документами,no_equality
27434,texts,документам,texte
27435,texts,документам,document
27436,texts,документам,instrument
27437,regains,восстанавливает,no_equality
27438,regains,восстановит,no_equality
27439,regains,вернёт,no_equality
27440,regains,обретает,no_equality
27441,regains,восстановится,récupère
27442,technicians,техников,technicien
27443,technicians,технических специалистов,technicien
27444,technicians,техники,technicien
27445,technicians,техники,technique
27446,technicians,технического персонала,technicien
27447,technicians,технических работников,technicien
27448,technicians,технический персонал,technicien
27449,technicians,технические специалисты,technicien
27450,technicians,техниками,technicien
27451,technicians,техническими специалистами,no_equality
27452,technicians,техника,technique
27453,technicians,технических сотрудников,technicien
27454,technicians,техникам,no_equality
27455,technicians,технические работники,technicien
27456,technicians,технические работники,technique
27457,technicians,технических кадров,technicien
27458,technicians,техническим специалистам,no_equality
27459,reticently,недавно,no_equality
27460,reticently,последнее время,no_equality
27461,reticently,в последнее время,no_equality
27462,reticently,так давно,no_equality
27463,reticently,недавнего времени,no_equality
27464,reticently,недавних пор,no_equality
27465,reticently,недавнее время,no_equality
27466,reticently,недавние,no_equality
27467,reticently,днях,no_equality
27468,reticently,недавним,no_equality
27469,reticently,недавней,no_equality
27470,reticently,не далее,no_equality
27471,reticently,последнего времени,no_equality
27472,reticently,давеча,no_equality
27473,reticently,намедни,no_equality
27474,congeriess,конгресс,congrès
27475,congeriess,конгресс,congress
27476,congeriess,съезд,congrès
27477,congeriess,congress,no_equality
27478,congeriess,конференции,congrès
27479,congeriess,съезд партии,no_equality
27480,congeriess,созыва,no_equality
27481,congeriess,онгресс,congrès
27482,congeriess,онгресса,no_equality
27483,spewer,канализация,no_equality
27484,spewer,канализационный,no_equality
27485,spewer,коллектор,no_equality
27486,spewer,сточная труба,no_equality
27487,spewer,сток,no_equality
27488,spewer,сточную трубу,no_equality
27489,spewer,сточной канаве,no_equality
27490,spewer,клоаке,no_equality
27491,conferences,конференций,conférence
27492,conferences,конференций,congrès
27493,conferences,конференций,réunion
27494,conferences,конференциях,conférence
27495,conferences,конференциях,réunion
27496,conferences,конференциям,no_equality
27497,conferences,конференциями,conférence
27498,conferences,совещаний,conférence
27499,conferences,совещаний,réunion
27500,conferences,совещаний,rencontre
27501,conferences,совещаний,séminaire
27502,conferences,совещаний,manifestation
27503,conferences,лекций,conférence
27504,conferences,пресс-конференций,no_equality
27505,conferences,совещания,conférence
27506,conferences,совещания,réunion
27507,conferences,совещания,rencontre
27508,conferences,совещания,manifestation
27509,conferences,конференция,conférence
27510,conferences,конференция,congrès
27511,conferences,конференция,réunion
27512,conferences,конференция,convention
27513,conferences,совещаниях,conférence
27514,conferences,совещаниях,réunion
27515,conferences,совещаниях,rencontre
27516,conferences,встреч,no_equality
27517,conferences,форумов,réunion
27518,conferences,форумов,rencontre
27519,conferences,форумов,manifestation
27520,conferences,конгрессах,congrès
27521,conferences,форумах,conférence
27522,conferences,форумах,réunion
27523,conferences,форумах,rencontre
27524,conferences,форумах,manifestation
27525,conferences,конфе-ренций,conférence
27526,conferences,конфе-ренций,congrès
27527,conferences,конфе-ренций,réunion
27528,gyroscopic,гироскопическим,no_equality
27529,gyroscopic,гироскопических,no_equality
27530,fulfilled,выполненный,no_equality
27531,fulfilled,отработанный,no_equality
27532,fulfilled,отрабатываемый,no_equality
27533,image,изображение,no_equality
27534,image,образ,image
27535,image,образ,look
27536,image,представление,idée
27537,image,представление,vue
27538,image,представление,représentation
27539,image,репутация,image
27540,image,подобие,image
27541,image,престиж,image
27542,image,фото,image
27543,image,фото,photo
27544,image,фото,portrait
27545,image,отображение,image
27546,image,отображение,représentation
27547,image,иллюстрация,image
27548,image,иллюстрация,illustration
27549,image,изваяние,no_equality
27550,image,графический,no_equality
27551,image,имиджевый,no_equality
27552,image,образный,no_equality
27553,laptops,портативных компьютеров,ordinateurs portables
27554,laptops,портативных компьютеров,ordinateurs portatifs
27555,laptops,ноутбуки,ordinateurs portables
27556,laptops,ноутбуков,ordinateurs portables
27557,laptops,портативные компьютеры,ordinateur portable
27558,laptops,ноутбуках,ordinateurs portables
27559,laptops,переносных компьютеров,ordinateurs portables
27560,laptops,переносных компьютеров,ordinateurs portatifs
27561,laptops,ноутбуками,ordinateurs portables
27562,laptops,ноутбука,ordinateurs portables
27563,laptops,ноутбука,ordinateur portable
27564,laptops,ноутбука,pc
27565,laptops,лэптопы,no_equality
27566,laptops,портативными компьютерами,no_equality
27567,laptops,портативных компьютера,pc
27568,laptops,ноуты,no_equality
27569,laptops,ноутбук,ordinateurs portables
27570,laptops,ноутбук,laptop
27571,laptops,ноутбук,pc
27572,implies,предполагает,implique
27573,implies,предполагает,suppose
27574,implies,предполагает,signifie
27575,implies,предполагает,comporte
27576,implies,предполагает,nécessite
27577,implies,предполагает,exige
27578,implies,предполагает,suggère
27579,implies,предполагает,présuppose
27580,implies,подразумевает,implique
27581,implies,подразумевает,suppose
27582,implies,подразумевает,signifie
27583,implies,подразумевает,sous-entend
27584,implies,подразумевает,entraîne
27585,implies,подразумевает,impliquent
27586,implies,подразумевает,exige
27587,implies,подразумевает,suggère
27588,implies,подразумевает,veut dire
27589,implies,означает,implique
27590,implies,означает,suppose
27591,implies,означает,signifie
27592,implies,означает,indique
27593,implies,предусматривает,implique
27594,implies,предусматривает,comporte
27595,implies,подразумевается,implique
27596,implies,подразумевается,signifie
27597,implies,подразумевается,sous-entend
27598,implies,подразумевается,laisse entendre
27599,implies,предполагают,implique
27600,implies,предполагают,suppose
27601,implies,предполагают,impliquent
27602,implies,предполагают,suggère
27603,implies,требует,implique
27604,implies,требует,suppose
27605,implies,требует,nécessite
27606,implies,требует,exige
27607,implies,вытекает,implique
27608,implies,подразумевают,implique
27609,implies,подразумевают,impliquent
27610,implies,влечет,implique
27611,implies,влечет,suppose
27612,implies,влечет,entraîne
27613,implies,влечет,comporte
27614,implies,указывает,indique
27615,implies,указывает,suggère
27616,implies,следует,no_equality
27617,implies,означают,implique
27618,implies,означают,signifie
27619,implies,означают,impliquent
27620,implies,означают,veut dire
27621,implies,намекает,suggère
27622,implies,позволяет предположить,laisse entendre
27623,implies,позволяет предположить,suggère
27624,gutsinesses,предприятий,entreprise
27625,gutsinesses,предприятий,société
27626,gutsinesses,предприятий,entrepreneur
27627,gutsinesses,предприятий,pme
27628,gutsinesses,предприятия,no_equality
27629,gutsinesses,бизнеса,entreprise
27630,gutsinesses,бизнеса,commerce
27631,gutsinesses,бизнеса,affaire
27632,gutsinesses,бизнеса,société
27633,gutsinesses,бизнеса,business
27634,gutsinesses,предприятиям,entreprise
27635,gutsinesses,предприятиям,société
27636,gutsinesses,предприятиям,pme
27637,gutsinesses,предприятиями,entreprise
27638,gutsinesses,предприятиями,société
27639,gutsinesses,компаний,entreprise
27640,gutsinesses,компаний,société
27641,gutsinesses,бизнес,entreprise
27642,gutsinesses,бизнес,commerce
27643,gutsinesses,бизнес,affaire
27644,gutsinesses,бизнес,activité
27645,gutsinesses,бизнес,société
27646,gutsinesses,бизнес,métier
27647,gutsinesses,бизнес,business
27648,gutsinesses,предприятиях,entreprise
27649,gutsinesses,предприятиях,exploitation
27650,gutsinesses,деловых кругов,entreprise
27651,gutsinesses,деловых кругов,entrepreneur
27652,gutsinesses,деловых кругов,business
27653,gutsinesses,предпринимателей,entreprise
27654,gutsinesses,предпринимателей,entrepreneur
27655,gutsinesses,предпринимателей,business
27656,gutsinesses,предпринимателей,commerçant
27657,gutsinesses,деловые круги,no_equality
27658,gutsinesses,предпринимательской деятельности,commerce
27659,gutsinesses,предпринимательской деятельности,affaire
27660,gutsinesses,предпринимательской деятельности,business
27661,gutsinesses,предпринимательства,entreprise
27662,gutsinesses,предпринимательства,commerce
27663,gutsinesses,предпринимательства,affaire
27664,gutsinesses,предпринимательства,entrepreneur
27665,gutsinesses,дело,affaire
27666,gutsinesses,бизнесом,entreprise
27667,gutsinesses,бизнесом,commerce
27668,gutsinesses,бизнесом,affaire
27669,gutsinesses,бизнесом,business
27670,stretchy,эластичные,élastique
27671,stretchy,эластичное,no_equality
27672,stretchy,растягивается,élastique
27673,stretchy,эластичных,no_equality
27674,stretchy,эластичной,élastique
27675,stretchy,тянутся,no_equality
27676,singularity,сингулярность,singularité
27677,singularity,неповторимость,no_equality
27678,singularity,необычность,no_equality
27679,singularity,особенность,particularité
27680,singularity,особенность,spécificité
27681,singularity,единственности,unicité
27682,singularity,единственности,spécificité
27683,singularity,исключительный характер,no_equality
27684,singularity,исключительностью,no_equality
27685,singularity,уникального характера,spécificité
27686,singularity,единичное,no_equality
27687,enacted,принятый,promulgué
27688,enacted,принят,no_equality
27689,enacted,приняты,adopté
27690,enacted,приняты,promulgué
27691,enacted,принято,adopté
27692,enacted,принято,promulgué
27693,enacted,приняли,promulgué
27694,enacted,принял,no_equality
27695,enacted,приняла,adopté
27696,enacted,приняла,promulgué
27697,enacted,принятие,no_equality
27698,enacted,принять,no_equality
27699,enacted,введен,adopté
27700,enacted,введены,adopté
27701,enacted,введены,mis en place
27702,enacted,ввел,no_equality
27703,enacted,принимаемые,adopté
27704,enacted,утвержден,no_equality
27705,enacted,введена,adopté
27706,desks,бюро,bureau
27707,desks,бюро,comptoir
27708,desks,столы,bureau
27709,desks,столы,table
27710,desks,парт,pupitre
27711,desks,столах,no_equality
27712,desks,столов,bureau
27713,desks,столов,table
27714,desks,парты,pupitre
27715,desks,отделов,no_equality
27716,desks,отделы,bureau
27717,desks,столами,table
27718,desks,секции,no_equality
27719,desks,стол,table
27720,desks,столам,no_equality
27721,desks,партами,pupitre
27722,desks,центров,bureau
27723,desks,подразделениями,bureau
27724,evidently,очевидно,évidemment
27725,evidently,очевидно,manifestement
27726,evidently,очевидно,apparemment
27727,evidently,очевидно,visiblement
27728,evidently,очевидно,bien entendu
27729,evidently,очевидно,clairement
27730,evidently,очевидно,naturellement
27731,evidently,явно,évidemment
27732,evidently,явно,manifestement
27733,evidently,явно,apparemment
27734,evidently,явно,visiblement
27735,evidently,явно,clairement
27736,evidently,видимо,manifestement
27737,evidently,видимо,apparemment
27738,evidently,видимо,visiblement
27739,evidently,видимо,clairement
27740,evidently,несомненно,évidemment
27741,evidently,несомненно,manifestement
27742,evidently,несомненно,clairement
27743,evidently,безусловно,manifestement
27744,evidently,безусловно,bien entendu
27745,evidently,безусловно,clairement
27746,evidently,безусловно,naturellement
27747,evidently,по-видимому,apparemment
27748,evidently,по-видимому,visiblement
27749,evidently,по-видимому,vraisemblablement
27750,evidently,по-видимому,semble-t-il
27751,evidently,разумеется,manifestement
27752,evidently,разумеется,bien entendu
27753,evidently,разумеется,naturellement
27754,evidently,по всей видимости,apparemment
27755,evidently,по всей видимости,de toute évidence
27756,evidently,по всей видимости,à l'évidence
27757,evidently,по всей видимости,vraisemblablement
27758,evidently,по всей видимости,semble-t-il
27759,evidently,самым очевидным образом,clairement
27760,evidently,судя по всему,apparemment
27761,evidently,судя по всему,visiblement
27762,evidently,судя по всему,semble-t-il
27763,evidently,наглядно,clairement
27764,evidently,представляется очевидным,manifestement
27765,evidently,представляется очевидным,bien entendu
27766,evidently,всей очевидностью,no_equality
27767,flyers,листовки,prospectus
27768,flyers,листовки,tract
27769,flyers,листовки,affiche
27770,flyers,листовки,pamphlet
27771,flyers,листовок,dépliant
27772,flyers,листовок,prospectus
27773,flyers,листовок,tract
27774,flyers,листовок,brochure
27775,flyers,листовок,affiche
27776,flyers,листовок,pamphlet
27777,flyers,флаеры,flyers
27778,flyers,флаеры,dépliant
27779,flyers,флаеры,prospectus
27780,flyers,флаеры,tract
27781,flyers,флаеры,affiche
27782,flyers,флаеров,flyers
27783,flyers,флаеров,prospectus
27784,flyers,флаеров,affiche
27785,flyers,флайеры,flyers
27786,flyers,флайеры,prospectus
27787,flyers,листовках,no_equality
27788,flyers,рекламных листков,affiche
27789,flyers,информационные листки,no_equality
27790,flyers,рекламные проспекты,dépliant
27791,flyers,рекламные проспекты,prospectus
27792,flyers,рекламные проспекты,brochure
27793,flyers,информационных листков,no_equality
27794,flyers,флайерс,flyers
27795,flyers,объявления,affiche
27796,pints,пинт,pinte
27797,pints,пинт,bière
27798,pints,пинт,demi-litre
27799,pints,пинты,pinte
27800,pints,пинты,bière
27801,pints,кружек пива,pinte
27802,pints,кружек пива,bière
27803,pints,пинтой,pinte
27804,pints,литрами,no_equality
27805,pints,литров,no_equality
27806,decorating,отделочный,no_equality
27807,decorating,украшение,décoration
27808,decorating,украшение,déco
27809,decorating,украшение,décor
27810,decorating,украшение,décorer
27811,decorating,награждение,no_equality
27812,decorating,украшающий,no_equality
27813,clams,моллюсков,palourde
27814,clams,моллюсков,bivalve
27815,clams,моллюсков,mollusque
27816,clams,моллюски,palourde
27817,clams,моллюски,coque
27818,clams,моллюски,bivalve
27819,clams,моллюски,mollusque
27820,clams,мидии,no_equality
27821,clams,устрицы,no_equality
27822,clams,моллюсками,palourde
27823,clams,зелёных,no_equality
27824,clams,баксов,no_equality
27825,clams,ракушки,coquillage
27826,clams,устриц,no_equality
27827,clams,улитки,no_equality
27828,clams,рапаны,no_equality
27829,clams,моллюсках,no_equality
27830,trivializing,упрощение,no_equality
27831,enzymes,ферменты,enzyme
27832,enzymes,ферментов,enzyme
27833,enzymes,энзимы,enzyme
27834,enzymes,энзимов,no_equality
27835,enzymes,ферментами,enzyme
27836,enzymes,энзимами,no_equality
27837,phone,телефон,téléphone
27838,phone,телефон,portable
27839,phone,телефон,phone
27840,phone,телефон,numéro
27841,phone,телефон,ligne
27842,phone,телефон,cellulaire
27843,phone,звонок,téléphone
27844,phone,звонок,appel
27845,phone,звонок,appelé
27846,phone,мобильник,téléphone
27847,phone,мобильник,portable
27848,phone,мобильник,cellulaire
27849,phone,номер,téléphone
27850,phone,номер,portable
27851,phone,номер,numéro
27852,phone,мобильный,téléphone
27853,phone,мобильный,portable
27854,phone,мобильный,numéro
27855,phone,разговор,téléphone
27856,phone,разговор,appel
27857,phone,номера,téléphone
27858,phone,номера,numéro
27859,phone,телефонный,téléphonique
27860,phone,позвонить,appeler
27861,phone,позвонить,téléphoner
27862,phone,звонить,appeler
27863,phone,звонить,téléphoner
27864,phone,трубку,no_equality
27865,phone,мобильного,de téléphone
27866,phone,говорил,no_equality
27867,phone,линии,ligne
27868,phone,разговаривал,no_equality
27869,phone,телефончик,numéro
27870,phone,позвонить по телефону,téléphoner
27871,phone,звонить по телефону,téléphoner
27872,phone,сообщать по телефону,appel
27873,kickbacks,откаты,no_equality
27874,kickbacks,взятки,pots de vin
27875,kickbacks,откатов,pot-de-vin
27876,kickbacks,откатах,no_equality
27877,kickbacks,взяток,pot-de-vin
27878,kickbacks,взяток,pots de vin
27879,kickbacks,подкупа,no_equality
27880,kickbacks,"""откат""",no_equality
27881,kickbacks,взятках,no_equality
27882,appetites,аппетиты,appétit
27883,appetites,аппетит,appétit
27884,appetites,аппетитом,appétit
27885,appetites,аппетитов,appétit
27886,appetites,желаний,no_equality
27887,appetites,аппетита,appétit
27888,appetites,желаниям,no_equality
27889,appetites,аппетитами,no_equality
27890,lowing,мычание,no_equality
27891,meditatively,медитативный,no_equality
27892,meditatively,медитативное,no_equality
27893,meditatively,медитативного,no_equality
27894,meditatively,медитативным,no_equality
27895,meditatively,состояние медитации,no_equality
27896,mystically,мистически,no_equality
27897,tangential,отклоняющийся,no_equality
27898,tangential,имеющий слабое отношение,no_equality
27899,tangential,поверхностный,no_equality
27900,tangential,касательный,no_equality
27901,tangential,касающийся,no_equality
27902,tangential,касательная,no_equality
27903,tangential,по касательной,tangentiel
27904,tangential,по касательной,tangent
27905,tangential,по касательной,tangente
27906,tangential,косвенными,no_equality
27907,tangential,косвенное,no_equality
27908,tangential,второстепенным,accessoire
27909,tangential,косвенных,no_equality
27910,tangential,второстепенных,no_equality
27911,tangential,тангенциальное,no_equality
27912,tangential,тангенциальных,no_equality
27913,tangential,тангенциальные,no_equality
27914,vertical_integrations,вертикальной интеграции,intégration verticale
27915,vertical_integrations,вертикальная интеграция,no_equality
27916,vertical_integrations,вертикальную интеграцию,no_equality
27917,vertical_integrations,вертикальной интеграцией,no_equality
27918,accentuation,частотная коррекция,no_equality
27919,accentuation,усилению,no_equality
27920,snowdrifts,снежными заносами,no_equality
27921,developed,развитый,développé
27922,developed,развитой,développé
27923,developed,разработанный,no_equality
27924,developed,выработанный,no_equality
27925,developed,начатый,no_equality
27926,developed,разворачивающийся,no_equality
27927,developed,отработанный,no_equality
27928,developed,развившийся,no_equality
27929,developed,выросший,no_equality
27930,developed,развиваемый,no_equality
27931,developed,развернутый,no_equality
27932,developed,изобретенный,no_equality
27933,developed,выведенный,no_equality
27934,developed,развивший,no_equality
27935,virtues,достоинства,vertu
27936,virtues,достоинства,qualité
27937,virtues,достоинства,avantage
27938,virtues,достоинства,valeur
27939,virtues,добродетели,vertu
27940,virtues,преимущества,avantage
27941,virtues,преимущества,bienfait
27942,virtues,добродетелей,vertu
27943,virtues,достоинств,vertu
27944,virtues,достоинств,qualité
27945,virtues,достоинств,mérite
27946,virtues,достоинств,avantage
27947,virtues,ценности,vertu
27948,virtues,ценности,valeur
27949,virtues,достоинствах,vertu
27950,virtues,добродетель,vertu
27951,virtues,ценностей,valeur
27952,virtues,достоинствами,vertu
27953,virtues,достоинствами,qualité
27954,virtues,добродетелях,no_equality
27955,virtues,преимуществах,bienfait
27956,virtues,добродетелями,no_equality
27957,virtues,добродетелям,vertu
27958,virtues,преимуществ,mérite
27959,virtues,преимуществ,avantage
27960,virtues,преимуществ,bienfait
27961,annotating,аннотаций,no_equality
27962,refurbishment,восстановление,remise en état
27963,refurbishment,восстановление,réhabilitation
27964,refurbishment,восстановление,restauration
27965,refurbishment,ремонт,rénovation
27966,refurbishment,ремонт,remise en état
27967,refurbishment,ремонт,réfection
27968,refurbishment,реконструкция,rénovation
27969,refurbishment,реконструкция,remise en état
27970,refurbishment,реконструкция,réfection
27971,refurbishment,реконструкция,réaménagement
27972,refurbishment,реконструкция,restauration
27973,refurbishment,реконструкция,restructuration
27974,refurbishment,переоборудование,rénovation
27975,refurbishment,переоборудование,remise en état
27976,refurbishment,переоборудование,réfection
27977,refurbishment,переоборудование,réaménagement
27978,refurbishment,переоборудование,rénover
27979,refurbishment,обновление,rénovation
27980,refurbishment,обновление,modernisation
27981,refurbishment,обновление,rénover
27982,refurbishment,модернизации,rénovation
27983,refurbishment,модернизации,modernisation
27984,refurbishment,переоснащение,no_equality
27985,refurbishment,ремонтные,no_equality
27986,refurbishment,ремонтных работ,réfection
27987,refurbishment,капитальному ремонту,rénovation
27988,refurbishment,капитальному ремонту,remise en état
27989,enrich,обогатить,enrichir
27990,enrich,обогащать,enrichir
27991,enrich,обогащения,no_equality
27992,enrich,обогащению,no_equality
27993,enrich,обогащение,no_equality
27994,enrich,обогащении,no_equality
27995,enrich,дополнить,no_equality
27996,blow_up,взорвать,exploser
27997,blow_up,взорвать,faire sauter
27998,blow_up,взорвать,faire exploser
27999,blow_up,взорвать,détruire
28000,blow_up,взорвать,faire péter
28001,blow_up,взорваться,exploser
28002,blow_up,взорваться,sauter
28003,blow_up,взорваться,éclater
28004,blow_up,взрывать,exploser
28005,blow_up,взрывать,faire sauter
28006,blow_up,взрывать,faire exploser
28007,blow_up,взрываться,exploser
28008,blow_up,взрываться,éclater
28009,blow_up,подорвать,faire sauter
28010,blow_up,подорвать,faire exploser
28011,blow_up,подорвать,détruire
28012,blow_up,надувать,gonfler
28013,format,формат,format
28014,format,формат,forme
28015,format,формат,présentation
28016,format,формат,formule
28017,format,формат,structure
28018,format,формат,formatage
28019,format,формат,modalité
28020,format,вид,forme
28021,format,формат книги,format
28022,format,отформатировать,formater
28023,format,сформатировать,no_equality
28024,format,форматный,no_equality
28025,tradesmans,торговец,commerçant
28026,tradesmans,торговец,marchand
28027,tradesmans,мещанин,no_equality
28028,tradesmans,мастер,no_equality
28029,tradesmans,коммерсанта,commerçant
28030,submergings,погружение,immersion
28031,submergings,погружение,plonger
28032,exemption,исключение,exemption
28033,exemption,исключение,dérogation
28034,exemption,исключение,exception
28035,exemption,исключение,exclusion
28036,exemption,освобождение,exemption
28037,exemption,освобождение,exonération
28038,exemption,освобождение,dispense
28039,exemption,изъятие,exemption
28040,exemption,изъятие,dérogation
28041,exemption,изъятие,exception
28042,exemption,изъятие,exclusion
28043,exemption,об освобождении,exemption
28044,exemption,об освобождении,exonération
28045,exemption,об изъятии,exemption
28046,exemption,об изъятии,dérogation
28047,exemption,отступление,no_equality
28048,exemption,льготы,exemption
28049,exemption,льготы,exonération
28050,exemption,об исключении,dérogation
28051,exemption,об исключении,exclusion
28052,exemption,применения,no_equality
28053,exemption,освобождении от ответственности,no_equality
28054,exemption,от уплаты,exempté
28055,exemption,разрешения,no_equality
28056,exemption,освобождаются,exonération
28057,exemption,об исключениях,exemption
28058,exemption,об изъятиях,exemption
28059,exemption,об изъятиях,dérogation
28060,tabulate,табулировать,no_equality
28061,tabulate,табулирование,no_equality
28062,demurred,возразил,no_equality
28063,fewness,немногочисленность,petit nombre
28064,Sidneys,почки,no_equality
28065,Sidneys,почек,no_equality
28066,Sidneys,почках,no_equality
28067,Sidneys,почкам,no_equality
28068,Sidneys,почками,no_equality
28069,Sidneys,почку,no_equality
28070,philosopher,философ,philosophe
28071,organisations,организаций,organisation
28072,organisations,организаций,organisme
28073,organisations,организаций,association
28074,organisations,организаций,instance
28075,organisations,организаций,institution
28076,organisations,организаций,entité
28077,organisations,организаций,acteur
28078,organisations,организаций,établissement
28079,organisations,организациями,organisation
28080,organisations,организациями,organisme
28081,organisations,организациями,association
28082,organisations,организациями,instance
28083,organisations,организациями,institution
28084,organisations,организациями,entité
28085,organisations,организациями,acteur
28086,organisations,организациям,organisation
28087,organisations,организациям,organisme
28088,organisations,организациям,entité
28089,organisations,организациям,acteur
28090,organisations,организациях,organisation
28091,organisations,организациях,organisme
28092,organisations,организациях,association
28093,organisations,организациях,instance
28094,organisations,организациях,institution
28095,organisations,организациях,structure
28096,organisations,организациях,entité
28097,organisations,организациях,établissement
28098,organisations,организаций-членов,no_equality
28099,organisations,организациями-партнерами,no_equality
28100,organisations,организаций-партнеров,no_equality
28101,organisations,организации-члены,no_equality
28102,rootages,запись,no_equality
28103,rootages,кадры,no_equality
28104,rootages,видео,no_equality
28105,rootages,видеозапись,no_equality
28106,rootages,съемка,no_equality
28107,rootages,пленка,no_equality
28108,rootages,видеоматериал,no_equality
28109,rootages,материалы,no_equality
28110,rootages,с камер,no_equality
28111,rootages,видеонаблюдения,no_equality
28112,rootages,отснятый материал,no_equality
28113,rootages,репортаж,no_equality
28114,rootages,метраж,no_equality
28115,rootages,снимки,no_equality
28116,inconsistent,непоследовательный,no_equality
28117,inconsistent,противоречивый,contradictoire
28118,inconsistent,противоречивый,contradiction
28119,inconsistent,непоследовательность,no_equality
28120,inconsistent,несоответствие,no_equality
28121,inconsistent,несовместимые,incompatible
28122,inconsistent,несовместимые,contraire
28123,inconsistent,несовместимых,incompatible
28124,inconsistent,несовместимых,contraire
28125,inconsistent,противоречащих,encontre
28126,inconsistent,противоречие,no_equality
28127,inconsistent,противоречащие,encontre
28128,inconsistent,нарушение,no_equality
28129,inconsistent,непоследовательному,no_equality
28130,inconsistent,расходится,no_equality
28131,inconsistent,несогласованности,no_equality
28132,ostentation,хвастовство,no_equality
28133,ostentation,показная роскошь,no_equality
28134,mimics,имитирует,imite
28135,mimics,имитирует,simule
28136,mimics,подражает,imite
28137,mimics,копирует,imite
28138,mimics,копирует,imitant
28139,mimics,мимиков,no_equality
28140,poll,опрос,sondage
28141,poll,опрос,scrutin
28142,poll,опрос,enquête
28143,poll,голосование,sondage
28144,poll,голосование,scrutin
28145,poll,голосование,vote
28146,poll,опрос общественного мнения,sondage
28147,poll,выборов,scrutin
28148,poll,выборов,vote
28149,poll,общественный опрос,sondage
28150,poll,опрашивать,interroger
28151,poll,выборах,scrutin
28152,poll,полл,no_equality
28153,poll,выборы,scrutin
28154,poll,выборы,vote
28155,captured,захватили,no_equality
28156,captured,захваченных,no_equality
28157,captured,схватили,no_equality
28158,captured,поймали,no_equality
28159,captured,захвачены,capturé
28160,captured,захвачен,no_equality
28161,captured,захватил,no_equality
28162,captured,в плен,capturé
28163,captured,захваченные,no_equality
28164,captured,поймал,capturé
28165,captured,захватила,no_equality
28166,captured,схвачен,no_equality
28167,captured,пойман,piégé
28168,captured,захваченного,capturé
28169,captured,захваченного,saisi
28170,captured,отражены,no_equality
28171,captured,пленный,no_equality
28172,inquisitor,инквизитор,inquisiteur
28173,inquisitor,изыскатель,no_equality
28174,inquisitor,исследователь,no_equality
28175,inquisitor,"""инквизитора""",no_equality
28176,inquisitor,"""инквизиторе""",no_equality
28177,inquisitor,"""расследованиях""",no_equality
28178,inquisitor,инквизитором,no_equality
28179,30S,за 30,no_equality
28180,30S,30 лет,no_equality
28181,30S,30-х годах,no_equality
28182,30S,30-е годы,no_equality
28183,30S,около 30-ти,no_equality
28184,30S,за тридцать,30 ans
28185,30S,тридцати лет,30 ans
28186,30S,тридцать лет,30 ans
28187,verifier,проверяющий,vérificateur
28188,verifier,верификатор,no_equality
28189,verifier,свидетельство,no_equality
28190,verifier,проверяющей стороне,no_equality
28191,verifier,verifier,no_equality
28192,verifier,проверяющая сторона,no_equality
28193,verifier,контролером,no_equality
28194,derailment,крушение,déraillement
28195,derailment,сход с рельсов,dérailler
28196,derailment,схода с рельсов,déraillement
28197,derailment,схода с рельсов,dérailler
28198,derailment,срыву,no_equality
28199,derailment,аварией,no_equality
28200,derailment,срыва,no_equality
28201,derailment,подрыва,no_equality
28202,derailment,сход колес с рельсов,dérailler
28203,stylized,стилизованный,no_equality
28204,pipers,мешочников,no_equality
28205,pipers,играют на волынках,no_equality
28206,Cloviss,"""кловис""",no_equality
28207,Cloviss,"""кловиса""",no_equality
28208,Cloviss,кловисом,no_equality
28209,Cloviss,кловису,no_equality
28210,schooled,обучили,no_equality
28211,schooled,обучали,entraîné
28212,schooled,обучил,no_equality
28213,schooled,проучила,no_equality
28214,schooled,обучены,no_equality
28215,schooled,обучался,scolarisé
28216,schooled,обучаются,no_equality
28217,schooled,научила,no_equality
28218,prosecutors,органы прокуратуры,no_equality
28219,rhododendrons,рододендроны,no_equality
28220,rhododendrons,рододендронов,no_equality
28221,conventions,конвенций,convention
28222,conventions,конвенций,instrument
28223,conventions,конвенций,accord
28224,conventions,конвенций,traité
28225,conventions,конвенций,pacte
28226,conventions,конвенциям,convention
28227,conventions,конвенциям,instrument
28228,conventions,конвенциями,convention
28229,conventions,конвенциями,instrument
28230,conventions,конвенциях,convention
28231,conventions,конвенциях,instrument
28232,conventions,договоров,convention
28233,conventions,договоров,instrument
28234,conventions,договоров,accord
28235,conventions,договоров,traité
28236,conventions,договоров,pacte
28237,conventions,договорами,instrument
28238,conventions,договорами,accord
28239,conventions,договорами,traité
28240,conventions,договорах,convention
28241,conventions,договорах,instrument
28242,conventions,договорах,accord
28243,conventions,договорах,traité
28244,conventions,соглашений,convention
28245,conventions,соглашений,instrument
28246,conventions,соглашений,accord
28247,conventions,соглашений,traité
28248,conventions,соглашения,instrument
28249,conventions,соглашения,accord
28250,conventions,соглашения,traité
28251,conventions,соглашения,pacte
28252,conventions,конвенция,convention
28253,conventions,конвенция,instrument
28254,conventions,конвенцию,convention
28255,conventions,конвенцию,instrument
28256,conventions,договоры,convention
28257,conventions,договоры,instrument
28258,conventions,договоры,accord
28259,conventions,договоры,traité
28260,conventions,договоры,pacte
28261,conventions,конвенцией,convention
28262,conventions,договорам,convention
28263,conventions,договорам,instrument
28264,conventions,договорам,accord
28265,conventions,договорам,traité
28266,conventions,соглашениями,convention
28267,conventions,соглашениями,instrument
28268,conventions,соглашениями,accord
28269,conventions,соглашениями,traité
28270,Namibia,намибия,namibie
28271,Namibia,намибии,namibie
28272,Namibia,намибии,namibien
28273,Namibia,намибию,no_equality
28274,Namibia,намибией,namibie
28275,Namibia,намибийский,no_equality
28276,Namibia,намибийским,namibie
28277,Namibia,намибийским,namibien
28278,Namibia,намибийском,namibie
28279,Namibia,намибийские,no_equality
28280,Namibia,намибийскую,no_equality
28281,Namibia,намибийское,namibien
28282,Namibia,намибийской,namibie
28283,Namibia,намибийского,namibien
28284,Namibia,намибийских,no_equality
28285,expensively,затратами,no_equality
28286,prepossessions,восстановление во владении,no_equality
28287,prepossessions,владение,no_equality
28288,prepossessions,восстановления во владении,no_equality
28289,prepossessions,восстановлении во владении,no_equality
28290,prepossessions,возвращением,no_equality
28291,prepossessions,возврате,no_equality
28292,prepossessions,возврата,no_equality
28293,prepossessions,возвращения имущества тем,no_equality
28294,prepossessions,возвращения собственности,no_equality
28295,interdiction,перехват,interception
28296,interdiction,запрет,interdiction
28297,interdiction,запрет,interdire
28298,interdiction,запрет,prohibition
28299,interdiction,запрет,interdit
28300,interdiction,запрещение,interdiction
28301,interdiction,запрещение,interdire
28302,interdiction,запрещение,prohibition
28303,interdiction,запрещение,interdit
28304,interdiction,воспрещения,interdiction
28305,interdiction,наркотиками,no_equality
28306,interdiction,пресечение незаконного оборота,no_equality
28307,interdiction,пресечения незаконного оборота наркотиков,no_equality
28308,interdiction,пресечению незаконного оборота наркотиков,interception
28309,consonance,соответствии,accord
28310,consonance,соответствии,conforme
28311,dislikes,не любит,n'aime pas
28312,dislikes,не любит,déteste
28313,dislikes,не нравится,n'aime pas
28314,dislikes,не нравится,déteste
28315,dislikes,антипатии,no_equality
28316,dislikes,ненавидит,déteste
28317,dislikes,антипатия,antipathie
28318,photography,фотография,photographie
28319,photography,фотография,photo
28320,photography,фотографирование,photographie
28321,photography,фотографирование,photographier
28322,photography,фотосъемка,no_equality
28323,photography,съемка,tournage
28324,photography,фотографа,photographe
28325,photography,фото-,no_equality
28326,photography,фотографировать,no_equality
28327,photography,фотовыставки,no_equality
28328,photography,аэрофотосъемки,no_equality
28329,photography,фотограф,photographe
28330,instincts,низменные инстинкты,instinct
28331,advocating,пропаганда,no_equality
28332,advocating,выступает за,préconise
28333,advocating,выступает за,préconiser
28334,advocating,выступает за,prône
28335,advocating,выступает за,défend
28336,advocating,выступая за,prônant
28337,advocating,отстаивание,no_equality
28338,advocating,выступающих за,préconisant
28339,advocating,отстаивая,no_equality
28340,advocating,защита,défendre
28341,advocating,защита,défense
28342,advocating,пропагандируя,no_equality
28343,advocating,пропагандирующих,préconisent
28344,advocating,выступать за,préconiser
28345,advocating,выступать за,prôner
28346,advocating,пропагандировать,préconiser
28347,advocating,пропагандировать,promouvoir
28348,advocating,пропагандировать,prôner
28349,advocating,пропагандирующие,préconisant
28350,advocating,пропагандирующие,prônant
28351,advocating,выступающие за,no_equality
28352,advocating,ратуя за,no_equality
28353,dully,должным образом,dûment
28354,1930ss,30-х годов,no_equality
28355,1930ss,1930-х годов,no_equality
28356,1930ss,1930х годов,no_equality
28357,1930ss,30-х годах,no_equality
28358,1930ss,30-е годы,no_equality
28359,1930ss,1930-х годах,no_equality
28360,1930ss,30х годов,no_equality
28361,1930ss,1930-ых,no_equality
28362,1930ss,1930-е годы,no_equality
28363,1930ss,30е годы,no_equality
28364,attacking,нападения на,attaquer
28365,attacking,нападении на,avoir attaqué
28366,attacking,атакуют,attaque
28367,attacking,атакуют,attaquent
28368,attacking,атакуют,attaquaient
28369,attacking,нападать на,attaquer
28370,attacking,нападать на,attaquant
28371,attacking,нападение на,attaquer
28372,attacking,нападение на,attaques contre
28373,attacking,нападение на,agresser
28374,attacking,атакует,attaque
28375,attacking,атакует,attaquait
28376,attacking,напал на,attaquer
28377,attacking,напал на,agresser
28378,attacking,нападают на,attaquer
28379,attacking,нападают на,attaquent
28380,attacking,нападают на,attaquaient
28381,attacking,нападает на,attaque
28382,attacking,нападает на,attaquait
28383,attacking,атаковать,attaquer
28384,attacking,атаковать,agresser
28385,attacking,напали на,attaquent
28386,attacking,напали на,attaquez
28387,attacking,напали на,agresser
28388,attacking,нападая на,no_equality
28389,attacking,напасть на,attaquer
28390,attacking,напасть на,agresser
28391,attacking,атакуя,no_equality
28392,attacking,нападение,attaquer
28393,attacking,нападение,attaque
28394,attacking,нападение,agresser
28395,attacking,нападение,agression
28396,attacking,нападение,assaut
28397,mothers-in-law,свекрови,belle-mère
28398,mothers-in-law,свекровь,belle-mère
28399,gladiator,гладиатор,gladiateur
28400,gladiator,гладиаторские,no_equality
28401,gladiator,"""гладиаторе""",no_equality
28402,gladiator,гладиаторских,no_equality
28403,Marleys,марли,marley
28404,putrefying,разложение,décomposition
28405,investigator,следователь,enquêteur
28406,investigator,следователь,détective
28407,investigator,следователь,investigateur
28408,investigator,следователь,magistrat instructeur
28409,investigator,следователь,inspecteur
28410,investigator,следователь,enquêteuse
28411,investigator,следователь,juge d'instruction
28412,investigator,детектив,enquêteur
28413,investigator,детектив,détective
28414,investigator,детектив,inspecteur
28415,investigator,детектив,enquêteuse
28416,investigator,сыщик,enquêteur
28417,investigator,сыщик,détective
28418,investigator,расследование,enquête
28419,investigator,исследователь,chercheur
28420,investigator,дознаватель,enquêteur
28421,investigator,судебный следователь,juge d'instruction
28422,adored,обожал,adorait
28423,adored,обожал,adorais
28424,adored,обожал,adoraient
28425,adored,обожал,aimait
28426,adored,обожала,adorait
28427,adored,обожала,adorais
28428,adored,обожала,aimait
28429,adored,обожали,adorait
28430,adored,обожали,adoraient
28431,adored,обожали,adorent
28432,adored,обожать,no_equality
28433,adored,любила,adoré
28434,adored,любила,adorait
28435,adored,любила,adorais
28436,adored,любила,aimait
28437,adored,восхищался,no_equality
28438,adored,восхищалась,no_equality
28439,adored,обожаема,no_equality
28440,adored,обожаемой,no_equality
28441,adored,боготворил,adorait
28442,adored,обожаешь,no_equality
28443,adored,любимый,no_equality
28444,adored,обожают,adorent
28445,adored,был от алис без ума,no_equality
28446,adored,восторге от,no_equality
28447,popularized,популяризировать,no_equality
28448,popularized,популяризацию,no_equality
28449,popularized,общедоступный,no_equality
28450,popularized,популяризация,no_equality
28451,popularized,общедоступной,no_equality
28452,popularized,популяризировала,no_equality
28453,creole,креольский язык,créole
28454,creole,креольский,créole
28455,creole,креол,no_equality
28456,creole,креольском языке,créole
28457,creole,креольского языка,no_equality
28458,creole,креолы,créole
28459,creole,креолка,créole
28460,creole,креольской,créole
28461,creole,по-креольски,créole
28462,creole,креольских,no_equality
28463,creole,креольские,no_equality
28464,creole,креольская,no_equality
28465,creole,креольским языком,no_equality
28466,creole,креольское,no_equality
28467,magnetization,намагниченность,no_equality
28468,lesson,урок,leçon
28469,lesson,урок,enseignement
28470,lesson,урок,cour
28471,lesson,урок,apprendre
28472,lesson,урок,appris
28473,lesson,урок,apprendra
28474,lesson,занятие,cour
28475,lesson,занятие,séance
28476,lesson,опыт,enseignement
28477,lesson,опыт,expérience
28478,lesson,наставление,no_equality
28479,lesson,лекция,no_equality
28480,lesson,извлеченный,no_equality
28481,lesson,проучить,no_equality
28482,territories,территорий,territoire
28483,territories,территорий,territorial
28484,territories,территорий,région
28485,territories,территорий,zone
28486,territories,территориях,territoire
28487,territories,территориях,territories
28488,territories,территориях,terre
28489,territories,территориях,région
28490,territories,территориях,zone
28491,territories,территориям,territoire
28492,territories,территориями,territoire
28493,territories,территориями,terre
28494,territories,территорию,territoire
28495,territories,территорией,territoire
28496,territories,территорией,zone
28497,territories,территория,territoire
28498,territories,районах,région
28499,territories,районах,zone
28500,territories,районов,région
28501,territories,районов,zone
28502,territories,земель,territoire
28503,territories,земель,terre
28504,territories,земли,terre
28505,territories,землях,territoire
28506,territories,землях,terre
28507,territories,территориальных,territoire
28508,territories,территориальных,territorial
28509,territories,территориальных,territoriale
28510,territories,округах,région
28511,psychologically,психологически,psychologiquement
28512,psychologically,психологически,psychologique
28513,psychologically,психологически,mentalement
28514,psychologically,психологическое,no_equality
28515,psychologically,психологические,no_equality
28516,psychologically,психологическим,no_equality
28517,psychologically,психически,psychiquement
28518,psychologically,психически,mentalement
28519,psychologically,психологическом отношении,psychologiquement
28520,psychologically,с психологической точки зрения,no_equality
28521,psychologically,психологическую,no_equality
28522,psychologically,психологического,no_equality
28523,psychologically,психологическом плане,no_equality
28524,psychologically,с точки зрения психологии,no_equality
28525,psychologically,психологическому,no_equality
28526,unbuckling,расстегивание,no_equality
28527,imminence,неизбежность,imminence
28528,imminence,неминуемость,no_equality
28529,imminence,неотвратимость,no_equality
28530,imminence,опасность,no_equality
28531,imminence,неминуемости,no_equality
28532,imminence,неотвратимости,imminence
28533,imminence,близость,proximité
28534,imminence,близости,proximité
28535,imminence,приближение,no_equality
28536,borsches,борщев,no_equality
28537,resin,смола,résine
28538,resin,канифоль,no_equality
28539,resin,живица,no_equality
28540,resin,каучук,résine
28541,resin,смоль,no_equality
28542,resin,смоляной,no_equality
28543,fuels,видов топлива,carburant
28544,fuels,топливо,combustible
28545,fuels,топливо,carburant
28546,fuels,топливо,fuel
28547,fuels,топливо,fioul
28548,fuels,топлив,combustible
28549,fuels,топлив,carburant
28550,fuels,топливе,combustible
28551,fuels,топливе,carburant
28552,fuels,подпитывает,alimente
28553,fuels,подпитывает,nourrit
28554,fuels,подпитывает,alimentent
28555,fuels,подпитывает,attise
28556,fuels,топливом,combustible
28557,fuels,топливом,carburant
28558,fuels,топливом,fioul
28559,fuels,топливу,carburant
28560,fuels,разжигает,alimente
28561,fuels,разжигает,nourrit
28562,fuels,разжигает,alimentent
28563,fuels,разжигает,attise
28564,fuels,питает,alimente
28565,fuels,питает,nourrit
28566,fuels,питает,alimentent
28567,fuels,топливах,carburant
28568,fuels,способствует,no_equality
28569,fuels,топливам,combustible
28570,fuels,топливам,carburant
28571,fuels,подпитывают,alimente
28572,fuels,подпитывают,alimentent
28573,fuels,биотоплива,biocarburants
28574,fuels,биотоплива,biocombustibles
28575,fuels,усиливает,no_equality
28576,advocated,выступает за,prônent
28577,advocated,выступает за,défend
28578,advocated,выступала за,préconisé
28579,advocated,выступали за,no_equality
28580,advocated,выступал за,préconisé
28581,advocated,выступал за,prôné
28582,advocated,выступал за,défendu
28583,advocated,выступили за,préconisaient
28584,advocated,высказались за,no_equality
28585,advocated,выступила за,no_equality
28586,advocated,выступил за,no_equality
28587,advocated,поддерживает,soutenu
28588,advocated,высказался за,no_equality
28589,advocated,выступало за,no_equality
28590,advocated,выступаем за,no_equality
28591,advocated,пропагандирует,défend
28592,advocated,отстаивает,prôné
28593,advocated,отстаивает,défend
28594,advocated,высказалась за,no_equality
28595,obliges,обязывает,oblige
28596,obliges,обязывает,contraint
28597,obliges,обязывает,engage
28598,obliges,обязывает,obligeait
28599,obliges,обязывает,sont tenus
28600,obliges,заставляет,impose
28601,obliges,заставляет,contraint
28602,obliges,требует,impose
28603,obliges,требует,exige
28604,obliges,обязует,oblige
28605,obliges,обязует,fait obligation
28606,obliges,обязует,contraint
28607,obliges,вынуждает,contraint
28608,obliges,вынуждает,obligent
28609,obliges,вынуждает,obligeant
28610,obliges,обязаны,sont tenus
28611,obliges,обязаны,obligé
28612,obliges,обязывают,oblige
28613,obliges,обязывают,obligent
28614,obliges,обязывают,sont tenus
28615,obliges,возлагает,impose
28616,obliges,обязываются,no_equality
28617,obliges,предусмотрено обязательство,no_equality
28618,obliges,устанавливается обязательство,no_equality
28619,obliges,налагает,oblige
28620,obliges,налагает,impose
28621,obliges,вменяет,fait obligation
28622,discriminations,дискриминации,discrimination
28623,discriminations,дискриминация,discrimination
28624,discriminations,дискриминацию,discrimination
28625,discriminations,дискриминацией,discrimination
28626,scientists,ученых,scientifique
28627,scientists,ученых,chercheur
28628,scientists,ученых,savant
28629,scientists,ученых,spécialiste
28630,scientists,ученых,expert
28631,scientists,ученые,scientifique
28632,scientists,ученые,chercheur
28633,scientists,ученые,savant
28634,scientists,ученые,spécialiste
28635,scientists,ученые,science
28636,scientists,ученые,expert
28637,scientists,учеными,scientifique
28638,scientists,учеными,chercheur
28639,scientists,ученым,scientifique
28640,scientists,ученым,savant
28641,scientists,научных работников,scientifique
28642,scientists,научных работников,chercheur
28643,scientists,специалистов,spécialiste
28644,scientists,наук,scientifique
28645,scientists,наук,science
28646,scientists,исследователей,chercheur
28647,scientists,исследователей,spécialiste
28648,scientists,научные работники,scientifique
28649,scientists,научные работники,chercheur
28650,scientists,специалисты,scientifique
28651,scientists,специалисты,spécialiste
28652,scientists,специалисты,expert
28653,scientists,научных кругов,chercheur
28654,scientists,научных сотрудников,chercheur
28655,scientists,научными работниками,chercheur
28656,scientists,исследователи,scientifique
28657,scientists,исследователи,chercheur
28658,scientists,ченые,no_equality
28659,biped,двуногий,no_equality
28660,sequence,последовательность,no_equality
28661,sequence,порядок,no_equality
28662,sequence,ряд,suite
28663,sequence,ряд,série
28664,sequence,последовательно,no_equality
28665,sequence,эпизод,séquence
28666,sequence,эпизод,scène
28667,sequence,очередность,ordre
28668,sequence,цикл,série
28669,sequence,порядок следования,séquence
28670,sequence,порядок следования,ordre
28671,sequence,следование,no_equality
28672,sequence,серии,série
28673,sequence,секвенировать,séquencer
28674,sequence,цепочку,no_equality
28675,sequence,секвенирования,séquencer
28676,germinated,пророщенный,no_equality
28677,likening,сравнив,no_equality
28678,darkness,тьма,ténèbre
28679,darkness,тьма,obscurité
28680,darkness,тьма,noirceur
28681,darkness,тьма,noir
28682,darkness,тьма,nuit
28683,darkness,тьма,ombre
28684,darkness,тьма,sombre
28685,darkness,темнота,ténèbre
28686,darkness,темнота,obscurité
28687,darkness,темнота,noir
28688,darkness,темнота,sombre
28689,darkness,мрак,ténèbre
28690,darkness,мрак,obscurité
28691,darkness,мрак,noirceur
28692,darkness,ночи,obscurité
28693,darkness,темное время суток,obscurité
28694,darkness,темное время суток,sombre
28695,darkness,темно,no_equality
28696,piglet,поросенок,porcelet
28697,podiatry,подиатрия,no_equality
28698,podiatry,лечение заболеваний стоп,no_equality
28699,podiatry,курсы ортопедов,no_equality
28700,foresters,лесоводов,no_equality
28701,foresters,лесоводы,no_equality
28702,foresters,лесники,no_equality
28703,foresters,лесников,no_equality
28704,foresters,лесоводам,no_equality
28705,foresters,работники лесного хозяйства,no_equality
28706,foresters,лесничие,no_equality
28707,foresters,лесном хозяйстве,no_equality
28708,foresters,лесничих,no_equality
28709,foresters,лесничими,no_equality
28710,foresters,работникам лесного хозяйства,no_equality
28711,foresters,лесоводами,no_equality
28712,loathes,ненавидит,déteste
28713,loathes,ненавидит,hait
28714,loathes,ненавидит,horreur
28715,loathes,не выносит,déteste
28716,phrased,сформулирована,rédigé
28717,phrased,сформулированная,no_equality
28718,phrased,сформулированы,formulé
28719,phrased,сформулированы,formulation
28720,phrased,сформулировано,formulé
28721,phrased,сформулировано,libellé
28722,phrased,сформулировано,formulation
28723,phrased,сформулирован,libellé
28724,phrased,сформулирован,rédigé
28725,phrased,сформулирован,formulation
28726,phrased,сформулировала,no_equality
28727,phrased,сформулировал,no_equality
28728,phrased,под любым наименованием,no_equality
28729,phrased,формулируются,no_equality
28730,phrased,сформулировать следующим образом,no_equality
28731,phrased,выразился,no_equality
28732,phrased,неконкретно сформулированные,no_equality
28733,tendered,подал,a présenté
28734,tendered,торги,no_equality
28735,tendered,предъявленных,no_equality
28736,tendered,приобщены,no_equality
28737,tendered,выставляться на конкурс,no_equality
28738,tendered,подало,no_equality
28739,tendered,подала,a présenté
28740,secessionists,сепаратистов,séparatiste
28741,secessionists,сепаратисты,séparatiste
28742,secessionists,сепаратистами,sécessionniste
28743,secessionists,сепаратистами,séparatiste
28744,secessionists,сепаратистам,no_equality
28745,tariffed,тарифицировать,no_equality
28746,whinnies,ржет,no_equality
28747,whinnies,ржут,no_equality
28748,opportunists,оппортунисты,opportuniste
28749,opportunists,оппортунистами,no_equality
28750,opportunists,оппортунистов,no_equality
28751,opportunists,авантюристов,no_equality
28752,opportunists,авантюристы,no_equality
28753,opportunists,оппортунистам,no_equality
28754,graded,дифференцированных,no_equality
28755,graded,классифицированы,no_equality
28756,graded,дифференцированной,no_equality
28757,graded,ставить оценки,no_equality
28758,graded,оценивал,no_equality
28759,graded,класс должности,no_equality
28760,graded,шкала,no_equality
28761,graded,классифицироваться,no_equality
28762,graded,сортировку,no_equality
28763,graded,распределяться,no_equality
28764,graded,калиброваться,no_equality
28765,graded,разряд,no_equality
28766,graded,сортируются,no_equality
28767,graded,завышенным,no_equality
28768,graded,должностными функциями,no_equality
28769,Ethiopias,эфиопия,no_equality
28770,Ethiopias,замбия,no_equality
28771,Ethiopias,эфиопии,no_equality
28772,Ethiopias,эфиопию,no_equality
28773,Ethiopias,замбии,no_equality
28774,Ethiopias,эфиопией,no_equality
28775,Ethiopias,зимбабве,no_equality
28776,Ethiopias,эфиопских,no_equality
28777,Ethiopias,эфиопского,no_equality
28778,Ethiopias,эфиопской,no_equality
28779,Ethiopias,эритреей,no_equality
28780,Ethiopias,йемен,no_equality
28781,publics,общественности,public
28782,publics,общественность,public
28783,publics,народы,no_equality
28784,publics,пюблик,no_equality
28785,publics,населяющих,no_equality
28786,publics,нотариусов,no_equality
28787,confidently,уверенно,avec confiance
28788,confidently,уверенно,avec assurance
28789,confidently,уверенно,avec certitude
28790,confidently,уверенно,confiant
28791,confidently,с уверенностью,avec confiance
28792,confidently,с уверенностью,en toute confiance
28793,confidently,с уверенностью,avec assurance
28794,confidently,с уверенностью,avec certitude
28795,confidently,с уверенностью,en toute certitude
28796,confidently,смело,no_equality
28797,confidently,доверчиво,no_equality
28798,bollards,тумб,no_equality
28799,bollards,тумбы,no_equality
28800,launders,отмывает,blanchit
28801,phenomenon,явление,phénomène
28802,phenomenon,явление,fait
28803,phenomenon,явление,fléau
28804,phenomenon,феномен,phénomène
28805,phenomenon,проблема,phénomène
28806,phenomenon,проблема,problème
28807,phenomenon,практика,no_equality
28808,phenomenon,масштабы,phénomène
28809,phenomenon,необыкновенное явление,phénomène
28810,phenomenon,необыкновенное явление,fait
28811,phenomenon,событие,no_equality
28812,phenomenon,проявлений,no_equality
28813,imprinting,импринтинг,no_equality
28814,imprinting,запечатление,no_equality
28815,imprinting,печатание,impression
28816,imprinting,печатание,imprimer
28817,stabilise,стабилизировать,stabiliser
28818,stabilise,стабилизировать,stabilisation
28819,stabilise,стабилизации,no_equality
28820,stabilise,стабилизироваться,no_equality
28821,stabilise,стабилизация положения,no_equality
28822,stabilise,стабилизацию,no_equality
28823,pharmaceutics,фармацевтика,pharmacie
28824,pharmaceutics,фармацевтика,pharmaceutique
28825,pharmaceutics,фармацевтический,no_equality
28826,monopolizations,монополизация,monopolisation
28827,monopolizations,монополии,monopole
28828,monopolizations,монополия,monopole
28829,monopolizations,монополизацией,no_equality
28830,shackles,кандалы,fer
28831,shackles,оковы,no_equality
28832,shackles,оков,no_equality
28833,shackles,кандалов,chaîne
28834,shackles,кандалов,menotte
28835,shackles,кандалах,fer
28836,shackles,кандалах,menotte
28837,shackles,наручники,no_equality
28838,shackles,кандалами,enchaîné
28839,shackles,пут,entrave
28840,shackles,скоб,no_equality
28841,shackles,оковах,no_equality
28842,shackles,оковами,no_equality
28843,shackles,закаленной,no_equality
28844,shackles,наручниках,menotte
28845,Olympia,олимпия,olympie
28846,Olympia,олимпия,olympe
28847,Olympia,олимпия,olympia
28848,Olympia,олимпия,m.olympia
28849,Olympia,олимпии,olympie
28850,Olympia,олимпии,olympia
28851,Olympia,олимпия,olympie
28852,Olympia,олимпия,olympe
28853,Olympia,олимпия,olympia
28854,Olympia,олимпия,m.olympia
28855,Olympia,олимп,olympe
28856,Olympia,олимпию,olympie
28857,Olympia,олимпию,olympia
28858,Olympia,олимпе,olympe
28859,Olympia,olympia,no_equality
28860,endowment,пожертвование,don
28861,endowment,пожертвование,donation
28862,endowment,фонда,fondation
28863,endowment,фонда,fond
28864,endowment,дарственного,dotation
28865,endowment,обеспеченность,no_equality
28866,endowment,дар,don
28867,endowment,снабжение,no_equality
28868,endowment,передача фонда,fondation
28869,endowment,благотворительный,no_equality
28870,endowment,дотационным,no_equality
28871,herrings,селёдки,hareng
28872,herrings,сельди,hareng
28873,herrings,сельдь,hareng
28874,oakums,дубов,no_equality
28875,oakums,оукс,no_equality
28876,oakums,дубы,no_equality
28877,oakums,дубами,no_equality
28878,oakums,дуба,no_equality
28879,oakums,роще,no_equality
28880,oakums,окс,no_equality
28881,oakums,дубах,no_equality
28882,oakums,оак,no_equality
28883,oakums,думбартон-окскому,no_equality
28884,oakums,думбартон-оксе,no_equality
28885,oakums,шерман-оксе,no_equality
28886,oakums,думбартон-окса,no_equality
28887,concertized,конкретизировать,no_equality
28888,concertized,конкретизирована,no_equality
28889,concertized,конкретизировано,no_equality
28890,concertized,конкретизируются,no_equality
28891,concertized,конкретизируется,no_equality
28892,concertized,были конкретизированы,no_equality
28893,participated,участвовали,a participé
28894,participated,участвовали,ont participé
28895,participated,участвовали,participent
28896,participated,участвовали,ont pris part
28897,participated,участвовали,participaient
28898,participated,участвовали,participer
28899,participated,участвовали,participant
28900,participated,участвовали,ont assisté
28901,participated,приняли участие,participer
28902,participated,участвовал,a participé
28903,participated,участвовал,ont participé
28904,participated,участвовал,participait
28905,participated,участвовал,participer
28906,participated,участвовала,a participé
28907,participated,участвовала,participait
28908,participated,принял участие,a participé
28909,participated,принял участие,ont participé
28910,participated,принял участие,participait
28911,participated,приняла участие,a participé
28912,participated,принимали участие,a participé
28913,participated,принимали участие,ont participé
28914,participated,принимали участие,participent
28915,participated,принимали участие,ont pris part
28916,participated,принимали участие,participer
28917,participated,принимали участие,ont assisté
28918,participated,участвовало,a participé
28919,participated,участвовало,ont participé
28920,participated,участвовало,participait
28921,participated,участвовало,ont assisté
28922,participated,принимала участие,a participé
28923,participated,принимала участие,participait
28924,participated,принимал участие,a participé
28925,participated,принимал участие,ont participé
28926,participated,принимал участие,participait
28927,participated,участвуют,ont participé
28928,participated,участвуют,participent
28929,participated,участвуют,participaient
28930,participated,участвуют,participer
28931,participated,участвуют,participant
28932,participated,участия,participer
28933,participated,участии,participer
28934,participated,участников,participant
28935,participated,участвовать,participer
28936,bighted,зрячий,no_equality
28937,bighted,видели,aperçu
28938,bighted,замечен,observé
28939,bighted,замечены,observé
28940,bighted,заметили,no_equality
28941,bighted,замечено,aperçu
28942,bighted,замечено,observé
28943,bighted,замечено,repéré
28944,bighted,обнаружена,no_equality
28945,bighted,была замечена,no_equality
28946,bighted,засекли,no_equality
28947,bighted,зрячего,no_equality
28948,brininess,слепота,cécité
28949,brininess,слепота,aveuglement
28950,brininess,потеря зрения,perte de la vue
28951,brininess,неведение,ignorance
28952,brininess,безрассудство,no_equality
28953,brininess,потерю зрения,no_equality
28954,brininess,потери зрения,no_equality
28955,brininess,ослепления,aveuglement
28956,brininess,невосприимчивости,no_equality
28957,brininess,ослеп,no_equality
28958,brininess,ослепнуть,no_equality
28959,Yankees,янки,no_equality
28960,Yankees,"""янкиз""",no_equality
28961,Yankees,янкис,yankee
28962,Yankees,американцами,no_equality
28963,outweighed,перевешивают,emportent sur
28964,outweighed,перевешивают,emportaient sur
28965,outweighed,перевешивают,emporte sur
28966,outweighed,перевешивает,emportent sur
28967,outweighed,перевешивает,emporte sur
28968,outweighed,перевешивает,dépassent
28969,outweighed,перевешивается,no_equality
28970,outweighed,перевесили,no_equality
28971,outweighed,превосходят,dépassent
28972,outweighed,перевешиваются,no_equality
28973,outweighed,перевешивали,no_equality
28974,outweighed,перевесила,no_equality
28975,outweighed,перевесило,no_equality
28976,outweighed,перевешивал,no_equality
28977,outweighed,лихвой компенсируются,no_equality
28978,outweighed,перевесят,no_equality
28979,outweighed,весомее,no_equality
28980,outweighed,нивелируются,no_equality
28981,outweighed,компенсировано,no_equality
28982,melodized,запомнил,mémoriser
28983,melodized,запомнил,ai appris
28984,melodized,запомнила,ai mémorisé
28985,melodized,запомнили,no_equality
28986,melodized,выучил наизусть,ai appris
28987,melodized,выучил наизусть,ai retenu
28988,melodized,запоминал,ai mémorisé
28989,melodized,запоминается,no_equality
28990,melodized,заучить,no_equality
28991,melodized,запомнишь,no_equality
28992,melodized,вызубрил,no_equality
28993,melodized,запоминаю,no_equality
28994,melodized,помню,no_equality
28995,sounder,эхолот,no_equality
28996,sounder,зонд,no_equality
28997,sounder,динамик,no_equality
28998,sounder,клопфер,no_equality
28999,humanization,гуманизация,humanisation
29000,expose,разоблачить,exposer
29001,expose,разоблачить,dénoncer
29002,expose,разоблачить,révéler
29003,expose,разоблачить,dévoiler
29004,expose,разоблачить,démasquer
29005,expose,подвергать,exposer
29006,expose,раскрыть,exposer
29007,expose,раскрыть,dénoncer
29008,expose,раскрыть,révéler
29009,expose,раскрыть,dévoiler
29010,expose,раскрыть,démasquer
29011,expose,раскрыть,découvrir
29012,expose,раскрыть,divulguer
29013,expose,подвергнуть,no_equality
29014,expose,разоблачать,exposer
29015,expose,разоблачать,dénoncer
29016,expose,разоблачать,démasquer
29017,expose,показать,exposer
29018,expose,показать,révéler
29019,expose,показать,montrer
29020,expose,показать,présenter
29021,expose,выявления,no_equality
29022,expose,выявить,révéler
29023,expose,выявить,découvrir
29024,expose,выявить,dégager
29025,expose,выдать,exposer
29026,expose,выдать,dénoncer
29027,expose,выдать,révéler
29028,expose,сдать,dénoncer
29029,expose,обнажить,révéler
29030,expose,раскрывать,révéler
29031,expose,раскрывать,dévoiler
29032,expose,раскрывать,découvrir
29033,expose,раскрывать,divulguer
29034,expose,обнародовать,exposer
29035,expose,обнародовать,révéler
29036,expose,обнародовать,dévoiler
29037,expose,обнародовать,divulguer
29038,expose,рассказать,révéler
29039,expose,рассказать,dévoiler
29040,expose,рассказать,présenter
29041,expose,подвергаться,no_equality
29042,expose,выставлять,exposer
29043,expose,обнажать,dévoiler
29044,serenading,серенаду,sérénade
29045,serenading,поет серенады,no_equality
29046,imperceptibly,незаметно,no_equality
29047,bannocks,лепешки,no_equality
29048,chalks,мелок,no_equality
29049,pelvic,тазовый,no_equality
29050,pelvic,таза,no_equality
29051,pelvic,таз,no_equality
29052,pelvic,тазовую,no_equality
29053,pelvic,тазовым,no_equality
29054,pelvic,воспаление тазовых органов,no_equality
29055,pelvic,воспалением тазовых органов,no_equality
29056,pelvic,на гинекологический,no_equality
29057,pelvic,раскрытия тазового,no_equality
29058,pelvic,пещерку,no_equality
29059,latency,задержка,retard
29060,latency,время ожидания,temps d'attente
29061,latency,латентности,latence
29062,latency,времени ожидания,temps d'attente
29063,latency,латентный,no_equality
29064,latency,латентного периода,no_equality
29065,rips,разорвет,no_equality
29066,rips,разрывает,déchire
29067,rips,рвет,déchire
29068,rips,рвет,arrache
29069,rips,вырвет,arrache
29070,rips,вырывает,arrache
29071,rips,разрывы,déchirure
29072,rips,порвется,no_equality
29073,rips,разобьет,no_equality
29074,rips,порвёт,no_equality
29075,rips,пляшет,no_equality
29076,rips,срывает,déchire
29077,rips,срывает,arrache
29078,rips,порвал,déchirure
29079,rips,порвал,a arraché
29080,rips,отрывает,no_equality
29081,rips,разрывается,no_equality
29082,rips,вырвала,a arraché
29083,percolate,проникать,s'infiltrer
29084,percolate,вариться в кофеварке,no_equality
29085,percolate,варить в кофеварке,no_equality
29086,abstentious,воздержавшихся,no_equality
29087,abstentious,воздержались,no_equality
29088,abstentious,воздержавшиеся,no_equality
29089,remaking,переделка,no_equality
29090,remaking,переделывает,no_equality
29091,polymerizing,полимеризации,polymérisation
29092,polymerizing,полимеризация,polymérisation
29093,fares,тарифы,tarif
29094,fares,тарифов,tarification
29095,fares,тарифов,tarifaire
29096,fares,тарифам,tarif
29097,fares,тарифам,tarifaire
29098,fares,тарифами,tarif
29099,fares,пассажиров,course
29100,fares,фарэс,no_equality
29101,fares,поживает,no_equality
29102,fares,такси,taxi
29103,fares,билетов,billet
29104,fairly,довольно,assez
29105,fairly,довольно,relativement
29106,fairly,довольно,plutôt
29107,fairly,довольно,très
29108,fairly,достаточно,assez
29109,fairly,достаточно,relativement
29110,fairly,достаточно,plutôt
29111,fairly,достаточно,très
29112,fairly,справедливо,équitablement
29113,fairly,справедливо,justement
29114,fairly,справедливо,manière équitable
29115,fairly,весьма,assez
29116,fairly,весьма,relativement
29117,fairly,весьма,plutôt
29118,fairly,весьма,très
29119,fairly,относительно,assez
29120,fairly,относительно,relativement
29121,fairly,вполне,assez
29122,fairly,вполне,plutôt
29123,fairly,вполне,très
29124,fairly,честно,loyalement
29125,fairly,честно,honnêtement
29126,fairly,сравнительно,assez
29127,fairly,сравнительно,relativement
29128,fairly,практически,très
29129,fairly,практически,presque
29130,fairly,практически,pratiquement
29131,fairly,беспристрастно,équitablement
29132,fairly,беспристрастно,impartialement
29133,fairly,примерно,presque
29134,fairly,справедливое,no_equality
29135,fairly,справедливого,no_equality
29136,fairly,справедливой основе,équitablement
29137,fairly,добросовестно,fidèlement
29138,fairly,добросовестно,loyalement
29139,proposal,предложение,proposition
29140,proposal,предложение,projet
29141,proposal,предложение,offre
29142,proposal,предложение,suggestion
29143,proposal,предложение,proposé
29144,proposal,предложение,idée
29145,proposal,план,projet
29146,proposal,план,idée
29147,proposal,заявка,demande
29148,proposal,заявка,offre
29149,proposal,предлагается,proposition
29150,proposal,предлагаемого,proposition
29151,proposal,предлагаемого,proposé
29152,proposal,предложено,proposition
29153,proposal,предложено,proposé
29154,proposal,предлагаемый,no_equality
29155,proposal,внесенное,proposition
29156,proposal,предложенный,proposition
29157,proposal,представлению,proposition
29158,proposal,представлению,demande
29159,proposal,представлению,rapport
29160,proposal,проект,proposition
29161,proposal,проект,projet
29162,proposal,проект,texte
29163,proposal,проект,initiative
29164,evading,уклонение,évasion
29165,evading,избежание,évitement
29166,evading,уклоняющийся,no_equality
29167,melenas,елена,elena
29168,melenas,елена,hélène
29169,melenas,елена,helena
29170,melenas,элена,elena
29171,melenas,элена,hélène
29172,melenas,элена,helena
29173,melenas,елены,elena
29174,melenas,елены,helena
29175,melenas,елену,elena
29176,melenas,елену,hélène
29177,melenas,елену,helena
29178,melenas,еленой,elena
29179,melenas,еленой,hélène
29180,melenas,еленой,helena
29181,melenas,елене,helena
29182,melenas,лена,elena
29183,melenas,эленой,elena
29184,melenas,элене,no_equality
29185,melenas,элены,elena
29186,melenas,элену,elena
29187,armlet,браслет,brassard
29188,armlet,браслет,bracelet
29189,armlet,нарукавная повязка,no_equality
29190,valleys,долины,no_equality
29191,valleys,долинах,vallée
29192,valleys,долин,vallée
29193,valleys,долин,plaine
29194,valleys,долинами,no_equality
29195,valleys,долинам,no_equality
29196,valleys,спады,no_equality
29197,valleys,долине,vallée
29198,slumbers,дремлет,no_equality
29199,nourishment,питание,nourriture
29200,nourishment,питание,alimentation
29201,nourishment,питание,aliment
29202,nourishment,питание,nutrition
29203,nourishment,пища,nourriture
29204,nourishment,пища,aliment
29205,nourishment,пропитание,nourriture
29206,nourishment,пропитание,nourrissent
29207,nourishment,питательные вещества,no_equality
29208,nourishment,обеспечению продовольствием,nourriture
29209,nourishment,обеспечению продовольствием,alimentation
29210,nourishment,питают,nourrissent
29211,nourishment,питаться,no_equality
29212,nourishment,напитать,no_equality
29213,Montereys,монтерей,monterrey
29214,Montereys,монтерей,monterey
29215,Montereys,монтерее,monterrey
29216,Montereys,монтерее,monterey
29217,Montereys,монтеррей,monterrey
29218,Montereys,монтеррейского,no_equality
29219,Montereys,монтеррее,monterrey
29220,Montereys,монтеррее,monterey
29221,Montereys,монтеррейском,no_equality
29222,Montereys,монтерея,monterrey
29223,Montereys,монтеррея,monterrey
29224,Montereys,монтеррея,monterey
29225,Montereys,монтеррейской,monterrey
29226,Montereys,монтеррейский,monterrey
29227,Montereys,монтерейского,no_equality
29228,Montereys,монтерейском,no_equality
29229,Montereys,монтереем,no_equality
29230,Montereys,монтерейский,monterrey
29231,beery,пивной,no_equality
29232,beery,подвыпивший,no_equality
29233,wholesomely,здоровый,no_equality
29234,wholesomely,полноценное,no_equality
29235,wholesomely,хорошего качества,no_equality
29236,wholesomely,благотворную,no_equality
29237,wholesomely,благоразумны,no_equality
29238,wholesomely,безопасном,no_equality
29239,wholesomely,цельного,no_equality
29240,wholesomely,здравомыслящих,no_equality
29241,wholesomely,полноценному,no_equality
29242,wholesomely,полноценными,no_equality
29243,wholesomely,полезный,no_equality
29244,magisterially,магистратских,no_equality
29245,magisterially,магистратов,no_equality
29246,magisterially,магистратского,no_equality
29247,magisterially,мировых,no_equality
29248,magisterially,мировом,no_equality
29249,resurrected,возрожденный,no_equality
29250,mouthing,изречение,no_equality
29251,mouthing,шевеля губами,no_equality
29252,mouthing,декламирует,no_equality
29253,remunerated,вознаграждение,no_equality
29254,remunerated,оплачиваемой,no_equality
29255,remunerated,оплачивается,no_equality
29256,remunerated,оплачиваемого,rémunéré
29257,remunerated,оплачиваемых,rémunéré
29258,remunerated,оплачиваются,no_equality
29259,remunerated,оплачиваемую,no_equality
29260,remunerated,оплачиваемым,no_equality
29261,remunerated,оплачиваемый,no_equality
29262,remunerated,оплачиваемая,rémunéré
29263,remunerated,получают вознаграждения,rémunération
29264,remunerated,вознаграждается,no_equality
29265,remunerated,оплачиваться,no_equality
29266,text,текст,texte
29267,text,текст,libellé
29268,text,текст,version
29269,text,текст,projet
29270,text,текст,document
29271,text,сообщение,message
29272,text,сообщение,texto
29273,text,сообщение,sms
29274,text,документ,texte
29275,text,документ,projet
29276,text,документ,document
29277,text,смс,no_equality
29278,text,формулировка,texte
29279,text,формулировка,libellé
29280,text,формулировка,version
29281,text,тексты,texte
29282,text,тексты,version
29283,text,вариант,texte
29284,text,вариант,version
29285,text,текстовый,texte
29286,text,текстовой,textuel
29287,text,написать,no_equality
29288,text,писать,no_equality
29289,text,редакции,libellé
29290,text,редакции,version
29291,text,смску,message
29292,text,смску,texto
29293,text,смску,sms
29294,text,смс-ку,message
29295,text,смс-ку,texto
29296,text,смс-ку,sms
29297,text,смски,texte
29298,text,смски,message
29299,text,смски,texto
29300,text,смски,sms
29301,text,учебник,no_equality
29302,text,тема,no_equality
29303,undressing,раздевание,no_equality
29304,undressing,раздеваться,no_equality
29305,undressing,раздевать,no_equality
29306,undressing,раздевает,no_equality
29307,undressing,раздевается,se déshabiller
29308,undressing,раздевается,se déshabille
29309,undressing,раздеваешься,te déshabilles
29310,undressing,раздевают,no_equality
29311,undressing,раздевала,no_equality
29312,undressing,разделся,no_equality
29313,undressing,раздеть,no_equality
29314,undressing,раздеваюсь,no_equality
29315,undressing,раздеться,no_equality
29316,undressing,раздеваешь,no_equality
29317,undressing,раздевался,no_equality
29318,undressing,какты раздевал,no_equality
29319,robotic,роботизированный,no_equality
29320,robotic,робототехнический,no_equality
29321,robotic,автоматический,no_equality
29322,agonies,агонии,agonie
29323,agonies,агонии,martyre
29324,agonies,агонии,agonisant
29325,agonies,ужасов,no_equality
29326,agonies,муки,souffrance
29327,agonies,муки,agonie
29328,agonies,муки,affres
29329,infertility,бесплодие,infertilité
29330,infertility,бесплодие,stérilité
29331,infertility,неплодородие,infertilité
29332,infertility,бесплодии,no_equality
29333,infertility,бесплодности,no_equality
29334,snowboards,сноуборды,no_equality
29335,snowboards,сноубордах,no_equality
29336,snowboards,сноубордов,snowboard
29337,snowboards,сноуборд,snowboard
29338,debilitation,истощение,no_equality
29339,penalizes,предусматривает наказание за,sanctionne
29340,penalizes,предусматривает наказание за,punit
29341,penalizes,предусматривает наказание за,réprime
29342,penalizes,предусматривается наказание за,sanctionne
29343,penalizes,предусматривается наказание за,punit
29344,penalizes,предусматривается наказание за,réprime
29345,penalizes,наказывает,pénalise
29346,penalizes,наказывает,sanctionne
29347,penalizes,наказывает,punit
29348,penalizes,карает,sanctionne
29349,penalizes,карает,punit
29350,penalizes,предусматривает уголовное наказание за,réprime
29351,penalizes,предусматривает уголовное наказание за,érige en infraction
29352,penalizes,предусмотрены наказания за,sanctionne
29353,penalizes,предусмотрены наказания за,punit
29354,penalizes,предусмотрены наказания за,réprime
29355,penalizes,предусмотрено наказание за,sanctionne
29356,penalizes,предусмотрено наказание за,punit
29357,penalizes,предусмотрено наказание за,réprime
29358,penalizes,устанавливает наказание за,no_equality
29359,penalizes,предусматривает ответственность за,sanctionne
29360,penalizes,предусматривает ответственность за,réprime
29361,penalizes,предусматривает санкции за,sanctionne
29362,penalizes,объявляет уголовно наказуемым,no_equality
29363,penalizes,предусматривает наказание в отношении,no_equality
29364,penalizes,предусматривается уголовная ответственность за,réprime
29365,penalizes,предусматривается уголовная ответственность за,érige en infraction
29366,penalizes,предусмотрены меры наказания за,sanctionne
29367,penalizes,предусматриваются наказания,sanctionne
29368,penalizes,предусматриваются наказания,punit
29369,penalizes,предусматриваются наказания,réprime
29370,busting,рвали,no_equality
29371,busting,вытаскивает,no_equality
29372,busting,ворвалась,no_equality
29373,busting,вломились,no_equality
29374,busting,этот взрыв,no_equality
29375,busting,арестовывая,no_equality
29376,busting,прерываю,no_equality
29377,busting,рву,no_equality
29378,busting,ворвался,no_equality
29379,busting,доставать,emmerder
29380,busting,рвал,no_equality
29381,busting,надрываю,no_equality
29382,busting,вытащим,no_equality
29383,busting,надрываюсь,no_equality
29384,busting,прикалываюсь,no_equality
29385,conductor,проводник,conducteur
29386,conductor,проводник,contrôleur
29387,conductor,проводник,passeur
29388,conductor,дирижёр,chef d'orchestre
29389,conductor,кондуктор,conducteur
29390,conductor,кондуктор,chef de train
29391,conductor,кондуктор,contrôleur
29392,conductor,дирижера,no_equality
29393,conductor,дирижером,chef d'orchestre
29394,conductor,машинист,conducteur
29395,conductor,проводница,no_equality
29396,conductor,дирижеру,no_equality
29397,conductor,проводнику,no_equality
29398,conductor,провода,fil
29399,France,франция,français
29400,France,франция,pari
29401,France,франс,no_equality
29402,France,французский,no_equality
29403,France,франции,français
29404,France,францией,français
29405,France,во францию,no_equality
29406,France,французским,no_equality
29407,France,france,no_equality
29408,France,французской,no_equality
29409,France,метрополии,métropole
29410,France,французских,no_equality
29411,France,французского,no_equality
29412,France,французская,français
29413,France,французская,france
29414,France,испания,espagne
29415,France,французы,français
29416,gyros,гироскопы,no_equality
29417,gyros,гироскопов,gyroscope
29418,coordinating,координирующий,coordination
29419,coordinating,увязывающий,no_equality
29420,coordinating,координационный,coordination
29421,coordinating,координационный,coordonner
29422,coordinating,координационный,coordonnateur
29423,coordinating,координация,coordination
29424,coordinating,координация,coordonner
29425,coordinating,координация,coordonnent
29426,leaching,выщелачивание,lixiviation
29427,leaching,выщелачивание,lessivage
29428,leaching,вымывание,no_equality
29429,leaching,выщелачивании,no_equality
29430,leaching,щелочного,no_equality
29431,leaching,промывки,lessivage
29432,leaching,промывки,lavage
29433,leaching,выщелачиваемых,no_equality
29434,melodramatic,мелодраматический,no_equality
29435,compressed,сжатый,comprimé
29436,compressed,сжатый,compressé
29437,compressed,обжатый,no_equality
29438,compressed,спрессованный,no_equality
29439,compressed,упакованный,no_equality
29440,compressed,компрессированный,no_equality
29441,compressed,сдавленный,no_equality
29442,spares,запчасти,no_equality
29443,colleagues,единомышленник,no_equality
29444,cauliflowers,цветная капуста,chou-fleur
29445,seizure,изъятие,saisie
29446,seizure,изъятие,confiscation
29447,seizure,захват,saisie
29448,seizure,захват,prise
29449,seizure,захват,capture
29450,seizure,захват,conquête
29451,seizure,захват,mainmise
29452,seizure,наложение ареста,saisie
29453,seizure,заклинивание,grippage
29454,seizure,припадок,crise
29455,seizure,припадок,attaque
29456,seizure,припадок,épilepsie
29457,seizure,припадок,convulsion
29458,seizure,судороги,crise
29459,seizure,судороги,convulsion
29460,seizure,занятие,no_equality
29461,seizure,отторжение,no_equality
29462,seizure,завоевание,conquête
29463,seizure,опись,no_equality
29464,seizure,схватывание,no_equality
29465,seizure,апоплексический удар,attaque
29466,christian,христианский,chrétien
29467,christian,христианин,chrétien
29468,christian,христианство,chrétien
29469,christian,христианство,christianisme
29470,christian,христианство,chrétienté
29471,christian,христианкой,chrétien
29472,christian,по-христиански,chrétien
29473,christian,кристиан,christian
29474,christian,кристиана,no_equality
29475,christian,кристианом,christian
29476,christian,кристиану,no_equality
29477,christian,раб божий,no_equality
29478,christian,христиански,chrétien
29479,christian,christian,no_equality
29480,christian,крисчен,christian
29481,christian,христиана,no_equality
29482,immigrants,иммигрантов,immigrant
29483,immigrants,иммигрантов,immigré
29484,immigrants,иммигрантов,migrant
29485,immigrants,иммигрантов,immigration
29486,immigrants,иммигрантов,émigré
29487,immigrants,иммигранты,immigrant
29488,immigrants,иммигранты,immigré
29489,immigrants,иммигранты,migrant
29490,immigrants,иммигранты,immigration
29491,immigrants,иммигрантам,immigrant
29492,immigrants,иммигрантам,immigré
29493,immigrants,иммигрантам,immigration
29494,immigrants,иммигрантами,immigrant
29495,immigrants,иммигрантами,immigré
29496,immigrants,иммигрантами,migrant
29497,immigrants,иммигрантами,immigration
29498,immigrants,мигрантов,immigrant
29499,immigrants,мигрантов,immigré
29500,immigrants,мигрантов,migrant
29501,immigrants,мигрантов,immigration
29502,immigrants,мигрантов,émigrant
29503,immigrants,иммигрантах,immigrant
29504,immigrants,иммигрантах,immigré
29505,immigrants,эмигрантов,immigrant
29506,immigrants,эмигрантов,migrant
29507,immigrants,эмигрантов,émigré
29508,immigrants,эмигрантов,émigrant
29509,immigrants,эмигранты,no_equality
29510,immigrants,мигранты,immigré
29511,immigrants,мигранты,migrant
29512,immigrants,мигранты,émigré
29513,immigrants,мигрантами,immigrant
29514,immigrants,мигрантами,immigré
29515,immigrants,мигрантами,migrant
29516,immigrants,мигрантами,émigré
29517,immigrants,женщин-иммигрантов,immigrant
29518,immigrants,мигрантам,migrant
29519,immigrants,переселенцев,migrant
29520,immigrants,эмигрантам,immigrant
29521,immigrants,эмигрантами,émigré
29522,immigrants,эмигрантами,émigrant
29523,coals,угли,charbon
29524,coals,угли,braise
29525,coals,углей,charbon
29526,coals,углям,braise
29527,coals,угля,charbon
29528,coals,углях,braise
29529,coals,уголь,charbon
29530,coals,уголь,braise
29531,coals,углями,no_equality
29532,coals,угле,charbon
29533,coals,coals,no_equality
29534,coals,углем,charbon
29535,coals,косточки,no_equality
29536,coals,гумусовые,no_equality
29537,stage,этап,étape
29538,stage,этап,stade
29539,stage,этап,phase
29540,stage,этап,moment
29541,stage,стадия,étape
29542,stage,стадия,stade
29543,stage,стадия,phase
29544,stage,сцена,scène
29545,stage,ступени,étape
29546,stage,ступени,niveau
29547,stage,момент,stade
29548,stage,момент,moment
29549,stage,момент,temps
29550,stage,фаза,étape
29551,stage,фаза,phase
29552,stage,ступень,étape
29553,stage,театр,scène
29554,stage,театр,théâtre
29555,stage,сценический,no_equality
29556,stage,инсценировать,no_equality
29557,stage,арене,scène
29558,stage,основу,no_equality
29559,stage,почву,no_equality
29560,stage,арену,scène
29561,stage,организовывать,no_equality
29562,stage,поставить на сцене,no_equality
29563,stage,дилижанс,no_equality
29564,stage,подмостки,no_equality
29565,stage,платформа,no_equality
29566,stage,каскад,no_equality
29567,stage,рампа,no_equality
29568,stage,этап работы,no_equality
29569,ramps,пандусы,rampe
29570,ramps,пандусов,no_equality
29571,ramps,рампы,rampe
29572,ramps,пандусами,no_equality
29573,ramps,аппарели,rampe
29574,ramps,аппарелей,no_equality
29575,ramps,рамп,no_equality
29576,ramps,скатов,no_equality
29577,ramps,скатами,no_equality
29578,ramps,пандуса,rampe
29579,ramps,пандусам,no_equality
29580,ramps,рампу,rampe
29581,ramps,рампами,no_equality
29582,ramps,рампам,no_equality
29583,ramps,пандус,no_equality
29584,humid,влажный,humide
29585,humid,влажный,mouillé
29586,humid,влажный,moite
29587,humid,влажностный,no_equality
29588,humid,гумидный,no_equality
29589,naturalizing,натурализация,naturalisation
29590,naturalizing,натурализацией,naturalisation
29591,frigidly,жестко,no_equality
29592,frigidly,строго,no_equality
29593,Orlandoes,"""орлэндоз""",no_equality
29594,confronts,сталкивается с,no_equality
29595,confronts,ставит перед,confronte
29596,confronts,сталкиваются,no_equality
29597,confronts,стоит перед,confrontés
29598,confronts,стоит перед,est confronté à
29599,confronts,противостоит,no_equality
29600,confronts,сталкиваемся,fait face
29601,confronts,столкнулся с,affronte
29602,confronts,столкнулся с,est confronté à
29603,confronts,противостоят,no_equality
29604,confronts,столкнётся с,no_equality
29605,confronts,конфликтует с,no_equality
29606,confronts,выступает против,no_equality
29607,confronts,встречается с,no_equality
29608,confronts,спорит с,no_equality
29609,Labradors,лабрадоров,labrador
29610,retardants,антипиренов,retardateur
29611,retardants,составами,no_equality
29612,retardants,составов,no_equality
29613,retardants,составам,no_equality
29614,retardants,огнестойких добавок,no_equality
29615,retardants,ингибиторы горения,no_equality
29616,retardants,антипиренах,no_equality
29617,retardants,ингибиторов,no_equality
29618,jackrabbits,кролики,no_equality
29619,jackrabbits,зайцы,lièvre
29620,summerize,обобщить,no_equality
29621,summerize,резюмировать,no_equality
29622,summerize,суммировать,no_equality
29623,summerize,обобщать,no_equality
29624,summerize,кратко изложить,no_equality
29625,summerize,резюме,no_equality
29626,summerize,подытожить,no_equality
29627,summerize,подводить итог,no_equality
29628,summerize,обобщения,no_equality
29629,summerize,резюмируются,no_equality
29630,summerize,кратко изложены,no_equality
29631,summerize,обобщаются,no_equality
29632,summerize,вкратце изложить,no_equality
29633,summerize,обобщение,no_equality
29634,beginners,начинающий лыжник,débutant
29635,beginners,дебютанты,no_equality
29636,beginners,начинающие горнолыжники,no_equality
29637,navigating,навигация,no_equality
29638,navigating,управление,no_equality
29639,navigating,навигационный,no_equality
29640,suctorial,секторальный,no_equality
29641,suctorial,отраслевой,no_equality
29642,ethnologist,этнолог,no_equality
29643,yacht,яхта,yacht
29644,yacht,яхта,bateau
29645,yacht,яхта,voilier
29646,yacht,yacht,no_equality
29647,parses,анализирует,analyse
29648,ransoming,выкуп за,no_equality
29649,gutted,опустошенный,no_equality
29650,convertibility,конвертируемость,convertibilité
29651,convertibility,обратимость,convertibilité
29652,convertibility,неконвертируемости валюты,no_equality
29653,convertibility,конвертацию,no_equality
29654,nagger,кинжал,no_equality
29655,nagger,нож,no_equality
29656,nagger,крестик,no_equality
29657,nagger,заколоть,no_equality
29658,nagger,помечать крестиком,no_equality
29659,nagger,кинжалу,no_equality
29660,nagger,клинок,no_equality
29661,calisthenic,гимнастика,no_equality
29662,flimsiness,непрочность,fragilité
29663,masked,в маске,masqué
29664,masked,замаскированный,masqué
29665,masked,скрывает,no_equality
29666,masked,маскирует,no_equality
29667,masked,скрываются,no_equality
29668,masked,скрывали,no_equality
29669,masked,замаскированы,no_equality
29670,masked,маскируется,masqué
29671,masked,скрывало,no_equality
29672,masked,замаскировал,no_equality
29673,masked,маскируются,no_equality
29674,masked,с маской ввода,no_equality
29675,masked,маскируют,no_equality
29676,masked,маскировал,no_equality
29677,polarizing,поляризационный,no_equality
29678,polarizing,поляризационного,no_equality
29679,polarizing,поляризации,no_equality
29680,polarizing,поляризация,no_equality
29681,polarizing,поляризующим,no_equality
29682,polarizing,поляризующих общество,no_equality
29683,polarizing,тенденциозной,no_equality
29684,obviation,устранение,no_equality
29685,body_guard,телохранитель,garde du corps
29686,body_guard,охранник,gardien
29687,body_guard,охраны,garde du corps
29688,emergence,появление,émergence
29689,emergence,появление,apparition
29690,emergence,появление,naissance
29691,emergence,появление,avènement
29692,emergence,появление,arrivée
29693,emergence,возникновение,émergence
29694,emergence,возникновение,apparition
29695,emergence,возникновение,survenance
29696,emergence,формирование,apparition
29697,emergence,формирование,développement
29698,emergence,создание,création
29699,emergence,создание,développement
29700,emergence,выход,apparition
29701,emergence,выход,sortie
29702,emergence,превращение,no_equality
29703,emergence,становлению,émergence
29704,emergence,становления,émergence
29705,emergence,становления,création
29706,emergence,появились,apparition
29707,emergence,появились,arrivée
29708,emergence,зарождения,émergence
29709,emergence,зарождения,apparition
29710,emergence,зарождения,naissance
29711,emergence,зарождения,création
29712,emergence,всхожести,no_equality
29713,blocker,блокатор,bloqueur
29714,blocker,блокировщик,no_equality
29715,blocker,блокирующий,no_equality
29716,censures,порицаний,no_equality
29717,censures,порицание,no_equality
29718,censures,порицания,censure
29719,censures,выговора,no_equality
29720,aneurysmal,аневризматический,no_equality
29721,maturing,созревание,maturation
29722,maturing,взросление,no_equality
29723,maturing,повзрослел,no_equality
29724,maturing,зрелости,maturation
29725,maturing,зрелости,maturité
29726,maturing,взрослеешь,no_equality
29727,maturing,созревают,no_equality
29728,maturing,со сроком погашения,no_equality
29729,maturing,взрослею,no_equality
29730,maturing,наступающим сроком погашения,no_equality
29731,maturing,выдержки,no_equality
29732,maturing,наступающими сроками погашения,no_equality
29733,maturing,срок погашения которых наступил,no_equality
29734,maturing,взрослеет,no_equality
29735,honorariums,гонораров,no_equality
29736,honorariums,гонорарах,honoraire
29737,honorariums,гонорары,honoraire
29738,honorariums,выплаты вознаграждения,honoraire
29739,honorariums,выплату вознаграждения,honoraire
29740,honorariums,вознаграждением,no_equality
29741,prolonged,длительный,prolongé
29742,prolonged,длительный,longue
29743,prolonged,длительный,durable
29744,prolonged,затяжной,prolongé
29745,prolonged,затяжной,longue
29746,prolonged,затяжной,long
29747,prolonged,затяжной,interminable
29748,prolonged,протяжный,no_equality
29749,prolonged,затянувшийся,prolongé
29750,prolonged,затянувшийся,longue
29751,prolonged,затянувшийся,long
29752,prolonged,продленный,no_equality
29753,prolonged,продолженный,no_equality
29754,prolonged,продлеваемый,no_equality
29755,agile,проворный,agile
29756,agile,подвижный,no_equality
29757,agile,гибкость,no_equality
29758,agile,гибкой,souple
29759,agile,гибкой,souplesse
29760,agile,гибкой,flexible
29761,agile,гибких,souple
29762,agile,гибких,souplesse
29763,agile,гибких,flexible
29764,agile,гибкими,souple
29765,agile,гибкими,souplesse
29766,agile,проворен,no_equality
29767,agile,динамичной,no_equality
29768,agile,гибкого,souple
29769,agile,гибкого,souplesse
29770,agile,гибкого,flexible
29771,agile,гибким,agile
29772,agile,гибким,souple
29773,agile,гибким,souplesse
29774,agile,гибким,flexible
29775,agile,динамичными,no_equality
29776,agile,гибкая,souple
29777,agile,гибкая,souplesse
29778,agile,гибкая,flexible
29779,agile,ловкие,no_equality
29780,agile,маневренным,no_equality
29781,agile,agile,no_equality
29782,dichotomies,дихотомия,dichotomie
29783,dichotomies,дихотомий,dichotomie
29784,meekness,смиренность,humilité
29785,eroded,эродированный,no_equality
29786,eroded,разрушенный,no_equality
29787,eroded,выветренный,no_equality
29788,eroded,смытый,no_equality
29789,eroded,размытый,no_equality
29790,eroded,эрозированный,no_equality
29791,shreds,клочья,no_equality
29792,shreds,куски,no_equality
29793,shreds,кусочки,en pièces
29794,shreds,кусочки,en morceaux
29795,shreds,клочки,déchiqueté
29796,shreds,лоскуты,no_equality
29797,shreds,пух и прах,no_equality
29798,shreds,обрывки,no_equality
29799,shreds,лоскутки,no_equality
29800,shreds,по кусочкам,en morceaux
29801,shreds,обрезков шин,no_equality
29802,shreds,измельченных,no_equality
29803,funds,средств,fond
29804,funds,средств,ressource
29805,funds,средств,crédit
29806,funds,средств,capital
29807,funds,средств,avoir
29808,funds,средства,fond
29809,funds,средства,ressource
29810,funds,средства,crédit
29811,funds,средства,somme
29812,funds,средства,budget
29813,funds,фондов,fond
29814,funds,фондов,ressource
29815,funds,фондов,financement
29816,funds,фондов,caisse
29817,funds,фондов,capital
29818,funds,фонды,fond
29819,funds,фонды,financement
29820,funds,фонды,caisse
29821,funds,фонды,capital
29822,funds,фондами,fond
29823,funds,фондами,caisse
29824,funds,фондам,fond
29825,funds,средствами,fond
29826,funds,средствами,ressource
29827,funds,средствами,financement
29828,funds,фондах,fond
29829,funds,фондах,funds
29830,funds,финансовые средства,fond
29831,funds,финансовые средства,financement
29832,funds,финансовые средства,crédit
29833,funds,финансовые средства,argent
29834,funds,финансовые средства,moyens financiers
29835,funds,ресурсов,fond
29836,funds,ресурсов,ressource
29837,funds,ресурсов,financement
29838,funds,ресурсов,crédit
29839,funds,ресурсов,capital
29840,funds,финансирования,fond
29841,funds,финансирования,financement
29842,funds,финансирования,crédit
29843,funds,фонда,fond
29844,funds,средствам,financement
29845,funds,финансирует,financement
29846,funds,финансирует,finance
29847,funds,фонд,fond
29848,Tigriss,тигрица,tigresse
29849,Tigriss,тигрицу,no_equality
29850,Tigriss,тигра,tigresse
29851,Tigriss,мускус,no_equality
29852,marksmanship,меткость,no_equality
29853,marksmanship,меткая стрельба,no_equality
29854,marksmanship,по стрельбе,no_equality
29855,marksmanship,стрельбы,no_equality
29856,marksmanship,стрельбой,no_equality
29857,marksmanship,меткую стрельбу,no_equality
29858,competitiveness,конкурентоспособность,no_equality
29859,competitiveness,конкурентность,no_equality
29860,competitiveness,конкурентоспособность предприятия,compétitivité
29861,competitiveness,конкурентоспособность предприятия,concurrence
29862,competitiveness,конкурентоспособность предприятия,position concurrentielle
29863,competitiveness,конкурентная способность,no_equality
29864,competitiveness,конкурентный,no_equality
29865,exploiter,эксплуататор,no_equality
29866,exploiter,эксплуататорша,no_equality
29867,exploiter,эксплуататором,no_equality
29868,curled,загнутый,no_equality
29869,curled,скрученный,no_equality
29870,curled,завитой,no_equality
29871,curled,курчавый,frisé
29872,conning,управление судном,no_equality
29873,conning,"""коннинг эссет менеджмент лимитед""",no_equality
29874,conning,"""коннинг эссет менеджмент""",no_equality
29875,conning,обмануть,no_equality
29876,conning,обманывает,dupe
29877,conning,обманывает,duper
29878,conning,дурачит,no_equality
29879,conning,"компания ""коннинг""",no_equality
29880,conning,подставляет,no_equality
29881,conning,разводишь,arnaque
29882,conning,обманываешь,dupe
29883,Tyrol,тироль,tyrol
29884,Tyrol,тироле,no_equality
29885,Tyrol,тироля,no_equality
29886,Tyrol,тирольской,no_equality
29887,Tyrol,tyrol,no_equality
29888,Tyrol,тиролю,no_equality
29889,Tyrol,тиролем,no_equality
29890,quadratics,формулы,no_equality
29891,Thai,тайский,no_equality
29892,Thai,таиландский,thaïlandais
29893,Thai,таиланда,thaï
29894,Thai,таиланда,thaïlande
29895,Thai,таиланда,thaïlandais
29896,Thai,таиланде,thaïlandais
29897,Thai,тай,no_equality
29898,Thai,тайландский,thaïlandais
29899,Thai,таец,thaïlandais
29900,Thai,тайцы,thaïlandais
29901,Thai,тайский язык,thaï
29902,Thai,тайки,no_equality
29903,Thai,таиландскими,no_equality
29904,Thai,по-тайски,thaï
29905,Thai,таиландом,thaïlande
29906,woman,женщина,femme
29907,woman,женщина,fille
29908,woman,женщина,dame
29909,woman,женщина,nana
29910,woman,женщина,féminin
29911,woman,женщина,épouse
29912,woman,женщины,femme
29913,woman,женщины,fille
29914,woman,женщины,dame
29915,woman,женщины,mère
29916,woman,женщины,féminine
29917,woman,девушка,femme
29918,woman,девушка,fille
29919,woman,девушка,dame
29920,woman,девушка,nana
29921,woman,девушка,celle
29922,woman,баба,femme
29923,woman,баба,nana
29924,woman,девушки,no_equality
29925,woman,дама,femme
29926,woman,дама,dame
29927,woman,дамочка,femme
29928,woman,той,no_equality
29929,woman,которой,no_equality
29930,woman,которую,celle
29931,woman,гражданка,no_equality
29932,woman,кого,no_equality
29933,woman,кем,autre
29934,woman,кем,personne
29935,woman,подружка,fille
29936,woman,подружка,nana
29937,woman,подружка,maîtresse
29938,woman,служанка,no_equality
29939,samsaras,самара,samara
29940,samsaras,самарской,no_equality
29941,samsaras,самаре,samara
29942,samsaras,самарский,no_equality
29943,samsaras,самары,no_equality
29944,samsaras,самарского,no_equality
29945,samsaras,самарскую,no_equality
29946,samsaras,самарском,no_equality
29947,samsaras,самару,samara
29948,streetcars,трамваи,tram
29949,streetcars,трамваи,les voitures
29950,streetcars,трамваях,no_equality
29951,formality,формальность,formalité
29952,formality,формальности,formalité
29953,formality,формальности,formalisme
29954,formality,формальный характер,no_equality
29955,formality,официальности,no_equality
29956,formality,формального характера,formelle
29957,formality,формальное требование,formelle
29958,formality,счётов,no_equality
29959,weekly,еженедельный,hebdomadaire
29960,weekly,недельный,hebdomadaire
29961,weekly,еженедельно,no_equality
29962,weekly,еженедельник,hebdomadaire
29963,weekly,недели,hebdomadaire
29964,weekly,каждую неделю,chaque semaine
29965,weekly,каждую неделю,toutes les semaines
29966,weekly,уикли,no_equality
29967,weekly,еженедельный журнал,hebdomadaire
29968,weekly,weekly,no_equality
29969,coronaries,коронарные артерии,no_equality
29970,boosted,росту,no_equality
29971,boosted,увеличению,no_equality
29972,boosted,укрепила,no_equality
29973,boosted,угнал,no_equality
29974,boosted,увеличены,augmenté
29975,boosted,увеличила,no_equality
29976,boosted,укрепило,no_equality
29977,boosted,стимулировался,no_equality
29978,boosted,повысили,no_equality
29979,smoothing,сглаживание,lissage
29980,smoothing,заглаживание,no_equality
29981,smoothing,выглаживание,no_equality
29982,smoothing,осреднение,no_equality
29983,smoothing,разравнивание,no_equality
29984,smoothing,сглаживающий,no_equality
29985,smoothing,смягчающий,no_equality
29986,smoothing,выравнивающий,no_equality
29987,simultaneously,одновременно,simultanément
29988,simultaneously,одновременно,en même temps
29989,simultaneously,одновременно,au même moment
29990,simultaneously,одновременно,conjointement
29991,simultaneously,одновременно,de façon simultanée
29992,simultaneously,параллельно,simultanément
29993,simultaneously,параллельно,parallèlement
29994,simultaneously,параллельно,front
29995,simultaneously,параллельно,parallèle
29996,simultaneously,параллельно,conjointement
29997,simultaneously,одновременного,no_equality
29998,simultaneously,одновременном,no_equality
29999,simultaneously,одновременное,no_equality
30000,simultaneously,одновременной,no_equality
30001,simultaneously,одновременным,no_equality
30002,simultaneously,одновременному,no_equality
30003,simultaneously,то же время,no_equality
30004,simultaneously,наряду,parallèlement
30005,simultaneously,наряду,conjointement
30006,simultaneously,одновременную,no_equality
30007,simultaneously,синхронно,no_equality
30008,simultaneously,сразу,foi
30009,simultaneously,одновременный,no_equality
30010,simultaneously,одновременных,no_equality
30011,spattering,разбрызгивание,no_equality
30012,gusher,фонтанирующая скважина,no_equality
30013,gusher,фонтан крови,no_equality
30014,immunities,иммунитетов,immunité
30015,immunities,иммунитетах,immunité
30016,immunities,иммунитеты,immunité
30017,immunities,иммунитетами,immunité
30018,immunities,иммунитета,immunité
30019,immunities,иммунитетам,no_equality
30020,immunities,иммунитет,immunité
30021,immunities,иммунитетом,immunité
30022,immunities,иммунитете,no_equality
30023,immunities,неприкосновенность,immunité
30024,hibernate,зимовать,no_equality
30025,hibernate,быть в спящем режиме,no_equality
30026,hibernate,впадают в спячку,no_equality
30027,hibernate,hibernate,no_equality
30028,hibernate,спячке,no_equality
30029,hibernate,спят,no_equality
30030,bragging,хвастался,no_equality
30031,bragging,хвастаться,no_equality
30032,bragging,хвастаюсь,no_equality
30033,bragging,хвастовство,vantardise
30034,bragging,хвастовство,se vanter
30035,bragging,бахвальство,no_equality
30036,bragging,треплется,no_equality
30037,bragging,хвалюсь,no_equality
30038,bragging,хвастается,no_equality
30039,bragging,хвасталась,se vantait
30040,bragging,похвастаться,no_equality
30041,bragging,хвастаются,no_equality
30042,bragging,хвастал,no_equality
30043,bragging,хвастаясь,no_equality
30044,bragging,хвастать,no_equality
30045,bragging,хвастаешься тем,no_equality
30046,chunks,куски,morceau
30047,chunks,куски,bout
30048,chunks,кусочки,morceau
30049,chunks,кусочки,fragment
30050,chunks,кусочки,bout
30051,chunks,кусками,morceau
30052,chunks,кусками,tranche
30053,chunks,кусочками,morceau
30054,chunks,кусочками,bout
30055,chunks,глыбы,bloc
30056,chunks,отрезки,no_equality
30057,chunks,фрагментов,fragment
30058,chunks,вырвет,no_equality
30059,chunks,фрагменты,morceau
30060,chunks,фрагменты,fragment
30061,chunks,стошнило,no_equality
30062,chunks,ананаса,no_equality
30063,chunks,проблевался,no_equality
30064,chunks,брусочков,no_equality
30065,antiquate,устаревший,no_equality
30066,antiquate,устарелый,no_equality
30067,antiquate,старомодный,no_equality
30068,antiquate,ветхозаветный,no_equality
30069,antiquate,дедовский,no_equality
30070,antiquate,устарели,no_equality
30071,antiquate,старинной,no_equality
30072,antiquate,древней,no_equality
30073,thawed,растаял,no_equality
30074,thawed,разморозили,décongelé
30075,thawed,мерзлоты,no_equality
30076,thawed,оттаяли,no_equality
30077,thawed,разморожено,no_equality
30078,thawed,размораживать,no_equality
30079,thawed,оттает,no_equality
30080,clauses,положения,clause
30081,clauses,положения,disposition
30082,clauses,положения,article
30083,clauses,положений,clause
30084,clauses,положений,disposition
30085,clauses,положений,article
30086,clauses,оговорки,clause
30087,clauses,клаузулы,clause
30088,clauses,клаузул,clause
30089,clauses,оговорок,clause
30090,clauses,положениями,clause
30091,clauses,положениями,disposition
30092,clauses,положениями,article
30093,clauses,положениях,disposition
30094,clauses,положениям,no_equality
30095,clauses,статей,disposition
30096,clauses,статей,article
30097,clauses,условий,no_equality
30098,clauses,статьи,disposition
30099,clauses,статьи,article
30100,clauses,статьи,paragraphe
30101,clauses,условия,no_equality
30102,clauses,клаузулами,clause
30103,clauses,оговорками,no_equality
30104,thaws,оттает,no_equality
30105,thaws,тает,no_equality
30106,thaws,оттаивает,no_equality
30107,thaws,растает,dégel
30108,weirdness,странность,bizarrerie
30109,weirdness,странность,étrangeté
30110,weirdness,сверхъестественность,no_equality
30111,splashed,обрызгал,a aspergé
30112,splashed,плеснул,no_equality
30113,splashed,плеснули,no_equality
30114,splashed,приводнились,no_equality
30115,splashed,забрызгали,no_equality
30116,splashed,обливали,no_equality
30117,splashed,разбрызгал,no_equality
30118,splashed,приводнился,no_equality
30119,splashed,облили,no_equality
30120,splashed,вас с тони все,no_equality
30121,splashed,сканью,no_equality
30122,staffing,кадры,effectif
30123,staffing,кадры,ressources humaines
30124,staffing,штатное расписание,effectif
30125,staffing,персонал,effectif
30126,staffing,персонал,ressources humaines
30127,staffing,персонал,poste
30128,staffing,персонал,employé
30129,staffing,штат,effectif
30130,staffing,кадровый состав,no_equality
30131,staffing,укомплектование,effectif
30132,staffing,укомплектование,dotation en personnel
30133,staffing,укомплектование,recrutement
30134,staffing,кадровые,no_equality
30135,staffing,укомплектования штатов,dotation en personnel
30136,staffing,укомплектования штатов,recrutement
30137,staffing,укомплектования штатов,dotation en effectifs
30138,staffing,укомплектования штатов,affectation
30139,staffing,сотрудников,effectif
30140,staffing,сотрудников,employé
30141,staffing,численности персонала,effectif
30142,staffing,укомплектования кадрами,effectif
30143,staffing,укомплектования кадрами,dotation en personnel
30144,staffing,штатных,no_equality
30145,staffing,кадрового обеспечения,dotation en personnel
30146,staffing,кадрового обеспечения,dotation en effectifs
30147,staffing,штатные,effectif
30148,staffing,штаты,no_equality
30149,staffing,укомплектование персоналом,effectif
30150,staffing,укомплектование персоналом,dotation en personnel
30151,aldehydes,альдегиды,no_equality
30152,aldehydes,альдегидов,no_equality
30153,rebounds,восстановится,no_equality
30154,Contracting,сжимающий,no_equality
30155,Contracting,Договаривающийся,no_equality
30156,Contracting,сжимающийся,no_equality
30157,Contracting,заключающий,no_equality
30158,Contracting,заключение контрактов,contrat
30159,Contracting,контрактация,no_equality
30160,Contracting,заключающий контракт,marché
30161,Contracting,заключающий контракт,contrat
30162,Contracting,Контрактирующий,no_equality
30163,Contracting,подрядный,no_equality
30164,Contracting,сократительный,no_equality
30165,Contracting,сжимаясь,no_equality
30166,bristling,ощетинившийся,no_equality
30167,diffuses,размывает,no_equality
30168,poured,налил,ai servi
30169,poured,вылил,versa
30170,poured,налила,no_equality
30171,poured,вложил,ai mis
30172,poured,залили,no_equality
30173,poured,наливал,no_equality
30174,poured,вылила,no_equality
30175,poured,вылили,no_equality
30176,poured,залил,no_equality
30177,poured,облил,no_equality
30178,poured,излил,no_equality
30179,poured,налили,no_equality
30180,poured,влил,no_equality
30181,poured,заливали,no_equality
30182,poured,полил,no_equality
30183,easy,легкий,facile
30184,easy,легкий,simple
30185,easy,легкий,aisé
30186,easy,простой,facile
30187,easy,простой,simple
30188,easy,беспрепятственный,no_equality
30189,easy,удобный,facile
30190,easy,удобный,pratique
30191,easy,удобный,commode
30192,easy,тяжело,no_equality
30193,easy,легко,facile
30194,easy,легко,simple
30195,easy,легко,aisé
30196,easy,просто,facile
30197,easy,просто,simple
30198,easy,нелегко,no_equality
30199,easy,спокойно,tranquille
30200,easy,легкое,no_equality
30201,easy,трудно,no_equality
30202,easy,тише,no_equality
30203,easy,легкие,facile
30204,easy,сложно,simple
30205,easy,легкостью,no_equality
30206,preventing,предотвращение,no_equality
30207,preventing,предупреждение,prévention
30208,preventing,недопущение,prévention
30209,preventing,профилактика,prévention
30210,preventing,профилактика,prophylaxie
30211,preventing,пресечение,no_equality
30212,preventing,предотвращении,prévention
30213,preventing,профилактики,prévention
30214,preventing,профилактики,prophylaxie
30215,preventing,предотвратить,no_equality
30216,preventing,предотвращать,no_equality
30217,preventing,препятствует,no_equality
30218,preventing,не допустить,no_equality
30219,preventing,мешает,empêche
30220,preventing,мешает,empêchent
30221,preventing,препятствуя,no_equality
30222,preventing,препятствующих,no_equality
30223,preventing,препятствуют,empêcher
30224,preventing,препятствуют,empêchent
30225,preventing,препятствование,no_equality
30226,dissenting,несогласный,no_equality
30227,dissenting,несогласие,no_equality
30228,dissenting,возражавший,no_equality
30229,heuristic,эвристический,heuristique
30230,heuristic,эвристическую,no_equality
30231,heuristic,эвристическая,no_equality
30232,holdups,ограбления,hold-up
30233,promoter,промоутер,promoteur
30234,promoter,промоутер,organisateur
30235,promoter,поборник,no_equality
30236,promoter,организатор,promoteur
30237,promoter,организатор,organisateur
30238,promoter,организатор,animateur
30239,promoter,учредитель,no_equality
30240,promoter,покровитель,no_equality
30241,promoter,сторонником,no_equality
30242,promoter,пропагандистом,promoteur
30243,promoter,промотор,no_equality
30244,promoter,пропагандиста,no_equality
30245,promoter,содействующей,no_equality
30246,promoter,проводника,no_equality
30247,packed,битком,rempli
30248,packed,битком,bondé
30249,packed,битком,bourré
30250,packed,фасованный,no_equality
30251,packed,переполненный,bondé
30252,packed,уложенный,no_equality
30253,packed,упакован,emballé
30254,packed,упакован,empaqueté
30255,packed,насыщенный,no_equality
30256,packed,полный,rempli
30257,packed,полный,plein
30258,packed,запакованный,no_equality
30259,packed,слежавшийся,no_equality
30260,packed,компонуемый,no_equality
30261,brits,британцы,no_equality
30262,brits,британцев,britannique
30263,brits,англичане,no_equality
30264,brits,британцам,no_equality
30265,brits,британцами,britannique
30266,brits,британцами,anglais
30267,brits,бритов,no_equality
30268,brits,бритты,no_equality
30269,brits,англичан,anglais
30270,smug,самодовольный,suffisant
30271,smug,самодовольный,prétentieux
30272,smug,щеголеватый,no_equality
30273,smug,довольный,no_equality
30274,smug,зубрила,no_equality
30275,trooping,двигаться всей толпой,no_equality
30276,trooping,стае воронья,no_equality
30277,PAS,ли,no_equality
30278,PAS,сса,système de notation
30279,PAS,pas,no_equality
30280,PAS,система служебной аттестации,système de notation
30281,PAS,па,pa
30282,PAS,системы служебной аттестации,système de notation
30283,PAS,отдел безопасности,no_equality
30284,PAS,пас,no_equality
30285,heaping,копить,no_equality
30286,orangutans,орангутангов,no_equality
30287,orangutans,орангутаны,no_equality
30288,orangutans,орангутанги,no_equality
30289,orangutans,орангутангами,no_equality
30290,orangutans,орангутангам,no_equality
30291,judgmental,субъективный,no_equality
30292,judgmental,критичный,critique
30293,judgmental,осуждающий,no_equality
30294,judgmental,осуждающая,no_equality
30295,judgmental,осуждающим,no_equality
30296,judgmental,осуждаю,juger
30297,judgmental,категорична,no_equality
30298,judgmental,осуждал,no_equality
30299,judgmental,предвзято,no_equality
30300,judgmental,осуждать,no_equality
30301,judgmental,осуждающе,no_equality
30302,judgmental,субъективно,no_equality
30303,judgmental,осуждает,no_equality
30304,judgmental,осуждения,no_equality
30305,disadvantages,недостатки,inconvénient
30306,disadvantages,недостатков,inconvénient
30307,disadvantages,недостатках,inconvénient
30308,disadvantages,недостатками,inconvénient
30309,disadvantages,недостатками,handicap
30310,disadvantages,проблем,difficulté
30311,disadvantages,проблем,contre
30312,disadvantages,проблем,obstacle
30313,disadvantages,неблагоприятном положении,défavorisé
30314,disadvantages,неблагоприятном положении,désavantagées
30315,disadvantages,неблагоприятное положение,désavantage
30316,disadvantages,неблагоприятное положение,handicap
30317,disadvantages,неблагоприятное положение,défavorisé
30318,disadvantages,неудобства,inconvénient
30319,disadvantages,неудобства,désagrément
30320,disadvantages,неблагоприятных факторов,no_equality
30321,disadvantages,неблагоприятных условий,désavantage
30322,disadvantages,неблагоприятные факторы,désavantage
30323,disadvantages,неблагоприятные факторы,handicap
30324,disadvantages,трудностями,difficulté
30325,disadvantages,трудностями,obstacle
30326,disadvantages,проблемами,no_equality
30327,disadvantages,трудности,difficulté
30328,disadvantages,невыгодное положение,désavantage
30329,disadvantages,невыгодное положение,handicap
30330,finance,финансирование,financement
30331,finance,финансы,finance
30332,finance,финансы,financement
30333,finance,финансы,financier
30334,finance,финансовые средства,financement
30335,finance,финансовые средства,crédit
30336,finance,финансировать,financer
30337,finance,профинансировать,financer
30338,finance,финансироваться,financer
30339,finance,оплатить,financer
30340,finance,оплатить,couvrir
30341,finance,оплатить,payer
30342,finance,финансовый,no_equality
30343,finance,финансовых средств,financement
30344,finance,финансовых средств,financier
30345,finance,финансовых средств,crédit
30346,finance,файненс,no_equality
30347,finance,finance,no_equality
30348,finance,финансовое дело,finance
30349,finance,финансовое дело,financière
30350,finance,файнэнс,no_equality
30351,moisturizing,увлажняющий,no_equality
30352,moisturizing,увлажнение,humidification
30353,Cambria,уэльс,no_equality
30354,Cambria,камбрии,no_equality
30355,Cambria,"""западная кэмбрия""",no_equality
30356,Cambria,"""кэмбрия""",no_equality
30357,Cambria,камбрию,no_equality
30358,aspirations,чаяния,aspiration
30359,aspirations,чаяния,ambition
30360,aspirations,чаяний,aspiration
30361,aspirations,чаяний,attente
30362,aspirations,устремления,aspiration
30363,aspirations,чаяниям,no_equality
30364,aspirations,устремлений,aspiration
30365,aspirations,стремление,aspiration
30366,aspirations,стремление,volonté
30367,aspirations,стремление,ambition
30368,aspirations,стремления,no_equality
30369,aspirations,надежды,no_equality
30370,aspirations,чаяниями,aspiration
30371,aspirations,чаяниями,attente
30372,aspirations,устремлениям,désir
30373,aspirations,устремлениям,ambition
30374,aspirations,стремлений,aspiration
30375,aspirations,стремлений,ambition
30376,aspirations,устремлениями,aspiration
30377,aspirations,устремлениями,ambition
30378,aspirations,чаяниях,aspiration
30379,aspirations,чаяниях,attente
30380,aspirations,надежд,aspiration
30381,aspirations,надежд,attente
30382,aspirations,целей,objectif
30383,warped,извращенный,tordu
30384,warped,извращенный,pervers
30385,warped,искривленный,no_equality
30386,communicated,сообщенный,no_equality
30387,marries,женится на,épouse
30388,marries,женится на,épousera
30389,marries,женится на,épousant
30390,marries,выходит замуж за,épouse
30391,marries,выходит замуж за,épousera
30392,marries,вышла замуж за,no_equality
30393,marries,женился на,épouser
30394,marries,вступает в брак с,no_equality
30395,marries,выйдет за,épouse
30396,marries,выйдет за,épousera
30397,marries,поженит,no_equality
30398,marries,выходя замуж за,no_equality
30399,marries,выходящая замуж за,no_equality
30400,marries,выйдет замуж за,épouse
30401,marries,выйдет замуж за,épousera
30402,marries,жениться на,épouser
30403,marries,выходит за,épouse
30404,pitiless,безжалостный,impitoyable
30405,pitiless,безжалостный,sans pitié
30406,intravenous,внутривенный,intraveineux
30407,intravenous,внутривенного введения,no_equality
30408,intravenous,инфузионных,no_equality
30409,intravenous,внутривенными,no_equality
30410,intravenous,внутривенная,no_equality
30411,legislators,законодателей,législateur
30412,legislators,законодателей,parlementaire
30413,legislators,законодателей,député
30414,legislators,законодатели,législateur
30415,legislators,законодатели,parlementaire
30416,legislators,законодателям,no_equality
30417,legislators,законодателями,législateur
30418,legislators,законодателями,parlementaire
30419,legislators,законодательных органов,législateur
30420,legislators,законодательных органов,organes législatifs
30421,legislators,законодательные органы,législateur
30422,legislators,законодательные органы,organes législatifs
30423,legislators,законодательным органам,législateur
30424,legislators,парламентариев,parlementaire
30425,legislators,парламентариев,député
30426,legislators,депутатов,parlementaire
30427,legislators,депутатов,député
30428,legislators,депутатов,élu
30429,legislators,женщин-законодателей,législateur
30430,legislators,женщин-законодателей,parlementaire
30431,legislators,законодатель,législateur
30432,legislators,законодательными органами,législateur
30433,legislators,законодательными органами,organes législatifs
30434,tropically,как правило,no_equality
30435,tropically,обычно,no_equality
30436,tropically,типично,no_equality
30437,tropically,чаще всего,no_equality
30438,tropically,характерно,no_equality
30439,tropically,типичным,no_equality
30440,tropically,типичными,no_equality
30441,tropically,типичных,no_equality
30442,tropically,традиционно,no_equality
30443,tropically,типичные,no_equality
30444,tropically,типичной,no_equality
30445,tropically,большинстве случаев,no_equality
30446,meteoric,метеорный,no_equality
30447,meteoric,ослепительный,no_equality
30448,meteoric,головокружительный,no_equality
30449,sieges,осады,siège
30450,sieges,осад,no_equality
30451,sieges,блокаду,no_equality
30452,sieges,блокад,no_equality
30453,sieges,осада,siège
30454,sieges,блокады,siège
30455,sieges,осаду,siège
30456,sieges,осадного положения,no_equality
30457,tusks,бивни,no_equality
30458,tusks,клыков,no_equality
30459,tusks,клыками,défense
30460,tusks,бивнями,no_equality
30461,tusks,клыки,no_equality
30462,tusks,слоновьих бивней,no_equality
30463,postmasters,почтмейстеров,no_equality
30464,interpret,толковать,interpréter
30465,interpret,толковать,interprétation
30466,interpret,толковать,expliquer
30467,interpret,интерпретировать,interpréter
30468,interpret,интерпретировать,interprétation
30469,interpret,истолковывать,interpréter
30470,interpret,истолковать,interpréter
30471,interpret,истолковать,interprétation
30472,interpret,трактовать,interpréter
30473,interpret,понимать,interpréter
30474,interpret,понимать,comprendre
30475,interpret,толкования,no_equality
30476,interpret,интерпретации,no_equality
30477,interpret,толковании,no_equality
30478,interpret,толкованию,no_equality
30479,interpret,переводить,traduire
30480,interpret,анализировать,no_equality
30481,interpret,перевести,traduire
30482,interpret,объяснять,expliquer
30483,interpret,толкованием,no_equality
30484,interpret,интерпретацию,no_equality
30485,extension,продление,extension
30486,extension,продление,prolongation
30487,extension,продление,prorogation
30488,extension,продление,prolongement
30489,extension,продление,allongement
30490,extension,продление,prolongée
30491,extension,расширение,extension
30492,extension,расширение,élargissement
30493,extension,расширение,agrandissement
30494,extension,расширение,expansion
30495,extension,распространение,extension
30496,extension,распространение,élargissement
30497,extension,распространение,étendue
30498,extension,распространение,expansion
30499,extension,продолжение,extension
30500,extension,продолжение,prolongation
30501,extension,продолжение,prolongement
30502,extension,увеличение,extension
30503,extension,увеличение,élargissement
30504,extension,увеличение,agrandissement
30505,extension,увеличение,expansion
30506,extension,предоставление,no_equality
30507,extension,отсрочка,délai
30508,extension,отсрочка,report
30509,extension,срок,prorogation
30510,extension,срок,délai
30511,extension,удлинение,extension
30512,extension,удлинение,prolongation
30513,extension,удлинение,prolongement
30514,extension,удлинение,allongement
30515,extension,модуль,no_equality
30516,extension,развитие,expansion
30517,extension,пролонгация,no_equality
30518,extension,пристройка,no_equality
30519,extension,продлению действия договора,no_equality
30520,extension,продлен,prolongation
30521,extension,продлен,prorogation
30522,extension,добавочный номер,no_equality
30523,extension,распространение знаний,vulgarisation
30524,ferociousness,жестокость,férocité
30525,mutation,мутация,mutation
30526,naturalistic,натуралистический,no_equality
30527,naturalistic,ложен вести себя естественно,no_equality
30528,isolable,способный,no_equality
30529,isolable,способна,no_equality
30530,isolable,имеет возможность,no_equality
30531,isolable,способно,no_equality
30532,isolable,не сможет,no_equality
30533,isolable,способен,no_equality
30534,isolable,состоянии,no_equality
30535,isolable,могла,no_equality
30536,isolable,позволяет,no_equality
30537,isolable,удается,no_equality
30538,isolable,умеет,no_equality
30539,isolable,удастся,no_equality
30540,isolable,имел возможность,no_equality
30541,isolable,имеет право,no_equality
30542,communicatory,информационный,no_equality
30543,crucial,важнейший,crucial
30544,crucial,важнейший,essentiel
30545,crucial,важнейший,fondamental
30546,crucial,важнейший,critique
30547,crucial,важный,essentiel
30548,crucial,важный,fondamental
30549,crucial,важный,important
30550,crucial,важный,critique
30551,crucial,решающий,crucial
30552,crucial,решающий,décisif
30553,crucial,решающий,critique
30554,crucial,ключевой,crucial
30555,crucial,ключевой,essentiel
30556,crucial,ключевой,fondamental
30557,crucial,ключевой,clé
30558,crucial,критический,critique
30559,crucial,критически важный,essentiel
30560,crucial,критически важный,fondamental
30561,crucial,критически важный,important
30562,crucial,критически важный,critique
30563,crucial,решающее значение,no_equality
30564,crucial,крайне важно,no_equality
30565,crucial,чрезвычайно важно,no_equality
30566,crucial,ключевое значение,essentiel
30567,crucial,ключевое значение,indispensable
30568,crucial,исключительно важно,no_equality
30569,crucial,крайне важное значение,indispensable
30570,crucial,огромное значение,essentiel
30571,crucial,огромное значение,indispensable
30572,crucial,чрезвычайно важное значение,crucial
30573,crucial,чрезвычайно важное значение,essentiel
30574,crucial,чрезвычайно важное значение,vital
30575,crucial,крайне важным,indispensable
30576,crucial,ответственный,important
30577,theogonies,эти денежные средства,no_equality
30578,theogonies,денежных средств,no_equality
30579,theogonies,денежных средствах,no_equality
30580,staggered,поэтапный,no_equality
30581,staggered,дифференцированных,no_equality
30582,staggered,дифференцированного,no_equality
30583,staggered,пошатнулся,no_equality
30584,staggered,перемежаться,no_equality
30585,staggered,скользящий график,no_equality
30586,staggered,скользящему графику,no_equality
30587,staggered,поражен,no_equality
30588,staggered,поэтапно,no_equality
30589,staggered,разное время,no_equality
30590,staggered,поражены,no_equality
30591,compensating,компенсирующий,no_equality
30592,compensating,компенсационный,compensatoire
30593,compensating,компенсация,compensation
30594,compensating,компенсация,indemnisation
30595,eternal,вечный,éternel
30596,eternal,вечный,éternellement
30597,eternal,бессмертный,no_equality
30598,eternal,неизменный,no_equality
30599,eternal,предвечный,no_equality
30600,eternal,Негасимый,no_equality
30601,eternal,вечность,no_equality
30602,eternal,вечно существующий,éternellement
30603,phonetic,фонетический,phonétique
30604,phonetic,фонетическое,no_equality
30605,phonetic,фонетической,no_equality
30606,phonetic,фонетическом,no_equality
30607,phonetic,фонетического,no_equality
30608,phonetic,фонетическим,no_equality
30609,phonetic,фонетическая,no_equality
30610,disconcertingly,обескураживающе,no_equality
30611,deferential,почтительным,no_equality
30612,deferential,уважительным,respectueux
30613,installations,установок,installation
30614,installations,установок,centrale
30615,installations,установок,unité
30616,installations,объектов,installation
30617,installations,объектов,équipement
30618,installations,объектов,locaux
30619,installations,объектов,établissement
30620,installations,объектов,site
30621,installations,установки,installation
30622,installations,объекты,installation
30623,installations,объекты,équipement
30624,installations,объекты,infrastructure
30625,installations,объекты,locaux
30626,installations,объекты,établissement
30627,installations,объекты,site
30628,installations,сооружений,installation
30629,installations,сооружений,équipement
30630,installations,установках,installation
30631,installations,объектах,no_equality
30632,installations,сооружения,no_equality
30633,installations,объектам,installation
30634,installations,объектам,équipement
30635,installations,объектам,infrastructure
30636,installations,объектам,site
30637,installations,оборудования,équipement
30638,installations,установкам,installation
30639,installations,установками,installation
30640,installations,оборудование,équipement
30641,installations,оборудование,aménagement
30642,installations,сооружениям,équipement
30643,installations,инсталляции,installation
30644,armlets,нарукавные повязки,no_equality
30645,crasher,незваный гость,intrus
30646,crasher,разрушитель,no_equality
30647,crasher,непрошеный гость,no_equality
30648,crasher,крэшера,no_equality
30649,seducing,соблазнение,séduire
30650,seducing,соблазнение,séduction
30651,seducing,соблазнительный,no_equality
30652,seducing,обманывающий,no_equality
30653,run,работать,faire
30654,run,работать,fonctionner
30655,run,работать,aller
30656,run,бегать,courir
30657,run,бегать,fuir
30658,run,проходить,no_equality
30659,run,управлять,diriger
30660,run,управлять,gérer
30661,run,баллотироваться,se présenter
30662,run,запустить,exécuter
30663,run,запустить,faire
30664,run,выполнить,exécuter
30665,run,выполнить,faire
30666,run,убежать,courir
30667,run,убежать,fuir
30668,run,убежать,s'enfuir
30669,run,бег,course
30670,run,пробег,no_equality
30671,run,запуск,lancer
30672,run,выполнение,exécution
30673,Hispaniolan,гаити,no_equality
30674,Hispaniolan,испаньола,no_equality
30675,Hispaniolan,испаньолы,no_equality
30676,Hispaniolan,острова эспаньола,no_equality
30677,Hispaniolan,испаньоле,no_equality
30678,mashing,приготовление пюре,no_equality
30679,mashing,затирания,no_equality
30680,mulattoes,мулатами,no_equality
30681,configured,настроен,configuré
30682,configured,настроенный,no_equality
30683,configured,настроена,no_equality
30684,configured,настроены,no_equality
30685,configured,сконфигурирован,no_equality
30686,configured,настроить,no_equality
30687,configured,настроено,no_equality
30688,configured,сконфигурирована,no_equality
30689,configured,конфигурации,no_equality
30690,configured,настройки,no_equality
30691,configured,сконфигурированы,no_equality
30692,configured,настраивается,no_equality
30693,configured,конфигурацию,no_equality
30694,configured,настраивать,no_equality
30695,configured,настроили,no_equality
30696,oscillators,генераторы,no_equality
30697,oscillators,автогенераторов,no_equality
30698,oscillators,осцилляторы,no_equality
30699,dikes,дамб,digue
30700,dikes,дамбы,digue
30701,dikes,дамбы,barrage
30702,assimilated,усвоенный,no_equality
30703,repudiating,аннулирование,no_equality
30704,circling,кружащий,no_equality
30705,circling,кружащийся,no_equality
30706,circling,циркулирующий,no_equality
30707,circling,кружение,no_equality
30708,galvanisation,гальванизация,no_equality
30709,sleds,упряжках,no_equality
30710,sleds,водные сани,traîneau
30711,sleds,водные сани,luge
30712,diversion,отвлечение,détournement
30713,diversion,отвлечение,diversion
30714,diversion,отвлечение,distraction
30715,diversion,развлечение,distraction
30716,diversion,развлечение,divertissement
30717,diversion,развлечение,amusement
30718,diversion,отвлекающий маневр,diversion
30719,diversion,отвлекающий маневр,distraction
30720,diversion,отвлекающий маневр,manoeuvre de diversion
30721,diversion,отвод,no_equality
30722,diversion,отклонение,déviation
30723,diversion,переадресация,no_equality
30724,diversion,утечка,détournement
30725,diversion,переключение,détournement
30726,diversion,переключение,détourné
30727,diversion,водозабор,no_equality
30728,diversion,забор,no_equality
30729,diversion,объезд,déviation
30730,diversion,деривация,no_equality
30731,diversion,изменение маршрута,déroutement
30732,diversion,затея,no_equality
30733,diversion,отвлекающий удар,no_equality
30734,diversion,водозаборный,no_equality
30735,diversion,нецелевой,no_equality
30736,diversion,диверсионный,no_equality
30737,frittatas,омлет,no_equality
30738,frittatas,фриттату,no_equality
30739,laudably,похвально,no_equality
30740,zombie,зомби,no_equality
30741,zombie,zombie,no_equality
30742,zombie,зомби-апокалипсис,no_equality
30743,absoluteness,абсолютный характер,absolu
30744,homologous,справа,no_equality
30745,originates,поступает,provient
30746,originates,исходит,provient
30747,originates,исходит,vient
30748,originates,исходит,émane
30749,originates,исходит,découle
30750,originates,берет свое начало,trouve son origine
30751,originates,берет свое начало,prend sa source
30752,originates,проистекает,découle
30753,originates,берет начало,no_equality
30754,originates,поступают,provient
30755,originates,образуется,provient
30756,stop,остановить,arrêter
30757,stop,остановить,empêcher
30758,stop,остановить,stopper
30759,stop,остановить,interrompre
30760,stop,остановить,retenir
30761,stop,остановить,juguler
30762,stop,прекратить,no_equality
30763,stop,перестать,no_equality
30764,stop,остановиться,no_equality
30765,stop,останавливаться,arrêter
30766,stop,останавливаться,s'arrêter
30767,stop,останавливаться,rester
30768,stop,помешать,arrêter
30769,stop,помешать,empêcher
30770,stop,помешать,interrompre
30771,stop,останавливать,arrêter
30772,stop,останавливать,stopper
30773,stop,останавливать,interrompre
30774,stop,останавливать,retenir
30775,stop,положить конец,arrêter
30776,stop,положить конец,mettre fin
30777,stop,хватит,no_equality
30778,stop,стоп,no_equality
30779,stop,стой,no_equality
30780,stop,стойте,no_equality
30781,stop,остановка,arrêt
30782,stop,остановка,étape
30783,stop,остановка,halte
30784,stop,остановка,station
30785,stop,остановка,escale
30786,stop,прекращение,arrêt
30787,stop,точка,stop
30788,stop,прекращать,cesser
30789,stop,прекращать,mettre fin
30790,stop,прекращать,interrompre
30791,stop,прекратиться,cesser
30792,stop,прекратиться,s'arrêter
30793,stop,переставать,arrêter
30794,stop,переставать,cesser
30795,stop,стоять,s'arrêter
30796,stop,стоять,rester
30797,stop,заканчивать,arrêter
30798,stop,заканчивать,mettre fin
30799,stop,заканчивать,finir
30800,stop,пресекать,arrêter
30801,stop,пресекать,empêcher
30802,stop,пресекать,supprimer
30803,stop,пресекать,juguler
30804,stop,перерыв,no_equality
30805,stop,бросать,no_equality
30806,stop,прекращаться,cesser
30807,stop,прекращаться,s'arrêter
30808,stop,приостанавливать,arrêter
30809,genitalias,гениталии.,no_equality
30810,genitalias,гениталиями.,no_equality
30811,genitalias,гениталиям.,no_equality
30812,genitalias,половые органы.,no_equality
30813,genitalias,половым органам.,no_equality
30814,ones,те,autres
30815,ones,те,celui
30816,ones,те,personne
30817,ones,те,ceux-là
30818,ones,те,gens
30819,ones,тех,ceux
30820,ones,тех,celles
30821,ones,тех,autres
30822,ones,тех,celui
30823,ones,тех,personne
30824,ones,тех,celle
30825,ones,тех,gens
30826,ones,из них,celles
30827,ones,кого,no_equality
30828,ones,страны,no_equality
30829,ones,странах,ceux
30830,ones,характера,no_equality
30831,ones,единицы,no_equality
30832,ones,таких,autres
30833,ones,таких,gens
30834,ones,единиц,no_equality
30835,ones,программ,no_equality
30836,ones,существующих,no_equality
30837,ones,именно,celui
30838,ones,стран,ceux
30839,ones,старые,no_equality
30840,writers,писателей,écrivain
30841,writers,писателей,auteur
30842,writers,писатели,écrivain
30843,writers,писатели,scénariste
30844,writers,писатели,romancier
30845,writers,авторов,écrivain
30846,writers,авторов,auteur
30847,writers,авторов,rédacteur
30848,writers,писателями,écrivain
30849,writers,авторы,no_equality
30850,writers,сценаристов,écrivain
30851,writers,сценаристов,auteur
30852,writers,сценаристов,scénariste
30853,writers,сценаристы,écrivain
30854,writers,сценаристы,auteur
30855,writers,сценаристы,scénariste
30856,writers,писателям,no_equality
30857,writers,авторами,auteur
30858,writers,сценаристами,scénariste
30859,writers,ученые,no_equality
30860,writers,литераторов,écrivain
30861,writers,сценаристам,no_equality
30862,writers,составителей,auteur
30863,writers,составителей,rédacteur
30864,writers,писателях,no_equality
30865,hypochondriacs,ипохондриков,hypocondriaque
30866,hypochondriacs,ипохондрики,hypocondriaque
30867,blast,взрыв,explosion
30868,blast,взрыв,souffle
30869,blast,взрыв,déflagration
30870,blast,взрыв,bombe
30871,blast,взрыв,détonation
30872,blast,взорвать,faire sauter
30873,blast,взорвать,détruire
30874,blast,доменных,no_equality
30875,blast,звук,no_equality
30876,blast,поток,no_equality
30877,blast,порыв,no_equality
30878,blast,порыв ветра,no_equality
30879,blast,пробить,no_equality
30880,blast,взрывать,faire sauter
30881,blast,весело,no_equality
30882,blast,взрывной волной,no_equality
30883,blast,струйной обработки,no_equality
30884,blast,доменные,no_equality
30885,blast,фугасные,no_equality
30886,restrict,ограничивать,restreindre
30887,restrict,ограничивать,limiter
30888,restrict,ограничивать,entraver
30889,restrict,ограничивать,borner
30890,restrict,ограничивать,circonscrire
30891,restrict,запретить,empêcher
30892,restrict,запретить,interdire
30893,restrict,сузить,restreindre
30894,restrict,сузить,limiter
30895,restrict,сузить,réduire
30896,restrict,ущемлять,entraver
30897,restrict,сковывать,no_equality
30898,restrict,теснить,no_equality
30899,restrict,засекретить,no_equality
30900,anthropometry,антропометрия,no_equality
30901,Eurekas,эврика,no_equality
30902,Eurekas,эврике,no_equality
30903,Eurekas,эврики,no_equality
30904,Eurekas,эврику,no_equality
30905,Eurekas,прозрения,no_equality
30906,reps,представители,représentant
30907,reps,представители,délégué
30908,reps,повторений,no_equality
30909,reps,повторов,répétition
30910,reps,упражнения,no_equality
30911,reps,представителя,représentant
30912,reps,представителя,délégué
30913,reps,профсоюз,no_equality
30914,reps,спонсоры,no_equality
30915,reps,фармацевтов,no_equality
30916,reps,приседаний,traction
30917,reps,последователи,no_equality
30918,reps,афт,no_equality
30919,brunches,бранчи,no_equality
30920,brunches,завтраки,brunch
30921,brunches,бранчей,no_equality
30922,brunches,поздних завтраков,no_equality
30923,warmer,теплее,no_equality
30924,warmer,потеплее,no_equality
30925,warmer,более теплый,no_equality
30926,warmer,более теплые,no_equality
30927,warmer,более теплой,no_equality
30928,warmer,более теплом,no_equality
30929,warmer,более теплая,no_equality
30930,warmer,нагревается,no_equality
30931,warmer,более теплых,no_equality
30932,warmer,тепло,chauffage
30933,warmer,тепло,chaleur
30934,warmer,потепление,no_equality
30935,warmer,потепления,réchauffement
30936,wresters,борцов,no_equality
30937,wresters,борцы,no_equality
30938,wresters,рестлеров,no_equality
30939,wresters,рестлеры,no_equality
30940,wresters,борцам,no_equality
30941,wresters,борцами,no_equality
30942,wresters,реслеров,no_equality
30943,wresters,борчихи,no_equality
30944,suing,предъявление иска,no_equality
30945,trebled,втрое,no_equality
30946,trebled,утроился,no_equality
30947,trebled,три раза,no_equality
30948,trebled,утроилось,no_equality
30949,trebled,утроилась,no_equality
30950,trebled,утроились,no_equality
30951,wrongfully,неправомерно,injustement
30952,wrongfully,неправомерно,indûment
30953,wrongfully,неправомерно,illicitement
30954,wrongfully,несправедливо,injustement
30955,wrongfully,несправедливо,indûment
30956,wrongfully,ошибочно,à tort
30957,wrongfully,ошибочно,faussement
30958,wrongfully,напрасно,à tort
30959,shrewd,проницательный,perspicace
30960,shrewd,хитрый,astucieux
30961,shrewd,хитрый,rusé
30962,shrewd,хитрый,habile
30963,shrewd,хитрый,malin
30964,shrewd,хитрый,futé
30965,shrewd,хитрец,no_equality
30966,stipulations,положения,disposition
30967,stipulations,положения,clause
30968,stipulations,положений,disposition
30969,stipulations,положений,prescription
30970,stipulations,положений,clause
30971,stipulations,положениями,disposition
30972,stipulations,положениями,clause
30973,stipulations,положениям,no_equality
30974,stipulations,положениях,disposition
30975,stipulations,оговорки,clause
30976,rancours,и чашу мира ядом напоил,no_equality
30977,venous,венозный,veineux
30978,venous,венозных,no_equality
30979,venous,вены,no_equality
30980,venous,венозная,no_equality
30981,venous,вен,no_equality
30982,yolks,желтки,no_equality
30983,yolks,желтков,no_equality
30984,yolks,желток,no_equality
30985,yolks,желтка,no_equality
30986,yolks,желтками,no_equality
30987,embroideries,вышивки,broderie
30988,embroideries,вышивок,broderie
30989,fornicate,прелюбодействовать,forniquer
30990,takeaways,результаты,no_equality
30991,introverted,интровертированный,no_equality
30992,detections,случаев обнаружения,no_equality
30993,detections,обнаруженных,no_equality
30994,detections,выявлении лабораторий,détection
30995,detections,выявлении лабораторий,laboratoire
30996,detections,раскрытых,no_equality
30997,infractions,нарушения,infraction
30998,infractions,нарушений,infraction
30999,infractions,правонарушения,infraction
31000,infractions,правонарушений,infraction
31001,infractions,нарушениях,infraction
31002,infractions,нарушениями,infraction
31003,infractions,нарушение,infraction
31004,infractions,нарушение,contravention
31005,infractions,проступки,contravention
31006,crates,ящики,caisse
31007,crates,ящики,boîte
31008,crates,ящики,carton
31009,crates,ящиков,caisse
31010,crates,ящиков,boîte
31011,crates,ящиков,casier
31012,crates,ящиков,carton
31013,crates,ящиках,cageot
31014,crates,ящиках,boîte
31015,crates,ящика,boîte
31016,crates,ящиками,caisse
31017,crates,ящиками,boîte
31018,crates,контейнеры,caisse
31019,crates,обрешетки,no_equality
31020,crates,ящикам,no_equality
31021,crates,корзины,no_equality
31022,coalition,коалиция,coalition
31023,coalition,коалиция,groupement
31024,coalition,объединение,regroupement
31025,coalition,объединение,groupement
31026,coalition,объединения,regroupement
31027,coalition,коалиционное,coalition
31028,coalition,коалиционных,no_equality
31029,coalition,коалиционного,coalition
31030,coalition,коалиционные,coalition
31031,coalition,коалиционными,coalition
31032,coalition,коалиционным,coalition
31033,coalition,коалиционном,coalition
31034,coalition,коалиционной,no_equality
31035,coalition,коалиционная,coalition
31036,coalition,коалиционный,no_equality
31037,coalition,коалиционную,coalition
31038,pediatrist,педиатр,pédiatre
31039,accelerators,ускорителей,no_equality
31040,accelerators,ускорители,no_equality
31041,accelerators,ускорителях,no_equality
31042,accelerators,акселераторов,no_equality
31043,accelerators,ускорителя,no_equality
31044,contingent,контингент,contingent
31045,contingent,условных,conditionnel
31046,contingent,условные,conditionnel
31047,contingent,военнослужащих,contingent
31048,contingent,потенциальных,éventuel
31049,contingent,условного,conditionnel
31050,contingent,условной,conditionnel
31051,contingent,условное,conditionnel
31052,contingent,случай непредвиденных обстоятельств,no_equality
31053,contingent,резервного,conditionnel
31054,contingent,резервного,imprévus
31055,doctrines,доктрин,no_equality
31056,doctrines,доктрины,doctrine
31057,doctrines,доктринах,doctrine
31058,doctrines,доктринами,doctrine
31059,doctrines,доктринам,doctrine
31060,doctrines,постулаты,no_equality
31061,doctrines,теориям,théorie
31062,doctrines,теории,théorie
31063,homosexuality,гомосексуализм,homosexualité
31064,homosexuality,гомосексуальность,homosexualité
31065,homosexuality,гомосексуальные отношения,homosexualité
31066,homosexuality,мужеложство,no_equality
31067,homosexuality,гомосексуалистов,homosexuel
31068,homosexuality,гомосексуальностью,homosexualité
31069,homosexuality,гомосексуальных отношений,homosexuel
31070,homosexuality,гомосексуальной ориентации,homosexualité
31071,homosexuality,гомосексуальной ориентации,homosexuel
31072,homosexuality,гомосексуалистам,no_equality
31073,homosexuality,гомосексуальной ориентацией,no_equality
31074,homosexuality,гомосексуальных связях,homosexuel
31075,routing,маршрутизация,no_equality
31076,routing,маршрут,itinéraire
31077,routing,направление,no_equality
31078,routing,роутинг,no_equality
31079,routing,маршрутизацией,no_equality
31080,routing,установления судоходных путей,no_equality
31081,routing,установлению путей движения,no_equality
31082,routing,routing,no_equality
31083,privatize,приватизировать,privatiser
31084,privatize,приватизировать,privatisation
31085,attain,достичь,atteindre
31086,attain,достичь,obtenir
31087,attain,достичь,réaliser
31088,attain,достичь,instaurer
31089,attain,достичь,trouver
31090,attain,добиться,no_equality
31091,attain,достигнуть,atteindre
31092,attain,достигнуть,obtenir
31093,attain,достигнуть,réaliser
31094,attain,достигать,atteindre
31095,attain,достигать,obtenir
31096,attain,достигать,accéder
31097,attain,добиваться,atteindre
31098,attain,добиваться,obtenir
31099,attain,добиваться,parvenir
31100,attain,добиваться,réaliser
31101,attain,добиваться,accéder
31102,attain,реализовать,atteindre
31103,attain,реализовать,réaliser
31104,attain,реализовать,réalisation
31105,attain,достижению,no_equality
31106,attain,достижении,no_equality
31107,attain,достижения,no_equality
31108,attain,достижение,no_equality
31109,attain,обеспечения,obtenir
31110,attain,обеспечения,parvenir
31111,attain,обеспечения,assurer
31112,attain,обеспечения,permettre
31113,attain,обеспечить,obtenir
31114,attain,обеспечить,assurer
31115,attain,обеспечить,avoir
31116,attain,обеспечить,permettre
31117,attain,реализации,no_equality
31118,attain,получить,obtenir
31119,attain,получить,acquérir
31120,attain,получить,avoir
31121,attain,получить,trouver
31122,attain,обеспечению,no_equality
31123,spoke,говорит,parler
31124,spoke,говорил,parlait
31125,spoke,говорил,parler
31126,spoke,говорил,parlais
31127,spoke,говорил,a dit
31128,spoke,говорили,no_equality
31129,spoke,говорила,parler
31130,spoke,говорила,parlais
31131,spoke,говорила,a dit
31132,spoke,разговаривал,no_equality
31133,spoke,поговорил,no_equality
31134,spoke,разговаривали,no_equality
31135,spoke,рассказал,no_equality
31136,spoke,выступил,s'est exprimé
31137,spoke,выступил,est intervenu
31138,spoke,разговаривала,parlait
31139,spoke,разговаривала,parler
31140,spoke,разговаривала,parlais
31141,spoke,выступал,parlait
31142,spoke,выступал,est intervenu
31143,spoke,поговорила,no_equality
31144,spoke,говорят,parler
31145,spoke,говорят,parlent
31146,spoke,выступили,no_equality
31147,spoke,высказались,no_equality
31148,spoke,спица,rayon
31149,notches,зарубки,encoche
31150,notches,зарубки,entaille
31151,notches,вырезы,no_equality
31152,notches,зарубок,no_equality
31153,notches,вырезов,no_equality
31154,notches,зарубками,no_equality
31155,notches,метки,no_equality
31156,elicit,получить,obtenir
31157,elicit,получить,recueillir
31158,elicit,вызывать,susciter
31159,elicit,вызывать,provoquer
31160,elicit,вызывать,déclencher
31161,elicit,вызывать,induire
31162,elicit,вызывать,produire
31163,elicit,вызвать,susciter
31164,elicit,вызвать,provoquer
31165,elicit,вызвать,déclencher
31166,elicit,вызвать,produire
31167,elicit,получения,no_equality
31168,elicit,выяснить,no_equality
31169,elicit,заручиться,no_equality
31170,elicit,выпрашивать,no_equality
31171,elicit,выявлять,no_equality
31172,elicit,выяснения,recueillir
31173,memorializations,увековечения памяти,no_equality
31174,memorializations,увековечению памяти,no_equality
31175,memorializations,увековечение памяти,no_equality
31176,memorializations,увековечиванию памяти,no_equality
31177,memorializations,увековечивания памяти,no_equality
31178,memorializations,увековечением памяти,no_equality
31179,acculturation,аккультурации,no_equality
31180,designates,назначает,désigne
31181,designates,назначает,désigner
31182,designates,назначает,désignent
31183,designates,назначает,nomme
31184,designates,назначает,désignera
31185,designates,обозначает,désigne
31186,designates,обозначает,indique
31187,designates,определяет,no_equality
31188,designates,квалифицирует,qualifie
31189,designates,классифицирует,no_equality
31190,obviated,устраняет,no_equality
31191,obviated,избежать благодаря,no_equality
31192,obviated,позволяет избежать,évitait
31193,obviated,устранило,no_equality
31194,obviated,отпадает,no_equality
31195,obviated,устранили,no_equality
31196,ferny,паром,no_equality
31197,ferny,ферри,no_equality
31198,ferny,паромная переправа,no_equality
31199,ferny,паромный,no_equality
31200,ferny,переправлять,no_equality
31201,ferny,паромных,no_equality
31202,ferny,ferry,no_equality
31203,ferny,паромное сообщение,no_equality
31204,ferny,паромы,no_equality
31205,ferny,паромной переправы,no_equality
31206,propellants,топлива,propergol
31207,propellants,ракетное топливо,propergol
31208,propellants,газов-вытеснителей,no_equality
31209,propellants,метательные вв,no_equality
31210,propellants,метательных зарядов,no_equality
31211,propellants,топливом,no_equality
31212,propellants,топлив,no_equality
31213,propellants,метательные заряды,no_equality
31214,hoes,мотыги,no_equality
31215,hoes,мотыг,no_equality
31216,hoes,шлюхи,pute
31217,hoes,мотыгами,no_equality
31218,hoes,телки потом,no_equality
31219,hoes,тяпки,no_equality
31220,hoes,голозадые,no_equality
31221,indulged,потворствовал,no_equality
31222,indulged,баловалась,no_equality
31223,indulged,предавался,no_equality
31224,indulged,потакала,no_equality
31225,indulged,побаловали,no_equality
31226,indulged,предавались,no_equality
31227,indulged,потакал,no_equality
31228,loci,локусов,no_equality
31229,loci,локусах,no_equality
31230,sketchily,эскизно,no_equality
31231,hampered,затрудненный,no_equality
31232,bisexuals,бисексуалов,bisexuel
31233,bisexuals,бисексуалы,bisexuel
31234,muzzler,морда,no_equality
31235,muzzler,намордник,no_equality
31236,muzzler,дуло,no_equality
31237,muzzler,рот,no_equality
31238,muzzler,мордочка,no_equality
31239,muzzler,заткнуть,no_equality
31240,muzzler,заставить замолчать,no_equality
31241,muzzler,намордника,no_equality
31242,muzzler,ствола,no_equality
31243,muzzler,дульный,no_equality
31244,muzzler,намордники,no_equality
31245,connotes,обозначает,no_equality
31246,connotes,ассоциируется,no_equality
31247,connotes,символизирует,no_equality
31248,Rosas,розас,no_equality
31249,Rosas,россас,no_equality
31250,roomer,постоялец,locataire
31251,enjoys,пользуется,jouissent
31252,enjoys,имеет,possède
31253,enjoys,поддерживает,entretient
31254,enjoys,нравится,aime
31255,enjoys,нравится,apprécie
31256,enjoys,нравится,adore
31257,enjoys,обладает,offre
31258,enjoys,обладает,possède
31259,enjoys,наслаждается,apprécie
31260,enjoys,любит,aime
31261,enjoys,любит,apprécie
31262,enjoys,любит,adore
31263,enjoys,пользуются,jouissent
31264,enjoys,расположен,no_equality
31265,enjoys,находится,no_equality
31266,enjoys,располагает,jouit d'
31267,enjoys,располагает,possède
31268,enjoys,получает,no_equality
31269,enjoys,занимает,occupe
31270,enjoys,пользовался,jouisse
31271,enjoys,пользоваться,no_equality
31272,Stradivariuses,страдивари,stradivarius
31273,Jungian,последовательница юнга,no_equality
31274,stiffened,отвердевший,no_equality
31275,infatuate,страстно увлекать,no_equality
31276,infatuate,сводить с ума,no_equality
31277,acidifying,подкисляющих,acidification
31278,acidifying,подкисляющие,no_equality
31279,acidifying,подкисляющим,no_equality
31280,acidifying,подкисляющего,no_equality
31281,acidifying,подкисления,acidification
31282,fictitious,фиктивный,factice
31283,fictitious,вымышленный,fictif
31284,fictitious,вымышленный,imaginaire
31285,fictitious,вымышлены,no_equality
31286,transferor,цедент,cédant
31287,transferor,индоссанта,no_equality
31288,transferor,передающей стороны,no_equality
31289,transferor,передающая право,no_equality
31290,transferor,правопередатчика,no_equality
31291,transferor,передавшего его лица,no_equality
31292,transferor,передавшим его лицом,no_equality
31293,transferor,индоссант,no_equality
31294,transferor,передающего лица,no_equality
31295,transferor,индоссантом,no_equality
31296,haddocks,рода хаддоков,no_equality
31297,ruing,сожаление,regret
31298,refocusing,перефокусировка,no_equality
31299,snorkeling,подводное плавание,no_equality
31300,snorkeling,ход под рдп,no_equality
31301,snorkeling,с маской,no_equality
31302,snorkeling,снорклинг,no_equality
31303,analysts,аналитики,analyste
31304,analysts,аналитики,spécialiste
31305,analysts,аналитики,observateur
31306,analysts,аналитиков,analyste
31307,analysts,аналитиками,analyste
31308,analysts,аналитикам,analyste
31309,analysts,специалистов по анализу,analyste
31310,analysts,специалисты по анализу,no_equality
31311,analysts,аналитика,analyste
31312,analysts,анализа,no_equality
31313,analysts,специалистам,spécialiste
31314,analysts,экспертов-аналитиков,analyste
31315,analysts,экспертов-аналитиков,spécialiste
31316,analysts,экспертов-аналитиков,expert
31317,analysts,психоаналитиков,no_equality
31318,analysts,специалистами,spécialiste
31319,analysts,специалистами,expert
31320,analysts,занимающиеся анализом,spécialiste
31321,analysts,"специалистов, занимающихся анализом",spécialiste
31322,analysts,"специалистов, занимающихся анализом",expert
31323,analysts,эксперты,spécialiste
31324,analysts,эксперты,expert
31325,serfhood,крепостничество,no_equality
31326,apportioning,распределение,répartition
31327,apportioning,распределение,répartir
31328,minibuses,микроавтобусов,minibus
31329,minibuses,микроавтобусы,no_equality
31330,minibuses,мини-автобусов,no_equality
31331,minibuses,мини-автобусы,no_equality
31332,minibuses,микроавтобуса,no_equality
31333,minibuses,микроавтобусах,no_equality
31334,minibuses,микроавтобусами,no_equality
31335,minibuses,мини-автобусами,no_equality
31336,minibuses,миниавтобусах,no_equality
31337,antagonisms,антагонизмы,no_equality
31338,antagonisms,антагонизмов,antagonisme
31339,antagonisms,антагонизма,antagonisme
31340,antagonisms,противоречий,antagonisme
31341,antagonisms,противоречий,contradiction
31342,antagonisms,антагонизм,antagonisme
31343,antagonisms,противоречия,contradiction
31344,antagonisms,антагонизмами,no_equality
31345,burps,отрыжка,rote
31346,burps,отрыжка,rot
31347,burps,рыгает,rote
31348,burps,отрыжки,no_equality
31349,burps,рыгнул,no_equality
31350,burps,отрыжек,no_equality
31351,hyperthermia,гипертермия,hyperthermie
31352,hyperthermia,гипертермию,no_equality
31353,abrogating,отменяющий,abrogeant
31354,abrogating,отмена,abrogation
31355,booing,освистывать,huer
31356,booing,освистали,no_equality
31357,booing,освистывание,no_equality
31358,booing,зафукиваю,no_equality
31359,sculpted,скульптурные,no_equality
31360,sculpted,создавшие,no_equality
31361,sculpted,мюрнэйн,no_equality
31362,boxes,коробки,boîte
31363,boxes,коробки,caisse
31364,boxes,коробки,carton
31365,boxes,коробок,boîte
31366,boxes,коробок,caisse
31367,boxes,коробок,carton
31368,boxes,ящики,boîte
31369,boxes,ящики,caisse
31370,boxes,ящики,carton
31371,boxes,ящиков,boîte
31372,boxes,ящиков,caisse
31373,boxes,ящиков,carton
31374,boxes,коробках,boîte
31375,boxes,коробках,carton
31376,boxes,коробками,boîte
31377,boxes,коробками,carton
31378,boxes,ящиках,boîte
31379,boxes,ячейки,coffre
31380,boxes,ящика,boîte
31381,boxes,коробочки,boîte
31382,boxes,вставках,no_equality
31383,boxes,поля,no_equality
31384,boxes,окон,no_equality
31385,boxes,графы,case
31386,boxes,боксы,no_equality
31387,rotting,гниет,no_equality
31388,rotting,гнить,no_equality
31389,rotting,гнил,no_equality
31390,rotting,гниющей,pourri
31391,rotting,гниющие,no_equality
31392,rotting,гниющий,no_equality
31393,rotting,гниющих,pourri
31394,rotting,гниение,pourriture
31395,rotting,гниение,pourrissement
31396,rotting,гниющего,no_equality
31397,rotting,гниющее,no_equality
31398,rotting,гниющим,no_equality
31399,rotting,гниешь,no_equality
31400,rotting,сгнить,no_equality
31401,rotting,загнивание,no_equality
31402,rotting,гниют,no_equality
31403,lighter,зажигалка,briquet
31404,lighter,запал,no_equality
31405,lighter,осветитель,no_equality
31406,lighter,плашкоут,no_equality
31407,lighter,более легкий,no_equality
31408,gracious,любезный,aimable
31409,gracious,любезный,gentil
31410,gracious,любезный,charmant
31411,gracious,любезный,affable
31412,gracious,милосердный,miséricordieux
31413,gracious,милосердный,bienveillant
31414,gracious,милосердный,clément
31415,gracious,добрый,bienveillant
31416,gracious,добрый,gentil
31417,gracious,милый,gentil
31418,gracious,милый,charmant
31419,gracious,милостивая,no_equality
31420,gracious,государь,no_equality
31421,gracious,милостив,miséricordieux
31422,gracious,милостив,clément
31423,burial,захоронение,enterrement
31424,burial,захоронение,inhumation
31425,burial,захоронение,enfouissement
31426,burial,захоронение,funéraille
31427,burial,похороны,enterrement
31428,burial,похороны,inhumation
31429,burial,похороны,funéraille
31430,burial,похороны,obsèque
31431,burial,похороны,enterré
31432,burial,погребение,enterrement
31433,burial,погребение,inhumation
31434,burial,похоронить,no_equality
31435,burial,кладбище,no_equality
31436,burial,похоронные,enterrement
31437,burial,погребальную,no_equality
31438,burial,обряду,no_equality
31439,Michigans,мичиган,michigan
31440,Michigans,мичиганский,michigan
31441,Michigans,мичигане,michigan
31442,Michigans,мичигана,michigan
31443,Michigans,мичиганского,no_equality
31444,Michigans,мичиганском,no_equality
31445,Michigans,мичиганским,michigan
31446,commuted,заменен,no_equality
31447,commuted,заменены,no_equality
31448,commuted,заменена,no_equality
31449,commuted,заменил,a commué
31450,commuted,смягчен,no_equality
31451,commuted,заменено,no_equality
31452,commuted,смягчены,no_equality
31453,commuted,заменяются,no_equality
31454,commuted,приговора,no_equality
31455,commuted,заменяется,no_equality
31456,commuted,замены,no_equality
31457,astonishingly,удивительно,étonnamment
31458,astonishingly,удивительно,incroyablement
31459,astonishingly,удивительно,étonnant
31460,astonishingly,поразительно,no_equality
31461,astonishingly,потрясающе,incroyablement
31462,astonishingly,потрясающе,étonnant
31463,astonishingly,удивление,no_equality
31464,bays,заливов,baie
31465,bays,бухт,baie
31466,bays,заливы,baie
31467,bays,секций силовой структуры,no_equality
31468,bays,бухты,bay
31469,bays,отсеки,compartiment
31470,bays,отсеков,compartiment
31471,bays,бухтами,no_equality
31472,bays,заливами,no_equality
31473,bays,заливах,no_equality
31474,bays,доки,quai
31475,bays,бухтах,no_equality
31476,bays,залива,baie
31477,bays,залива,bay
31478,bays,пролетов,ouverture
31479,bays,бейс,bay
31480,violated,нарушение,no_equality
31481,violated,нарушены,violé
31482,violated,нарушены,lésé
31483,violated,нарушаются,no_equality
31484,violated,нарушает,no_equality
31485,violated,нарушил,no_equality
31486,violated,нарушили,no_equality
31487,violated,нарушают,no_equality
31488,violated,нарушено,violé
31489,violated,нарушено,bafoué
31490,violated,нарушается,no_equality
31491,violated,нарушали,no_equality
31492,violated,нарушен,violé
31493,violated,нарушались,no_equality
31494,violated,нарушенных,no_equality
31495,violated,нарушена,violé
31496,violated,является нарушением,no_equality
31497,overwrote,перезаписали,no_equality
31498,victimize,преследовать,persécuter
31499,victimize,жертвами которых становятся,no_equality
31500,victimize,от которых страдают,no_equality
31501,victimize,виктимизировать,no_equality
31502,victimize,виктимизации тех,victimisation
31503,refract,преломляют,no_equality
31504,indemnifies,возмещает,indemnise
31505,angered,разозлил,a énervé
31506,angered,разозлить,no_equality
31507,angered,возмущены,no_equality
31508,angered,разозлила,no_equality
31509,angered,возмущен,furieux
31510,angered,рассердило,no_equality
31511,angered,гнев,no_equality
31512,angered,рассержен,en colère
31513,angered,разозлило,no_equality
31514,angered,во гневе,no_equality
31515,angered,прогневал,no_equality
31516,angered,обозленные,no_equality
31517,angered,рассердил,no_equality
31518,angered,возмутило,no_equality
31519,angered,рассерженный,no_equality
31520,costumer,костюмер,costumier
31521,costumer,вешалка,no_equality
31522,remodeling,реконструкция,remodelage
31523,remodeling,реконструкция,rénovation
31524,remodeling,реконструкция,réaménagement
31525,remodeling,реконструкция,restructuration
31526,remodeling,реконструкция,reconstruction
31527,remodeling,ремонт,rénovation
31528,remodeling,перепланировка,no_equality
31529,remodeling,сращение,no_equality
31530,remodeling,коррекция,no_equality
31531,remodeling,переделывать,no_equality
31532,remodeling,реконструировали,no_equality
31533,remodeling,ремоделировании,no_equality
31534,remodeling,ремоделирования,no_equality
31535,remodeling,переделываю,no_equality
31536,remodeling,ремоделирование,no_equality
31537,planetariums,планетариев,no_equality
31538,planetariums,планетарии,no_equality
31539,planetariums,планетария,no_equality
31540,hanging,повешение,pendaison
31541,hanging,висит,no_equality
31542,hanging,висеть,no_equality
31543,hanging,висел,no_equality
31544,hanging,висят,no_equality
31545,hanging,висела,no_equality
31546,hanging,тусуется,no_equality
31547,hanging,повесить,no_equality
31548,hanging,повешенным,pendu
31549,hanging,вешать,no_equality
31550,hanging,ждать,no_equality
31551,hanging,свисает,no_equality
31552,hanging,висели,no_equality
31553,hanging,болтался,no_equality
31554,hanging,казнь,pendaison
31555,hanging,вывешивание,no_equality
31556,researcher,исследователь,chercheur
31557,researcher,исследователь,chargé de recherche
31558,researcher,ученый,chercheur
31559,researcher,ученый,scientifique
31560,researcher,научный сотрудник,no_equality
31561,researcher,исследовательница,chercheur
31562,researcher,научный работник,chercheur
31563,researcher,научного сотрудника,chercheur
31564,entrapped,ловушке,no_equality
31565,entrapped,захвату,no_equality
31566,indefatigable,неустанный,infatigable
31567,indefatigable,неустанный,inlassable
31568,indefatigable,неутомимый,infatigable
31569,indefatigable,неутомимый,inlassable
31570,indefatigable,ќеустанный,infatigable
31571,indefatigable,ќеустанный,inlassable
31572,pilfered,стащил,no_equality
31573,pilfered,растащили,no_equality
31574,amphibious,земноводный,no_equality
31575,amphibious,амфибия,no_equality
31576,amphibious,десантные,no_equality
31577,amphibious,земноводные,amphibie
31578,amphibious,земноводные,amphibien
31579,amphibious,десантный,no_equality
31580,amphibious,самолеты-амфибии,amphibien
31581,amphibious,моторный,no_equality
31582,amphibious,десантных корабля,no_equality
31583,scored,забил,a marqué
31584,scored,набрал,a marqué
31585,scored,набрал,a obtenu
31586,scored,забили,ont marqué
31587,scored,получил,a obtenu
31588,scored,набрали,no_equality
31589,scored,заработал,no_equality
31590,scored,набрала,a obtenu
31591,scored,выиграл,no_equality
31592,scored,достал,a obtenu
31593,scored,добилась,a obtenu
31594,scored,добились,no_equality
31595,scored,получила,a obtenu
31596,statements,заявления,déclaration
31597,statements,заявления,affirmation
31598,statements,заявления,intervention
31599,statements,заявления,parole
31600,statements,заявления,requête
31601,statements,заявления,dire
31602,statements,заявлений,déclaration
31603,statements,заявлений,affirmation
31604,statements,заявлений,intervention
31605,statements,заявлений,requête
31606,statements,заявлениями,déclaration
31607,statements,заявлениями,intervention
31608,statements,заявлениями,parole
31609,statements,заявлениями,requête
31610,statements,ведомостей,compte
31611,statements,заявлениях,déclaration
31612,statements,заявлениях,intervention
31613,statements,показания,no_equality
31614,statements,выступления,no_equality
31615,statements,выступлений,déclaration
31616,statements,выступлений,intervention
31617,statements,выступлений,parole
31618,statements,заявлениям,déclaration
31619,statements,заявлениям,dire
31620,statements,выступлениях,déclaration
31621,statements,выступлениях,intervention
31622,statements,выступлениях,parole
31623,statements,показаний,no_equality
31624,statements,отчеты,déclaration
31625,statements,отчеты,compte
31626,statements,отчетов,déclaration
31627,statements,отчетов,attestation
31628,statements,заявление,déclaration
31629,statements,заявление,affirmation
31630,statements,заявление,intervention
31631,statements,заявление,requête
31632,statements,утверждения,déclaration
31633,statements,утверждения,affirmation
31634,kindness,доброта,gentillesse
31635,kindness,доброта,bonté
31636,kindness,доброта,bienveillance
31637,kindness,доброта,douceur
31638,kindness,доброта,tendresse
31639,kindness,любезность,gentillesse
31640,kindness,любезность,bonté
31641,kindness,любезность,amabilité
31642,kindness,любезность,faveur
31643,kindness,любезность,obligeance
31644,kindness,доброе дело,gentillesse
31645,kindness,доброе дело,faveur
31646,kindness,милость,gentillesse
31647,kindness,милость,bienveillance
31648,kindness,милость,faveur
31649,kindness,милость,miséricorde
31650,kindness,ласка,no_equality
31651,kindness,добро,bonté
31652,kindness,добро,gentil
31653,kindness,добро,bien
31654,kindness,мягкосердечие,no_equality
31655,derogation,отступление,no_equality
31656,derogation,отход,dérogation
31657,derogation,отход,déroger
31658,derogation,отход,dérogé
31659,derogation,отклонение,no_equality
31660,derogation,отклонения,dérogation
31661,derogation,ограничение,no_equality
31662,derogation,умаление,no_equality
31663,derogation,ущемление,no_equality
31664,derogation,изъятия,dérogation
31665,derogation,изъятия,exception
31666,derogation,исключения,dérogation
31667,derogation,исключения,exception
31668,derogation,исключения,déroger
31669,derogation,отступать,no_equality
31670,vacationers,отдыхающих,vacancier
31671,vacationers,отдыхающим,no_equality
31672,vacationers,отдыхающие,no_equality
31673,whiten,отбелить,blanchir
31674,whiten,белеть,no_equality
31675,whiten,побелеть,no_equality
31676,transmissible,половым путем,no_equality
31677,transmissible,инфекционными,no_equality
31678,transmissible,заразными,no_equality
31679,transmissible,трансмиссивных,no_equality
31680,transmissible,трансмиссивными,no_equality
31681,transmissible,заразных,no_equality
31682,transmissible,трансмиссивного,no_equality
31683,transmissible,венерических,no_equality
31684,transmissible,трансмиссивные,no_equality
31685,transmissible,венерическими,no_equality
31686,transmissible,передающиеся,no_equality
31687,iniquities,несправедливости,iniquité
31688,iniquities,несправедливости,injustice
31689,concord,согласие,concorde
31690,concord,согласие,accord
31691,concord,согласие,harmonie
31692,concord,Конкорд,concorde
31693,concord,Конкорд,concord
31694,concord,гармония,harmonie
31695,hatreds,ненависти,haine
31696,hatreds,ненависть,haine
31697,hatreds,ненавистью,haine
31698,hatreds,вражды,haine
31699,hatreds,вражда,haine
31700,coiling,намотка,no_equality
31701,coiling,обмотка,no_equality
31702,coiling,сжималась,no_equality
31703,wigs,парики,perruque
31704,wigs,париков,perruque
31705,wigs,париках,perruque
31706,wigs,париками,perruque
31707,panelists,выступавшие,intervenant
31708,panelists,выступавшие,orateur
31709,panelists,участники дискуссии,intervenant
31710,panelists,члены группы,no_equality
31711,panelists,экспертов,expert
31712,panelists,экспертов,spécialiste
31713,panelists,участники обсуждений,no_equality
31714,panelists,члены дискуссионной группы,no_equality
31715,panelists,участники дискуссионных групп,no_equality
31716,panelists,докладчики,intervenant
31717,panelists,докладчики,conférencier
31718,panelists,докладчики,orateur
31719,panelists,участники групповой дискуссии,no_equality
31720,divinity,божественность,divinité
31721,divinity,богословие,théologie
31722,divinity,божество,divinité
31723,divinity,божество,dieu
31724,divinity,божество,divin
31725,divinity,божественного,no_equality
31726,divinity,божественным,no_equality
31727,divinity,добрее!,no_equality
31728,divinity,divinity,no_equality
31729,divinity,семинария,no_equality
31730,trappings,атрибуты,attribut
31731,trappings,атрибуты,signes extérieurs
31732,trappings,атрибутами,attribut
31733,trappings,ловушки,piège
31734,trappings,внешних атрибутов,attribut
31735,excision,эксцизия,excision
31736,excision,обрезание,excision
31737,excision,вырезание,excision
31738,excision,эксцизией,no_equality
31739,excision,клитеродектомии,no_equality
31740,excision,клиторотомии,no_equality
31741,excision,клиторотомия,no_equality
31742,excision,подвергшихся обрезанию,no_equality
31743,excision,удаление,excision
31744,excision,удаление,ablation
31745,disarm,разоружить,désarmer
31746,disarm,разоружить,désarmement
31747,disarm,разоружиться,désarmer
31748,disarm,разоружиться,déposer les armes
31749,disarm,разоружиться,désarmement
31750,disarm,обезвредить,désarmer
31751,disarm,обезвредить,désamorcer
31752,disarm,обезвредить,désactiver
31753,disarm,обезвредить,neutraliser
31754,disarm,разоружаться,désarmer
31755,disarm,разоружать,désarmer
31756,disarm,обезоружить,désarmer
31757,disarm,разоружения,no_equality
31758,disarm,разоружению,désarmer
31759,disarm,разоружении,no_equality
31760,disarm,разоружение,no_equality
31761,disarm,сложить оружие,déposer les armes
31762,disarm,сложить оружие,déposer leurs armes
31763,disarm,обезвреживать,désarmer
31764,disarm,обезвреживать,désamorcer
31765,disarm,обезвреживать,neutraliser
31766,disarm,отключить,désarmer
31767,disarm,отключить,désamorcer
31768,disarm,отключить,désactiver
31769,disarm,отключить,neutraliser
31770,anus,анус,anus
31771,anus,анальное отверстие,anus
31772,anus,задний проход,anus
31773,anus,анусу,no_equality
31774,anus,заднего прохода,anus
31775,anus,анального,anal
31776,anus,задницах,anus
31777,anus,задницах,cul
31778,dark,темный,sombre
31779,dark,темный,foncé
31780,dark,темный,obscur
31781,dark,темный,foncée
31782,dark,темный,brun
31783,dark,темный,ténébreux
31784,dark,мрачный,sombre
31785,dark,мрачный,obscur
31786,dark,черный,sombre
31787,dark,темнота,noir
31788,dark,тьма,nuit
31789,dark,тьма,noir
31790,dark,тьма,ombre
31791,dark,мрак,obscurité
31792,dark,темно,no_equality
31793,dark,мрачно,sombre
31794,dark,стемнеет,no_equality
31795,dark,чёрной,no_equality
31796,dark,смуглый,brun
31797,dark,смуглый,ténébreux
31798,dark,темень,no_equality
31799,dark,тёмный лес,no_equality
31800,dark,dark,no_equality
31801,dark,дарк,no_equality
31802,doughnuts,пончики,beignet
31803,doughnuts,пончики,donuts
31804,doughnuts,пончики,beigne
31805,doughnuts,пончиков,no_equality
31806,doughnuts,пончиками,beignet
31807,doughnuts,пончиками,donut
31808,doughnuts,пончиках,donuts
31809,doughnuts,пончикам,no_equality
31810,doughnuts,пирожков,beignet
31811,doughnuts,пончика,beignet
31812,doughnuts,пончика,beigne
31813,doughnuts,пончика,donut
31814,attritional,пищевой,no_equality
31815,attritional,питанием,no_equality
31816,attritional,питании,no_equality
31817,attritional,продовольственной,no_equality
31818,attritional,питательные,no_equality
31819,attritional,продовольственную,no_equality
31820,attritional,области питания,no_equality
31821,attritional,питание,no_equality
31822,attritional,продовольственных,no_equality
31823,attritional,питанию,no_equality
31824,attritional,продовольственная,no_equality
31825,attritional,алиментарной,no_equality
31826,attritional,питательными,no_equality
31827,attritional,питательности,no_equality
31828,proscription,запрещение,interdiction
31829,proscription,запрещение,interdit
31830,proscription,объявление вне закона,no_equality
31831,proscription,запрета,interdiction
31832,proscription,объявлению вне закона,no_equality
31833,proscription,запрет,interdiction
31834,proscription,запрет,interdit
31835,proscription,запрете,interdiction
31836,quitters,лодырей,no_equality
31837,quitters,слабаки,no_equality
31838,quitters,трусов,lâche
31839,quitters,сплёвывающие,no_equality
31840,sterilizer,стерилизатор,stérilisateur
31841,skyrocketing,стремительного роста,flambée
31842,skyrocketing,стремительного роста,envolée
31843,skyrocketing,резкий рост,montée en flèche
31844,skyrocketing,стремительно растущие,no_equality
31845,skyrocketing,стремительный рост цен,no_equality
31846,skyrocketing,резкого повышения,montée en flèche
31847,skyrocketing,резкого повышения,flambée
31848,skyrocketing,стремительно растет,no_equality
31849,skyrocketing,резкую,no_equality
31850,skyrocketing,взлет,no_equality
31851,skyrocketing,стремительно растущая,no_equality
31852,skyrocketing,резко возросших,no_equality
31853,censor,цензура,no_equality
31854,censor,цензор,censeur
31855,censor,подвергать цензуре,censurer
31856,censor,цензурировать,censurer
31857,censor,цензором,no_equality
31858,censor,цензорами,no_equality
31859,censor,цензору,no_equality
31860,censor,цензурных,no_equality
31861,counterclaims,встречные претензии,no_equality
31862,counterclaims,встречных претензий,no_equality
31863,counterclaims,встречных требований,demandes reconventionnelles
31864,counterclaims,встречных исков,demandes reconventionnelles
31865,counterclaims,контрпретензии,no_equality
31866,counterclaims,встречные требования,no_equality
31867,counterclaims,встречных исках,no_equality
31868,counterclaims,встречных требованиях,no_equality
31869,counterclaims,встречным искам,no_equality
31870,counterclaims,встречные иски,demandes reconventionnelles
31871,joyfulness,радость,joie
31872,joyfulness,радость,bonheur
31873,scarfs,шарф,écharpe
31874,scarfs,шарфы,no_equality
31875,nitrifies,уведомляет,no_equality
31876,nitrifies,информирует,no_equality
31877,nitrifies,сообщает,no_equality
31878,nitrifies,известит,no_equality
31879,nitrifies,оповещает,no_equality
31880,nitrifies,не уведомит,no_equality
31881,nitrifies,уведомит о,no_equality
31882,nitrifies,извещает об этом,no_equality
31883,nitrifies,заявит,no_equality
31884,nitrifies,уведомления,no_equality
31885,strung,подвесил,no_equality
31886,strung,водила,no_equality
31887,strung,вздернули,no_equality
31888,strung,струнами,no_equality
31889,strung,взвинченным,no_equality
31890,strung,подвесила,no_equality
31891,strung,подвешенным,pendu
31892,strung,нервной,nerveux
31893,strung,вздернул,no_equality
31894,strung,взвинченной,no_equality
31895,strung,повесить,no_equality
31896,hyphen,дефис,trait d'union
31897,hyphen,дефис,tiret
31898,hyphen,тире,tiret
31899,hyphen,прочерк,no_equality
31900,hyphen,дефиса,no_equality
31901,hyphen,дефисом,no_equality
31902,dogmatical,догматический,dogmatique
31903,dogmatical,догматическим,no_equality
31904,dogmatical,догматичного,no_equality
31905,dogmatical,догматические,no_equality
31906,dogmatical,догматическую,no_equality
31907,dogmatical,догматических,no_equality
31908,dogmatical,догматичными,no_equality
31909,dogmatical,догматическая,no_equality
31910,dogmatical,догматичным,no_equality
31911,dogmatical,догматическом,no_equality
31912,deferring,отсрочка,report
31913,deferring,отсрочка,reporter
31914,deferring,перенос,report
31915,deferring,перенос,reporter
31916,deferring,отложить принятие,no_equality
31917,deferring,откладывать,no_equality
31918,deferring,откладывая,no_equality
31919,deferring,отложив рассмотрение,reportant
31920,deferring,переноса сроков,report
31921,deferring,отсрочки принятия,report
31922,deferring,откладывалось,no_equality
31923,deferring,затягивания,no_equality
31924,deferring,откладывает принятие,no_equality
31925,deferring,откладывания,différer
31926,deferring,перенесения,reportant
31927,deferring,отложившего свое участие,no_equality
31928,inhalant,ингалятор,inhalateur
31929,inhalant,летучий,no_equality
31930,quadrangles,четырехугольников,no_equality
31931,hazardous,опасный,dangereux
31932,hazardous,опасный,danger
31933,hazardous,вредных,dangereux
31934,hazardous,вредных,nocives
31935,hazardous,вредных,nocifs
31936,hazardous,опасность,no_equality
31937,hazardous,вредными,dangereux
31938,hazardous,вредными,nocives
31939,hazardous,вредными,nocifs
31940,hazardous,вредные,dangereux
31941,hazardous,вредные,nocives
31942,hazardous,вредные,nocifs
31943,hazardous,вредные,toxique
31944,hazardous,вредным,nocifs
31945,hazardous,вредной,nocives
31946,hazardous,вредном,nocifs
31947,inopportuneness,несвоевременность,no_equality
31948,jotter,блокнот,bloc-notes
31949,vigorous,решительный,énergique
31950,vigorous,решительный,résolue
31951,vigorous,энергичный,vigoureux
31952,vigorous,энергичный,énergique
31953,vigorous,энергичный,dynamique
31954,vigorous,энергичный,actif
31955,vigorous,активный,énergique
31956,vigorous,активный,dynamique
31957,vigorous,активный,forte
31958,vigorous,активный,intense
31959,vigorous,активный,actif
31960,vigorous,бурный,no_equality
31961,vigorous,темпераментный,no_equality
31962,quietness,тишина,calme
31963,quietness,тишина,silence
31964,quietness,тишина,silencieux
31965,quietness,спокойствие,calme
31966,quietness,спокойствие,tranquillité
31967,quietness,спокойствие,quiétude
31968,squatted,присел,no_equality
31969,swell,здорово,formidable
31970,swell,здорово,génial
31971,swell,шикарный,no_equality
31972,swell,волны,houle
31973,swell,отек,gonflement
31974,swell,раздуваться,gonfler
31975,swell,увеличиваться,augmenter
31976,swell,увеличивать,augmenter
31977,swell,отлично,no_equality
31978,swell,замечательно,no_equality
31979,swell,опухают,no_equality
31980,swell,замечательная,génial
31981,swell,превосходно,no_equality
31982,joules,джоулей,joule
31983,joules,джоулях,no_equality
31984,joules,джоули,no_equality
31985,joules,дж,no_equality
31986,joules,джоуля,no_equality
31987,dejected,унылый,no_equality
31988,dejected,подавленный,déprimé
31989,dejected,удручённый,no_equality
31990,dejected,мрачный,no_equality
31991,dejected,подавлены,abattu
31992,dejected,подавлены,déprimé
31993,dejected,удручённая тем,no_equality
31994,dejected,жалостью,no_equality
31995,illness,болезнь,maladie
31996,illness,болезнь,malade
31997,illness,болезнь,mal
31998,illness,болезнь,infection
31999,illness,заболевание,maladie
32000,illness,заболевание,pathologie
32001,illness,заболеваемость,maladie
32002,illness,заболеваемость,morbidité
32003,illness,расстройства,trouble
32004,illness,недуг,maladie
32005,illness,недуг,affection
32006,illness,недуг,malaise
32007,illness,больных,maladie
32008,illness,больных,malade
32009,illness,расстройств,affection
32010,illness,расстройств,trouble
32011,illness,болен,maladie
32012,illness,расстройством,trouble
32013,illness,нездоровье,no_equality
32014,generates,порождает,génère
32015,generates,порождает,produit
32016,generates,порождает,engendre
32017,generates,порождает,crée
32018,generates,генерирует,génère
32019,generates,генерирует,générer
32020,generates,генерирует,génèrent
32021,generates,создает,crée
32022,generates,приносит,génère
32023,generates,приносит,produit
32024,generates,обеспечивает,crée
32025,generates,обеспечивает,fournit
32026,generates,вызывает,crée
32027,generates,производит,génère
32028,generates,производит,produit
32029,generates,производит,produisant
32030,generates,производит,produire
32031,generates,приводит к,engendre
32032,generates,способствует,no_equality
32033,generates,вырабатывает,génère
32034,generates,вырабатывает,élabore
32035,generates,создают,crée
32036,generates,получает,no_equality
32037,generates,генерируется,no_equality
32038,generates,формирует,génère
32039,generates,формирует,crée
32040,generates,порождают,crée
32041,generates,порождают,génèrent
32042,slanderer,клеветник,diffamateur
32043,sleeps,спит,dort
32044,sleeps,спит,dormir
32045,sleeps,спит,sommeil
32046,sleeps,спит,dorme
32047,sleeps,спит,dors
32048,sleeps,спит,dorment
32049,sleeps,спит,dormait
32050,sleeps,спят,dort
32051,sleeps,спят,dormir
32052,sleeps,спят,sommeil
32053,sleeps,спят,dorment
32054,sleeps,спал,dormir
32055,sleeps,спал,sommeil
32056,sleeps,спал,dors
32057,sleeps,спал,dormait
32058,sleeps,будет спать,dort
32059,sleeps,будет спать,dorme
32060,sleeps,будет спать,dormira
32061,sleeps,будет спать,dormait
32062,sleeps,засыпает,no_equality
32063,sleeps,ночует,dort
32064,sleeps,ночует,dormait
32065,sleeps,спала,sommeil
32066,sleeps,спала,dorme
32067,sleeps,спала,dors
32068,sleeps,спала,coucher
32069,sleeps,спала,dormait
32070,expressive,выразительный,expressif
32071,expressive,экспрессивной,no_equality
32072,expressive,экспрессивная,no_equality
32073,expressive,экспрессивным,no_equality
32074,expressive,выразительны,no_equality
32075,expressive,активной жизненной позицией,no_equality
32076,expressive,экспрессивными,no_equality
32077,reformed,реформировать,no_equality
32078,reformed,реформирование,no_equality
32079,reformed,реформированной,réformé
32080,reformed,реформированный,réformé
32081,reformed,реформы,réformer
32082,reformed,реформированного,réformé
32083,reformed,реформированная,réformé
32084,reformed,реформирована,no_equality
32085,reformed,реформированы,réformé
32086,reformed,реформированном,no_equality
32087,reformed,реформе,réformer
32088,reformed,реформирован,réformé
32089,reformed,проведена реформа,no_equality
32090,reformed,исправился,réformé
32091,reformed,реформированные,réformé
32092,tutorial,учебное пособие,no_equality
32093,tutorial,консультация,no_equality
32094,tutorial,руководство,guide
32095,tutorial,урок,leçon
32096,tutorial,урок,cour
32097,tutorial,обучающая программа,no_equality
32098,tutorial,учебный материал,no_equality
32099,tutorial,учебный курс,no_equality
32100,tutorial,обучающее руководство,guide
32101,tutorial,наставнический,no_equality
32102,tutorial,опекунский,no_equality
32103,tutorial,учебный,no_equality
32104,tutorial,обучающий,no_equality
32105,owls,сов,no_equality
32106,owls,совы,hibou
32107,owls,совах,no_equality
32108,congruent,совпадают,coïncident
32109,congruent,совпадают,coïncide
32110,congruent,совпадают,concordent
32111,congruent,совпадающие,no_equality
32112,congruent,совпадающих,no_equality
32113,congruent,схожие,no_equality
32114,congruent,совпадающим,no_equality
32115,congruent,согласуется,no_equality
32116,congruent,согласуются,conforme
32117,congruent,согласуются,concordent
32118,congruent,согласовывалась,no_equality
32119,pullings,пуллингса,no_equality
32120,pullings,пуллингсом,no_equality
32121,pullings,пуллингсу,no_equality
32122,pullings,пуллингсе,no_equality
32123,hillsides,склонах холмов,coteau
32124,hillsides,склонах холмов,colline
32125,hillsides,холмах,colline
32126,hillsides,склонах гор,coteau
32127,hillsides,склонах гор,colline
32128,hillsides,склонах гор,montagne
32129,hillsides,горных склонах,coteau
32130,hillsides,горных склонах,colline
32131,hillsides,склонов холмов,colline
32132,equilibriums,равновесий,no_equality
32133,transcends,выходит за рамки,transcende
32134,transcends,выходит за рамки,dépasse
32135,transcends,выходит за рамки,dépassent
32136,transcends,выходит за пределы,transcende
32137,transcends,выходит за пределы,dépasse
32138,transcends,выходит за пределы,va au-delà
32139,transcends,превосходит,transcende
32140,transcends,превосходит,dépasse
32141,transcends,превосходит,va au-delà
32142,transcends,превосходит,surpasse
32143,transcends,превосходит,dépassent
32144,transcends,преодолевает,no_equality
32145,transcends,выходящее за рамки,no_equality
32146,transcends,выходящего за рамки,dépassant
32147,transcends,перекрывает,no_equality
32148,transcends,выходящий за рамки,no_equality
32149,transcends,стоит выше,no_equality
32150,transcends,позволяет преодолевать,no_equality
32151,transcends,проникает через,no_equality
32152,transcends,не ведает,no_equality
32153,transcends,выходящей за рамки,no_equality
32154,transcends,не ограничивается пределами,no_equality
32155,transcends,не знает,no_equality
32156,waxworks,музей восковых фигур,musée de cire
32157,waxworks,восковых копий,no_equality
32158,gynaecology,гинекология,gynécologie
32159,gynaecology,гинекологический,no_equality
32160,gynaecology,гинекологических,gynécologie
32161,gynaecology,гинекологической помощи,no_equality
32162,obstacles,препятствий,obstacle
32163,obstacles,препятствия,obstacle
32164,obstacles,препятствия,entrave
32165,obstacles,препятствия,difficulté
32166,obstacles,препятствия,barrière
32167,obstacles,препятствия,entraver
32168,obstacles,препятствия,contrainte
32169,obstacles,препятствиями,obstacle
32170,obstacles,препятствиями,difficulté
32171,obstacles,препятствиями,problème
32172,obstacles,препятствиях,obstacle
32173,obstacles,препятствиях,difficulté
32174,obstacles,трудности,difficulté
32175,obstacles,трудностей,difficulté
32176,obstacles,трудностями,obstacle
32177,obstacles,трудностями,difficulté
32178,obstacles,трудностями,problème
32179,obstacles,трудностями,contrainte
32180,obstacles,трудностями,difficile
32181,obstacles,проблем,obstacle
32182,obstacles,проблем,difficulté
32183,obstacles,проблем,problème
32184,obstacles,проблем,contrainte
32185,obstacles,проблемы,problème
32186,obstacles,барьеров,obstacle
32187,obstacles,барьеров,difficulté
32188,obstacles,барьеров,barrière
32189,obstacles,препятствуют,obstacle
32190,obstacles,препятствуют,entrave
32191,obstacles,препятствуют,entraver
32192,obstacles,барьеры,obstacle
32193,obstacles,барьеры,barrière
32194,obstacles,барьеры,contrainte
32195,obstacles,препятствиям,no_equality
32196,obstacles,проблемами,problème
32197,obstacles,препятствует,entrave
32198,obstacles,препятствует,entraver
32199,muddiness,грязь,boue
32200,embittered,озлобленный,amer
32201,embittered,ожесточенные,no_equality
32202,chisels,долота,no_equality
32203,chisels,стамески,no_equality
32204,forsworn,отказались от выбора,no_equality
32205,forsworn,отрекся от,no_equality
32206,forsworn,отказавшихся от,no_equality
32207,forsworn,выгоняйте вон,no_equality
32208,extinguishing,тушения,extinction
32209,extinguishing,тушения,éteindre
32210,extinguishing,тушения,extincteur
32211,extinguishing,пожаротушения,extincteur
32212,extinguishing,тушение,extinction
32213,extinguishing,гашение,no_equality
32214,extinguishing,погасить,no_equality
32215,extinguishing,огнетушащий,no_equality
32216,extinguishing,гасить,no_equality
32217,extinguishing,потушить,no_equality
32218,extinguishing,огнетушащего вещества,no_equality
32219,extinguishing,огнетушащие,no_equality
32220,extinguishing,тушить,no_equality
32221,bombardment,бомбардировка,bombardement
32222,bombardment,бомбардировка,bombardé
32223,bombardment,бомбардировка,bombarder
32224,bombardment,обстрел,no_equality
32225,burglars,грабители,no_equality
32226,burglars,грабителей,cambrioleur
32227,burglars,грабителей,voleur
32228,burglars,взломщики,no_equality
32229,burglars,взломщиков,cambrioleur
32230,burglars,взломщиков,voleur
32231,burglars,воры,cambrioleur
32232,burglars,воры,voleur
32233,burglars,воров,cambrioleur
32234,burglars,воров,voleur
32235,burglars,грабителя,cambrioleur
32236,burglars,грабителя,voleur
32237,burglars,грабителями,no_equality
32238,burglars,грабить,no_equality
32239,burglars,грабителях,no_equality
32240,burglars,взломщикам,no_equality
32241,grey,грей,gri
32242,grey,грей,gray
32243,grey,грей,grey
32244,grey,серый,gri
32245,grey,серый,grey
32246,grey,седой,no_equality
32247,grey,грея,gray
32248,grey,грея,grey
32249,grey,грэй,gray
32250,grey,грэй,grey
32251,grey,дедуля,gray
32252,grey,теневой,souterraine
32253,grey,грею,gray
32254,grey,грею,grey
32255,grey,греем,gray
32256,grey,греем,grey
32257,grey,седого,no_equality
32258,coherent,когерентный,no_equality
32259,coherent,понятный,no_equality
32260,coherent,гармоничный,harmonieux
32261,coherent,логически последовательный,cohérent
32262,coherent,логически последовательный,logique
32263,coherent,вразумительный,no_equality
32264,coherent,целостный,no_equality
32265,coherent,взаимосвязанный,no_equality
32266,coherent,логичный,logique
32267,coherent,отчетливый,no_equality
32268,coherent,согласованный,cohérent
32269,coherent,связанный,no_equality
32270,chicness,китайский,no_equality
32271,chicness,китаец,no_equality
32272,chicness,китайцы,no_equality
32273,chicness,китайский язык,no_equality
32274,chicness,по-китайски,no_equality
32275,chicness,китая,no_equality
32276,chicness,китай,no_equality
32277,chicness,китае,no_equality
32278,chicness,кнр,no_equality
32279,chicness,китаем,no_equality
32280,chicness,китаянки,no_equality
32281,chicness,китаеза,no_equality
32282,chicness,китаю,no_equality
32283,deterioration,ухудшение,détérioration
32284,deterioration,ухудшение,aggravation
32285,deterioration,ухудшение,détérioré
32286,deterioration,деградация,détérioration
32287,deterioration,деградация,dégradation
32288,deterioration,снижение,no_equality
32289,deterioration,обострение,détérioration
32290,deterioration,обострение,aggravation
32291,deterioration,порча,détérioration
32292,deterioration,износ,no_equality
32293,deterioration,разрушения,détérioration
32294,deterioration,разрушения,dégradation
32295,deterioration,спад,no_equality
32296,deterioration,ухудшилось,détérioration
32297,deterioration,ухудшилось,dégradation
32298,deterioration,ухудшилась,détérioration
32299,deterioration,ухудшилась,dégradation
32300,deterioration,ухудшается,no_equality
32301,deterioration,разрушение,dégradation
32302,deterioration,состояние,no_equality
32303,deterioration,ухудшение качества,no_equality
32304,deterioration,изношенность,no_equality
32305,deterioration,ухудшились,détérioration
32306,deterioration,ухудшились,dégradation
32307,deterioration,ухудшились,dégradée
32308,appropriator,соответствующий,no_equality
32309,appropriator,надлежащий,no_equality
32310,appropriator,подходящий,no_equality
32311,appropriator,уместный,no_equality
32312,appropriator,соответствовать,no_equality
32313,appropriator,подходить,no_equality
32314,appropriator,ассигновать,no_equality
32315,appropriator,целесообразным,no_equality
32316,appropriator,необходимые,no_equality
32317,appropriator,необходимых,no_equality
32318,appropriator,надлежащим образом,no_equality
32319,appropriator,целесообразности,no_equality
32320,appropriator,приемлемым,no_equality
32321,appropriator,необходимым,no_equality
32322,appropriator,должным образом,no_equality
32323,appropriator,подобающий,no_equality
32324,appropriator,приличествующий,no_equality
32325,appropriator,присвоить,no_equality
32326,appropriator,присваивать,no_equality
32327,claimant,заявитель,requérant
32328,claimant,заявитель,demandeur
32329,claimant,заявитель,réclamant
32330,claimant,заявитель,plaignant
32331,claimant,заявитель,intéressé
32332,claimant,истец,requérant
32333,claimant,истец,demandeur
32334,claimant,истец,plaignant
32335,claimant,истец,demanderesse
32336,claimant,заявительница,requérant
32337,claimant,заявительница,demanderesse
32338,claimant,претензии,requérant
32339,claimant,претендент,prétendant
32340,claimant,требования,no_equality
32341,claimant,истица,requérant
32342,claimant,истица,demanderesse
32343,claimant,предъявитель,no_equality
32344,claimant,претендателю,no_equality
32345,claimant,ходатайствующее лицо,demandeur
32346,claimant,ходатайствующее лицо,intéressé
32347,claimant,претензию,no_equality
32348,approximated,составляла приблизительно,no_equality
32349,approximated,составил почти,no_equality
32350,entree,блюдо,no_equality
32351,entree,основное блюдо,plat principal
32352,hoarder,барахольщик,collectionneur
32353,hoarder,скопидом,no_equality
32354,hoarder,запасливый человек,no_equality
32355,hoarder,барахольщица,no_equality
32356,hoarder,плюшкина,no_equality
32357,hoarder,барахольщицей,no_equality
32358,hoarder,барахольщика,no_equality
32359,selfishly,эгоистично,no_equality
32360,selfishly,эгоистической точки зрения,no_equality
32361,orgies,оргии,orgie
32362,orgies,оргиях,orgie
32363,orgies,оргиями,no_equality
32364,demonstrates,демонстрирует,démontre
32365,demonstrates,демонстрирует,montre
32366,demonstrates,демонстрирует,témoigne
32367,demonstrates,демонстрирует,prouve
32368,demonstrates,демонстрирует,illustre
32369,demonstrates,демонстрирует,montrent
32370,demonstrates,демонстрирует,révèle
32371,demonstrates,демонстрирует,manifeste
32372,demonstrates,демонстрирует,témoignent
32373,demonstrates,показывает,démontre
32374,demonstrates,показывает,montre
32375,demonstrates,показывает,prouve
32376,demonstrates,показывает,illustre
32377,demonstrates,показывает,montrent
32378,demonstrates,показывает,révèle
32379,demonstrates,показывает,indique
32380,demonstrates,свидетельствует о том,no_equality
32381,demonstrates,подтверждает,démontre
32382,demonstrates,подтверждает,montre
32383,demonstrates,подтверждает,témoigne
32384,demonstrates,подтверждает,prouve
32385,demonstrates,подтверждает,illustre
32386,demonstrates,подтверждает,atteste
32387,demonstrates,указывает,montre
32388,demonstrates,указывает,indique
32389,demonstrates,показывают,montre
32390,demonstrates,показывают,démontrent
32391,demonstrates,показывают,montrent
32392,demonstrates,показывают,indique
32393,demonstrates,свидетельствуют о том,montre
32394,demonstrates,свидетельствуют о том,démontrent
32395,demonstrates,свидетельствуют о том,montrent
32396,demonstrates,свидетельствуют о том,indique
32397,demonstrates,свидетельствуют о том,témoignent
32398,demonstrates,показано,montre
32399,demonstrates,показано,illustre
32400,demonstrates,показано,montrent
32401,demonstrates,показано,révèle
32402,demonstrates,показано,indique
32403,demonstrates,демонстрируют,démontrent
32404,demonstrates,демонстрируют,montrent
32405,demonstrates,демонстрируют,témoignent
32406,demonstrates,говорит о том,montre
32407,demonstrates,говорит о том,prouve
32408,demonstrates,говорит о том,montrent
32409,demonstrates,говорит о том,indique
32410,demonstrates,доказывает,démontre
32411,demonstrates,доказывает,montre
32412,demonstrates,доказывает,prouve
32413,demonstrates,видно,montre
32414,demonstrates,видно,montrent
32415,demonstrates,видно,indique
32416,demonstrates,продемонстрирует,démontre
32417,demonstrates,продемонстрирует,fait preuve
32418,demonstrates,продемонстрирует,démontrer
32419,demonstrates,отражает,montre
32420,demonstrates,отражает,témoigne
32421,demonstrates,отражает,illustre
32422,demonstrates,продемонстрировало,no_equality
32423,enchanted,очарованный,no_equality
32424,enchanted,зачарованный,enchanté
32425,enchanted,восхищенный,enchanté
32426,enchanted,волшебный,magique
32427,enchanted,волшебный,enchanteur
32428,enchanted,заколдованный,no_equality
32429,radiologist,радиолог,radiologue
32430,radiologist,радиолог,radiologiste
32431,radiologist,врач-радиолог,radiologue
32432,fraternally,по-братски,no_equality
32433,meticulous,тщательный,no_equality
32434,meticulous,дотошный,méticuleux
32435,meticulous,скрупулёзный,no_equality
32436,meticulous,педантичный,scrupuleux
32437,meticulous,щепетильный,méticuleux
32438,meticulous,тщательно,no_equality
32439,meticulous,кропотливая,minutieux
32440,meticulous,скрупулезного,scrupuleux
32441,meticulous,кропотливой,no_equality
32442,meticulous,кропотливую,méticuleux
32443,meticulous,кропотливую,minutieux
32444,saluting,приветствие,salut
32445,saluting,отдаю честь,no_equality
32446,saluting,отдают честь,no_equality
32447,calcify,превращаться в известь,no_equality
32448,calcify,отвердеть,no_equality
32449,calcify,каменеют,no_equality
32450,calcify,известь,no_equality
32451,generational,поколенческий,no_equality
32452,generational,между поколениями,entre les générations
32453,generational,между поколениями,intergénérationnelle
32454,generational,между поколениями,entre générations
32455,crouched,присел,no_equality
32456,speculation,предположение,hypothèse
32457,speculation,предположение,supposition
32458,speculation,спекуляция,spéculation
32459,speculation,размышление,no_equality
32460,speculation,теория,hypothèse
32461,speculation,слухи,spéculation
32462,speculation,слухи,rumeur
32463,speculation,измышление,no_equality
32464,speculation,спекулятивные операции,spéculation
32465,speculation,афера,no_equality
32466,speculation,биржевая игра,no_equality
32467,speculation,умствование,no_equality
32468,speculation,умозрительное построение,no_equality
32469,speculation,спекулирование,no_equality
32470,speculation,спекулятивный,no_equality
32471,resound,звучать,résonner
32472,resound,звучать,retentir
32473,resound,греметь,no_equality
32474,resound,разносить,no_equality
32475,resound,резонировать,résonner
32476,resound,раздаваться,résonner
32477,resound,отозваться,no_equality
32478,Nigerias,нигерия,no_equality
32479,Nigerias,нигерии,no_equality
32480,Nigerias,нигерию,no_equality
32481,Nigerias,нигерией,no_equality
32482,Nigerias,нигерийский,no_equality
32483,Nigerias,нигере,no_equality
32484,Nigerias,найджирия,no_equality
32485,yodelings,моделирование,modélisation
32486,yodelings,моделирование,modélisme
32487,yodelings,моделирование,modèle
32488,yodelings,модели,modélisation
32489,yodelings,модели,mannequin
32490,yodelings,модели,modéliser
32491,yodelings,модели,modèle
32492,yodelings,моделей,modélisation
32493,yodelings,моделей,modèle
32494,yodelings,модельных,modélisation
32495,yodelings,быть моделью,mannequinat
32496,yodelings,модельном бизнесе,mannequinat
32497,yodelings,модельные,no_equality
32498,yodelings,модель,modélisation
32499,yodelings,модель,mannequin
32500,yodelings,модель,modèle
32501,yodelings,модельного,no_equality
32502,yodelings,модельный бизнес,mannequinat
32503,yodelings,работать моделью,mannequin
32504,yodelings,работать моделью,mannequinat
32505,prohibits,запрещает,interdit
32506,prohibits,запрещает,interdisant
32507,prohibits,запрещает,empêche
32508,prohibits,запрещает,interdisent
32509,prohibits,запрещает,prohibe
32510,prohibits,запрещает,interdise
32511,prohibits,запрещает,proscrit
32512,prohibits,запрещает,interdisait
32513,prohibits,запрещает,réprime
32514,prohibits,запрещает,interdiction
32515,prohibits,запрещает,interdire
32516,prohibits,запрещается,interdisant
32517,prohibits,запрещается,interdisent
32518,prohibits,запрещается,prohibe
32519,prohibits,запрещается,interdise
32520,prohibits,запрещается,proscrit
32521,prohibits,запрещается,interdisait
32522,prohibits,запрещается,interdiction
32523,prohibits,запрещается,interdire
32524,prohibits,запрещаются,interdit
32525,prohibits,запрещаются,interdisent
32526,prohibits,запрещаются,proscrit
32527,prohibits,запрещаются,interdisait
32528,prohibits,запрещаются,interdiction
32529,prohibits,запрещают,interdit
32530,prohibits,запрещают,interdisant
32531,prohibits,запрещают,interdisent
32532,prohibits,запрещают,proscrit
32533,prohibits,запрещают,interdisait
32534,prohibits,запрещают,interdire
32535,prohibits,запрещено,interdire
32536,prohibits,запрещающего,interdisant
32537,prohibits,запрещающего,interdise
32538,prohibits,запрещающего,interdiction
32539,prohibits,запрещающего,interdire
32540,prohibits,запрещены,interdit
32541,prohibits,запрещены,interdise
32542,prohibits,запрещены,interdiction
32543,prohibits,запрещены,interdire
32544,prohibits,запрещена,interdiction
32545,prohibits,запрещающее,interdisant
32546,prohibits,запрещающее,interdise
32547,prohibits,запрещающее,interdire
32548,prohibits,содержится запрет,interdit
32549,prohibits,содержится запрет,interdisant
32550,prohibits,содержится запрет,interdisent
32551,prohibits,содержится запрет,interdiction
32552,prohibits,установлен запрет,interdit
32553,prohibits,установлен запрет,interdisent
32554,prohibits,не допускается,no_equality
32555,prohibits,запрещающий,interdisant
32556,prohibits,запрещающий,interdire
32557,prohibits,не допускает,prohibe
32558,prohibits,не допускает,exclut
32559,prohibits,воспрещает,no_equality
32560,pulverisation,пульверизация,no_equality
32561,repetition,повторение,répétition
32562,repetition,повторение,récurrence
32563,repetition,повторение,ne se reproduisent
32564,repetition,повторение,réitération
32565,repetition,повтор,répétition
32566,repetition,повтор,répétitif
32567,repetition,дублирование,no_equality
32568,repetition,второгодничества,redoublement
32569,repetition,второгодников,redoublement
32570,repetition,повторного,no_equality
32571,repetition,повторное,no_equality
32572,repetition,остающихся на второй год,no_equality
32573,repetition,повторяется,no_equality
32574,pumped,взволнован,excité
32575,pumped,накачали,no_equality
32576,pumped,накачал,no_equality
32577,pumped,закачивают,no_equality
32578,pumped,перекачиваемой,no_equality
32579,pumped,закачивается,injecté
32580,pumped,промыли,no_equality
32581,pumped,накачала,no_equality
32582,pumped,накачивали,no_equality
32583,pumped,закачал,no_equality
32584,pumped,на взводе,excité
32585,pumped,откачиваемой,no_equality
32586,pumped,промывание,no_equality
32587,scrounging,воровали,no_equality
32588,examine,изучить,examiner
32589,examine,изучить,étudier
32590,examine,изучить,analyser
32591,examine,изучить,déterminer
32592,examine,изучить,pencher sur
32593,examine,изучить,évaluer
32594,examine,изучить,revoir
32595,examine,рассмотреть,examiner
32596,examine,рассмотреть,étudier
32597,examine,рассмотреть,pencher sur
32598,examine,рассмотреть,envisager
32599,examine,рассмотреть,revoir
32600,examine,рассматривать,examiner
32601,examine,рассматривать,étudier
32602,examine,рассматривать,analyser
32603,examine,рассматривать,envisager
32604,examine,рассматривать,réexaminer
32605,examine,изучать,examiner
32606,examine,изучать,étudier
32607,examine,изучать,analyser
32608,examine,изучать,interroger
32609,examine,изучать,envisager
32610,examine,изучать,approfondir
32611,examine,изучать,scruter
32612,examine,проанализировать,examiner
32613,examine,проанализировать,étudier
32614,examine,проанализировать,analyser
32615,examine,проанализировать,déterminer
32616,examine,проанализировать,pencher sur
32617,examine,проанализировать,évaluer
32618,examine,проанализировать,envisager
32619,examine,проанализировать,revoir
32620,examine,проанализировать,réexaminer
32621,examine,осмотреть,examiner
32622,examine,осмотреть,vérifier
32623,examine,осмотреть,inspecter
32624,examine,исследовать,examiner
32625,examine,исследовать,étudier
32626,examine,исследовать,analyser
32627,examine,проверить,examiner
32628,examine,проверить,vérifier
32629,examine,проверить,inspecter
32630,examine,анализировать,examiner
32631,examine,анализировать,analyser
32632,examine,анализировать,évaluer
32633,examine,обследовать,examiner
32634,examine,ознакомиться,examiner
32635,examine,ознакомиться,évaluer
32636,examine,проверять,examiner
32637,examine,проверять,vérifier
32638,examine,проверять,inspecter
32639,examine,осматривать,examiner
32640,examine,осматривать,inspecter
32641,examine,изучения,no_equality
32642,examine,рассмотрения,no_equality
32643,examine,изучению,no_equality
32644,examine,рассмотрению,no_equality
32645,examine,проводить осмотр,examiner
32646,chromes,хромы,no_equality
32647,chromes,хромов,chrome
32648,deficiencies,недоработки,carence
32649,deficiencies,недоработки,déficience
32650,deficiencies,недоработки,insuffisance
32651,acres,акров,acre
32652,acres,акров,hectare
32653,acres,акров,arpent
32654,acres,акра,acre
32655,acres,акра,hectare
32656,acres,гектаров,hectare
32657,acres,гектаров,ha
32658,acres,акрах,hectare
32659,acres,акрах,arpent
32660,acres,га,hectare
32661,acres,га,ha
32662,acres,акры,hectare
32663,acres,акрами,no_equality
32664,acres,гектара,no_equality
32665,acres,просторы,no_equality
32666,acres,эйкерс,acre
32667,acres,гектары,no_equality
32668,acres,земли,terre
32669,Dvoraks,дворжак,dvorak
32670,Dvoraks,дворак,dvorak
32671,Dvoraks,дворака,no_equality
32672,Dvoraks,дворжаком,no_equality
32673,treason,измена,trahison
32674,treason,предательство,trahison
32675,treason,предательство,trahir
32676,treason,предательство,traîtrise
32677,treason,государственная измена,no_equality
32678,treason,государственной измене,no_equality
32679,treason,государственной измены,no_equality
32680,treason,государственной изменой,trahison
32681,treason,государственную измену,no_equality
32682,treason,госизмене,no_equality
32683,actualizing,реализация,no_equality
32684,actualizing,актуализации,actualiser
32685,assiduous,прилежный,no_equality
32686,assiduous,старательный,no_equality
32687,assiduous,неустанные,no_equality
32688,assiduous,усердную,no_equality
32689,assiduous,усердной,no_equality
32690,assiduous,помощью фильтрации,no_equality
32691,seasons,сезонов,saison
32692,seasons,сезона,saison
32693,seasons,сезона,campagne
32694,seasons,сезона,hiver
32695,seasons,сезоны,saison
32696,seasons,времена года,saison
32697,seasons,времена года,période
32698,seasons,времена года,année
32699,seasons,времен года,saison
32700,seasons,времени года,saison
32701,seasons,времени года,seasons
32702,seasons,сезон,saison
32703,seasons,сезон,période
32704,seasons,сезонами,saison
32705,seasons,сезонах,saison
32706,seasons,время года,saison
32707,seasons,seasons,no_equality
32708,seasons,периоды,période
32709,seasons,сезонам,no_equality
32710,frighten,пугать,effrayer
32711,frighten,пугать,faire peur
32712,frighten,пугать,terrifier
32713,frighten,напугать,effrayer
32714,frighten,напугать,faire peur
32715,frighten,напугать,intimider
32716,frighten,напугать,terrifier
32717,frighten,напугать,faire fuir
32718,frighten,запугать,effrayer
32719,frighten,запугать,faire peur
32720,frighten,запугать,intimider
32721,frighten,запугать,terroriser
32722,frighten,испугать,no_equality
32723,frighten,испугаться,faire peur
32724,frighten,боюсь,no_equality
32725,frighten,отпугнуть,effrayer
32726,frighten,отпугнуть,faire peur
32727,frighten,отпугнуть,faire fuir
32728,frighten,припугнуть,effrayer
32729,frighten,припугнуть,intimider
32730,blabber,болтать,jaser
32731,blabber,болтать,bavardage
32732,blabber,сплетник,no_equality
32733,subsequently,впоследствии,ensuite
32734,subsequently,впоследствии,par la suite
32735,subsequently,впоследствии,ultérieurement
32736,subsequently,впоследствии,puis
32737,subsequently,впоследствии,subséquemment
32738,subsequently,впоследствии,plus tard
32739,subsequently,впоследствии,alors
32740,subsequently,впоследствии,après
32741,subsequently,впоследствии,depuis lors
32742,subsequently,позднее,ensuite
32743,subsequently,позднее,par la suite
32744,subsequently,позднее,ultérieurement
32745,subsequently,позднее,puis
32746,subsequently,позднее,plus tard
32747,subsequently,позднее,après
32748,subsequently,после этого,ensuite
32749,subsequently,после этого,ultérieurement
32750,subsequently,после этого,puis
32751,subsequently,после этого,alors
32752,subsequently,после этого,depuis lors
32753,subsequently,позже,ensuite
32754,subsequently,позже,ultérieurement
32755,subsequently,позже,puis
32756,subsequently,позже,plus tard
32757,subsequently,позже,après
32758,subsequently,позже,postérieurement
32759,subsequently,потом,ensuite
32760,subsequently,потом,plus tard
32761,subsequently,потом,alors
32762,subsequently,потом,après
32763,subsequently,следовательно,par conséquent
32764,subsequently,следовательно,donc
32765,subsequently,следовательно,partant
32766,subsequently,последующем,no_equality
32767,subsequently,последующего,no_equality
32768,subsequently,последующей,no_equality
32769,subsequently,последующим,puis
32770,subsequently,последующий период,ultérieurement
32771,subsequently,последующий период,depuis lors
32772,subsequently,последующее,no_equality
32773,subsequently,последующими,ultérieurement
32774,subsequently,последующему,no_equality
32775,subsequently,последующая,no_equality
32776,adventurism,авантюризм,aventurisme
32777,adventurism,авантюризмом,no_equality
32778,adventurism,авантюры,no_equality
32779,adventurism,авантюр,no_equality
32780,adventurism,авантюризму,no_equality
32781,blasphemously,богохульно,no_equality
32782,overeat,переедать,no_equality
32783,proprietorships,предпринимателей,no_equality
32784,proprietorships,единоличной собственности,no_equality
32785,enthusing,вызывание энтузиазма,no_equality
32786,jangles,перезвон,jangles
32787,jangles,перезвона,jangles
32788,jangles,перезвоном,no_equality
32789,jangles,ключник,no_equality
32790,jangles,перезвоне,no_equality
32791,jangles,перезвону,no_equality
32792,felicitating,поздравление,félicitation
32793,adequate,надлежащий,adéquat
32794,adequate,надлежащий,suffisant
32795,adequate,надлежащий,approprié
32796,adequate,надлежащий,bon
32797,adequate,надлежащий,correct
32798,adequate,адекватный,adéquat
32799,adequate,адекватный,suffisant
32800,adequate,адекватный,approprié
32801,adequate,достаточный,suffisant
32802,adequate,достаточный,assez
32803,adequate,достаточный,suffisamment
32804,adequate,соответствующий,adéquat
32805,adequate,соответствующий,approprié
32806,adequate,необходимый,approprié
32807,adequate,необходимый,nécessaire
32808,adequate,адекватно,suffisamment
32809,adequate,должное,no_equality
32810,adequate,должной,suffisamment
32811,adequate,должным образом,no_equality
32812,adequate,адекватность,no_equality
32813,adequate,необходимое,no_equality
32814,adequate,должную,no_equality
32815,adequate,требованиям,no_equality
32816,adequate,достойное,décent
32817,adequate,неадекватным,no_equality
32818,adequate,подходящий,adéquat
32819,adequate,подходящий,approprié
32820,adequate,подходящий,convenable
32821,adequate,подходящий,adapté
32822,adequate,подходящий,bon
32823,conveniences,удобствами,commodité
32824,conveniences,удобствами,confort
32825,conveniences,удобствами,équipement
32826,conveniences,удобства,commodité
32827,conveniences,удобства,convenance
32828,conveniences,удобства,installation
32829,conveniences,удобств,commodité
32830,conveniences,удобств,confort
32831,conveniences,удобств,installation
32832,conveniences,удобств,équipement
32833,conveniences,комфортом,no_equality
32834,conveniences,комфорта,no_equality
32835,registered,зарегистрированных,enregistré
32836,registered,зарегистрированных,inscrit
32837,registered,зарегистрированных,agréé
32838,registered,зарегистрировано,enregistré
32839,registered,зарегистрировано,inscrit
32840,registered,зарегистрированы,enregistré
32841,registered,зарегистрированные,inscrit
32842,registered,зарегистрированные,agréé
32843,registered,зарегистрирован,enregistré
32844,registered,зарегистрирован,inscrit
32845,registered,регистрации,no_equality
32846,registered,зарегистрирована,enregistré
32847,registered,зарегистрирована,inscrit
32848,registered,зарегистрированным,enregistré
32849,registered,зарегистрированным,inscrit
32850,registered,зарегистрированным,agréé
32851,registered,зарегистрированный,enregistré
32852,registered,зарегистрированный,inscrit
32853,registered,регистрируются,no_equality
32854,registered,регистрация,no_equality
32855,registered,зарегистрированного,enregistré
32856,registered,зарегистрированного,inscrit
32857,registered,зарегистрированными,no_equality
32858,registered,зарегистрированной,enregistré
32859,registered,зарегистрированной,inscrit
32860,registered,зарегистрированной,agréé
32861,registered,заказной,recommandé
32862,incitation,подстрекательство к,no_equality
32863,incitation,подстрекательства к,no_equality
32864,incitation,подстрекательством к,no_equality
32865,incitation,подстрекательстве,incitation
32866,incitation,разжигание,no_equality
32867,Mekongs,меконг,no_equality
32868,Mekongs,большого меконга,no_equality
32869,Mekongs,меконгу,no_equality
32870,Mekongs,меконгской,no_equality
32871,peaty,торфяной,no_equality
32872,transacting,заключения сделок,transaction
32873,sponsoring,финансирование,no_equality
32874,sponsoring,числу авторов,no_equality
32875,sponsoring,авторам,no_equality
32876,sponsoring,поручившееся,no_equality
32877,sponsoring,спонсирует,parraine
32878,sponsoring,спонсирует,sponsorise
32879,sponsoring,поручившимся,no_equality
32880,sponsoring,спонсирование,parrainage
32881,sponsoring,поддержка,no_equality
32882,sponsoring,авторами,parrainer
32883,sponsoring,финансирует,parraine
32884,sponsoring,организацию,no_equality
32885,sponsoring,соавторами,parrain
32886,sponsoring,соавторами,parrainer
32887,sponsoring,число авторов,no_equality
32888,sponsoring,спонсорами,parrainage
32889,sponsoring,спонсорами,parrain
32890,sponsoring,спонсорами,commanditaire
32891,sponsoring,спонсорами,sponsor
32892,sponsoring,автором,no_equality
32893,petitioners,петиционеров,pétitionnaire
32894,petitioners,петиционеры,no_equality
32895,petitioners,заявители,requérant
32896,petitioners,заявителей,requérant
32897,petitioners,заявителей,demandeur
32898,petitioners,заявителей,plaignant
32899,petitioners,петиционерами,pétitionnaire
32900,petitioners,петиционерам,no_equality
32901,petitioners,заявителями,requérant
32902,petitioners,заявителями,demandeur
32903,petitioners,заявителям,requérant
32904,petitioners,заявителям,demandeur
32905,petitioners,истцы,plaignant
32906,petitioners,авторы сообщения,no_equality
32907,petitioners,истцам,plaignant
32908,petitioners,петиционерах,pétitionnaire
32909,petitioners,авторов сообщения,auteur
32910,misdemeanours,мисдиминоре,no_equality
32911,misdemeanours,проступки,délit
32912,misdemeanours,проступки,manquement
32913,misdemeanours,проступки,contravention
32914,misdemeanours,мисдиминоры,no_equality
32915,misdemeanours,правонарушениями,délit
32916,misdemeanours,мелких правонарушениях,infractions mineures
32917,misdemeanours,проступков,délit
32918,misdemeanours,мелким правонарушениям,no_equality
32919,misdemeanours,мелких правонарушений,infractions mineures
32920,misdemeanours,проступками,no_equality
32921,misdemeanours,административных правонарушениях,no_equality
32922,misdemeanours,мисдиминорам,no_equality
32923,misdemeanours,деликты,délit
32924,misdemeanours,мелкие преступления,no_equality
32925,misdemeanours,мисдиминоров,no_equality
32926,misdemeanours,мелкие правонарушения,infractions mineures
32927,absents,не является,no_equality
32928,Libyan,ливийский,no_equality
32929,Libyan,ливиец,libyen
32930,Libyan,ливийской,libyen
32931,Libyan,ливии,libyen
32932,Libyan,ливии,libye
32933,Libyan,ливии,lybie
32934,Libyan,ливийскую,no_equality
32935,Libyan,либиан,no_equality
32936,slaking,уменьшение,no_equality
32937,Hogans,хоганс,no_equality
32938,nukes,боеголовки,ogive
32939,nukes,ядерное вооружение,armes nucléaires
32940,complemented,дополненный,complété
32941,complemented,с дополнениями,no_equality
32942,freely,свободно,librement
32943,freely,добровольно,librement
32944,freely,беспрепятственно,librement
32945,freely,беспрепятственно,toute liberté
32946,freely,беспрепятственно,sans entrave
32947,freely,беспрепятственно,sans entraves
32948,freely,бесплатно,gratuitement
32949,freely,бесплатно,gracieusement
32950,freely,бесплатно,à titre gratuit
32951,freely,открыто,librement
32952,freely,открыто,franchement
32953,freely,открыто,ouvertement
32954,freely,откровенно,franchement
32955,freely,откровенно,ouvertement
32956,freely,свободное,no_equality
32957,freely,свободного,no_equality
32958,freely,свободу,no_equality
32959,freely,свободном,no_equality
32960,freely,свободной,no_equality
32961,freely,свободному,no_equality
32962,freely,свободных,no_equality
32963,freely,свободным,no_equality
32964,freely,вольно,no_equality
32965,disabled,нетрудоспособный,no_equality
32966,disabled,недоступный,no_equality
32967,disabled,неработающий,no_equality
32968,disabled,неполноценный,no_equality
32969,disabled,инвалидный,no_equality
32970,disabled,искалеченный,no_equality
32971,disabled,блокированный,no_equality
32972,disabled,отключенный,no_equality
32973,disabled,выведенный из строя,hors service
32974,minimizing,сведение к минимуму,réduction au minimum
32975,minimizing,минимизация,minimiser
32976,minimizing,минимизация,minimisation
32977,minimizing,минимизация,réduction au minimum
32978,minimizing,уменьшение,atténuation
32979,minimizing,уменьшение,diminution
32980,minimizing,сведения к минимуму,minimiser
32981,minimizing,сведения к минимуму,atténuer
32982,minimizing,минимизации,minimiser
32983,minimizing,минимизации,minimisation
32984,minimizing,минимизации,réduction au minimum
32985,minimizing,минимизации,atténuer
32986,minimizing,свести к минимуму,minimiser
32987,minimizing,сведении к минимуму,minimiser
32988,minimizing,сведению к минимуму,minimiser
32989,minimizing,минимизировать,minimiser
32990,minimizing,минимизировать,réduire au minimum
32991,minimizing,сводить к минимуму,no_equality
32992,minimizing,сокращения,atténuation
32993,minimizing,сокращения,diminuer
32994,minimizing,сокращения,diminution
32995,minimizing,минимизацией,no_equality
32996,minimizing,уменьшить,no_equality
32997,minimizing,сведении до минимума,no_equality
32998,minimizing,сведения до минимума,minimiser
32999,minimizing,сведения до минимума,réduire au minimum
33000,withstands,выдерживает,no_equality
33001,entertainer,эстрадный артист,artiste
33002,entertainer,шоумен,artiste
33003,entertainer,конферансье,no_equality
33004,entertainer,артисткой,artiste
33005,entertainer,работников индустрии развлечений,no_equality
33006,entertainer,шоумена,no_equality
33007,entertainer,работникам индустрии развлечений,no_equality
33008,entertainer,актер,no_equality
33009,entertainer,аниматором,no_equality
33010,entertainer,"категории ""работник индустрии развлечений""",no_equality
33011,entertainer,король тампы,no_equality
33012,entertainer,эстрадным артистом,artiste
33013,entertainer,работников шоу-бизнеса,spectacle
33014,arbitrators,арбитров,arbitre
33015,arbitrators,арбитры,arbitre
33016,arbitrators,арбитрами,arbitre
33017,arbitrators,арбитрам,no_equality
33018,arbitrators,арбитра,arbitre
33019,arbitrators,третейских судей,arbitre
33020,arbitrators,арбитражных судей,no_equality
33021,arbitrators,третейские судьи,arbitre
33022,arbitrators,арбитрах,no_equality
33023,arbitrators,третейскими судьями,no_equality
33024,arbitrators,третейских услуг,no_equality
33025,arbitrators,арбитражных органов,no_equality
33026,arbitrators,арбитражных судах,no_equality
33027,inscrutable,загадочный,énigmatique
33028,inscrutable,непостижимый,no_equality
33029,inscrutable,непостижимая,no_equality
33030,inscrutable,господни неисповедимы,no_equality
33031,golfing,играть в гольф,jouer au golf
33032,golfing,на гольф,jouer au golf
33033,golfing,по гольфу,no_equality
33034,golfing,игра в гольф,jouer au golf
33035,golfing,для гольфа,de golf
33036,golfing,на гольфе,de golf
33037,golfing,в мини-гольф,no_equality
33038,golfing,гольфом,no_equality
33039,fumbling,безуспешные,no_equality
33040,dunks,макает,no_equality
33041,sons,сыновей,fil
33042,sons,сыновей,enfant
33043,sons,сыновей,garçon
33044,sons,сыновья,fil
33045,sons,сыновья,garçon
33046,sons,сыновьями,fil
33047,sons,сыновьями,garçon
33048,sons,сына,fil
33049,sons,сына,enfant
33050,sons,сына,garçon
33051,sons,сыновьям,fil
33052,sons,сукины,enfoiré
33053,sons,сукины,salopard
33054,sons,сыны,fil
33055,sons,сынов,fil
33056,sons,детей,enfant
33057,sons,детей,garçon
33058,sons,дети,fil
33059,sons,дети,enfant
33060,sons,дети,garçon
33061,sons,сыновьях,no_equality
33062,sons,сын,fil
33063,sons,сын,enfant
33064,sons,сын,garçon
33065,sons,сын,enfoiré
33066,sons,сын,salaud
33067,sons,сын,salopard
33068,sons,сынами,no_equality
33069,sons,мальчиков,fil
33070,sons,мальчиков,enfant
33071,sons,мальчиков,garçon
33072,sons,сынам,no_equality
33073,guidance,руководство,orientation
33074,guidance,руководство,conseil
33075,guidance,руководство,guide
33076,guidance,руководство,direction
33077,guidance,руководство,lignes directrices
33078,guidance,рекомендации,orientation
33079,guidance,рекомендации,directive
33080,guidance,рекомендации,conseil
33081,guidance,рекомендации,indication
33082,guidance,рекомендации,lignes directrices
33083,guidance,рекомендации,avis
33084,guidance,ориентация,no_equality
33085,guidance,инструкции,directive
33086,guidance,инструкции,conseil
33087,guidance,инструкции,indication
33088,guidance,инструкции,lignes directrices
33089,guidance,инструкции,instruction
33090,guidance,консультирование,orientation
33091,guidance,управление,direction
33092,guidance,управление,conduite
33093,guidance,руководящие указания,orientation
33094,guidance,руководящие указания,directive
33095,guidance,руководящие указания,guide
33096,guidance,руководящие указания,lignes directrices
33097,guidance,руководящие указания,instruction
33098,guidance,руководящих указаний,orientation
33099,guidance,руководящих указаний,directive
33100,guidance,руководящих указаний,lignes directrices
33101,guidance,руководящих указаний,instruction
33102,guidance,руководящие принципы,orientation
33103,guidance,руководящие принципы,directive
33104,guidance,руководящие принципы,indication
33105,guidance,руководящие принципы,lignes directrices
33106,guidance,руководящие принципы,instruction
33107,guidance,руководящих принципов,directive
33108,guidance,руководящих принципов,conseil
33109,guidance,руководящих принципов,lignes directrices
33110,guidance,ориентиры,orientation
33111,guidance,ориентиры,directive
33112,guidance,ориентиры,indication
33113,guidance,руководящими указаниями,directive
33114,guidance,руководящими указаниями,indication
33115,guidance,консультации,conseil
33116,guidance,руководящих указаниях,directive
33117,guidance,руководящих указаниях,indication
33118,guidance,руководящих указаниях,lignes directrices
33119,guidance,ориентиром,orientation
33120,guidance,ориентиром,directive
33121,guidance,ориентиром,indication
33122,guidance,ориентиром,guide
33123,guidance,ориентиром,lignes directrices
33124,guidance,водительство,no_equality
33125,ignition,зажигание,allumage
33126,ignition,зажигание,contact
33127,ignition,воспламенение,inflammation
33128,ignition,запал,no_equality
33129,ignition,розжиг,no_equality
33130,ignition,прокаливание,no_equality
33131,ignition,воспламенитель,no_equality
33132,ignition,запальный,no_equality
33133,ignition,зажигательный,no_equality
33134,ignition,воспламенительный,no_equality
33135,Fes,фес,fez
33136,Fes,фез,fez
33137,Fes,орс,no_equality
33138,Fes,фесе,fès
33139,Fes,фесе,fez
33140,Fes,ффэ,no_equality
33141,Fes,счф,no_equality
33142,headed,направляется,va
33143,headed,возглавлял,no_equality
33144,headed,возглавляют,chef
33145,headed,направился,no_equality
33146,headed,направились,no_equality
33147,headed,направляемся,en route
33148,headed,направляемся,va
33149,headed,направляются,no_equality
33150,headed,возглавляемым,no_equality
33151,headed,направлялся,allait
33152,headed,возглавил,no_equality
33153,headed,направляюсь,no_equality
33154,headed,движется,no_equality
33155,headed,возглавляла,no_equality
33156,headed,еду,no_equality
33157,headed,возглавляли,no_equality
33158,headed,голова,no_equality
33159,camoes,каноэ,no_equality
33160,communicativeness,коммуникативность,no_equality
33161,arthropodal,членистоногих,no_equality
33162,arthropodal,членистоногие,arthropode
33163,arthropodal,артроподы,no_equality
33164,impediments,препятствий,obstacle
33165,impediments,препятствия,obstacle
33166,impediments,препятствия,difficulté
33167,impediments,препятствия,entrave
33168,impediments,препятствия,empêchement
33169,impediments,препятствия,contrainte
33170,impediments,препятствия,barrière
33171,impediments,препятствия,empêchent
33172,impediments,препятствия,entraver
33173,impediments,препятствиями,obstacle
33174,impediments,препятствиями,difficulté
33175,impediments,препятствиях,obstacle
33176,impediments,препятствиях,difficulté
33177,impediments,трудностей,difficulté
33178,impediments,трудности,difficulté
33179,impediments,барьеров,obstacle
33180,impediments,барьеров,difficulté
33181,impediments,барьеров,barrière
33182,impediments,трудностями,obstacle
33183,impediments,трудностями,difficulté
33184,impediments,трудностями,contrainte
33185,impediments,трудностями,restriction
33186,impediments,препятствуют,obstacle
33187,impediments,препятствуют,entrave
33188,impediments,препятствуют,empêchent
33189,impediments,препятствуют,entraver
33190,impediments,препоны,no_equality
33191,impediments,препятствием,obstacle
33192,impediments,препятствием,entrave
33193,impediments,препятствием,empêchement
33194,impediments,препятствием,contrainte
33195,impediments,препятствием,barrière
33196,impediments,препятствием,entraver
33197,impediments,ограничения,obstacle
33198,impediments,ограничения,difficulté
33199,impediments,ограничения,contrainte
33200,impediments,ограничения,restriction
33201,impediments,"факторы, препятствующие",obstacle
33202,impediments,"факторы, препятствующие",qui entravent
33203,impediments,"факторов, препятствующих",obstacle
33204,impediments,"факторов, препятствующих",qui entravent
33205,impediments,ограничений,difficulté
33206,impediments,ограничений,contrainte
33207,impediments,ограничений,restriction
33208,spermous,тяжкий,no_equality
33209,spermous,серьёзный,no_equality
33210,spermous,острый,no_equality
33211,spermous,серьезные,no_equality
33212,spermous,серьезных,no_equality
33213,spermous,серьезную,no_equality
33214,spermous,серьезной,no_equality
33215,spermous,серьезным,no_equality
33216,spermous,серьезными,no_equality
33217,spermous,серьезное,no_equality
33218,spermous,серьезного,no_equality
33219,spermous,серьезная,no_equality
33220,spermous,серьезному,no_equality
33221,spermous,серьезном,no_equality
33222,spermous,серьезность,no_equality
33223,spermous,нешуточный,no_equality
33224,housing,жилье,logement
33225,housing,жилье,habitation
33226,housing,жилье,habitat
33227,housing,жилье,immobilier
33228,housing,жилье,hébergement
33229,housing,жилье,résidence
33230,housing,жилище,habitation
33231,housing,жилище,habitat
33232,housing,жилищное строительство,no_equality
33233,housing,корпус,boîtier
33234,housing,корпус,corps
33235,housing,корпус,enveloppe
33236,housing,размещение,logement
33237,housing,размещение,hébergement
33238,housing,проживание,no_equality
33239,housing,кожух,no_equality
33240,housing,жилищный,immobilier
33241,housing,жилой,no_equality
33242,housing,жилищного строительства,logement
33243,housing,жилищного строительства,habitat
33244,housing,жилищных,logement
33245,housing,жилых,logement
33246,housing,обеспечения жильем,logement
33247,housing,домов,no_equality
33248,housing,жилищному хозяйству,logement
33249,housing,жилищному строительству,logement
33250,housing,футляр,no_equality
33251,evinces,демонстрирует,témoigne
33252,evinces,демонстрирует,montre
33253,fizzing,шипение,no_equality
33254,fizzing,шипит,no_equality
33255,fundamentalism,фундаментализм,fondamentalisme
33256,fundamentalism,фундаментализм,intégrisme
33257,refrains,воздерживается,s'abstient
33258,demoted,понизил,no_equality
33259,demoted,понижен в должности,dégradé
33260,demoted,понижен в должности,déclassé
33261,demoted,понижены в должности,no_equality
33262,demoted,разжалован,no_equality
33263,demoted,разжаловал,no_equality
33264,demoted,понижение в должности,no_equality
33265,demoted,понижают,no_equality
33266,demoted,понижена,no_equality
33267,demoted,понизила,no_equality
33268,demoted,понизили в должности,été rétrogradée
33269,demoted,разжаловали,no_equality
33270,demoted,понизят в должности,no_equality
33271,demoted,разжалована,no_equality
33272,demoted,разжалуют,no_equality
33273,demoted,разжалованный,no_equality
33274,articulative,сформулировать,no_equality
33275,articulative,формулировать,no_equality
33276,articulative,выражать,no_equality
33277,articulative,определить,no_equality
33278,articulative,разработки,formulation
33279,articulative,разработки,élaboration
33280,articulative,разработки,définir
33281,articulative,излагать,no_equality
33282,articulative,артикулировать,no_equality
33283,articulative,красноречивый,no_equality
33284,articulative,формулирования,formulation
33285,articulative,формулирования,élaboration
33286,articulative,формулирования,définition
33287,articulative,формулирования,définir
33288,articulative,формулированию,formulation
33289,articulative,формулированию,élaboration
33290,articulative,заявить,no_equality
33291,articulative,выражения,expression
33292,articulative,изложить,no_equality
33293,articulative,изложения,énoncé
33294,voided,опорожненный,no_equality
33295,voided,освобожденный,no_equality
33296,tragical,трагический,tragique
33297,coloreds,цветных,no_equality
33298,coloreds,цветные,noir
33299,Amoys,амос,no_equality
33300,Amoys,эймос,amos
33301,Amoys,амоса,no_equality
33302,Amoys,амосу,amos
33303,Amoys,эймоса,no_equality
33304,Amoys,амосом,no_equality
33305,Amoys,эмос,no_equality
33306,Amoys,эймосом,no_equality
33307,Amoys,эймосу,no_equality
33308,Amoys,amos,no_equality
33309,imprinted,тисненый,no_equality
33310,imprinted,впечатанный,no_equality
33311,distension,растяжение,no_equality
33312,distension,вздутие живота,gonflement
33313,superscribe,надписывать,no_equality
33314,hangings,повешения,pendaison
33315,hangings,вешают,no_equality
33316,hangings,портьерами,no_equality
33317,peeping,подглядывание,voyeurisme
33318,peeping,любопытный,no_equality
33319,peeping,подглядывал,no_equality
33320,peeping,подглядываешь,no_equality
33321,peeping,подглядывающий,no_equality
33322,peeping,подглядывает,no_equality
33323,peeping,подглядывающим,no_equality
33324,peeping,подглядывают,no_equality
33325,peeping,подсматриваешь,no_equality
33326,peeping,пялятся,no_equality
33327,peeping,подглядывать,épier
33328,peeping,подглядывать,mater
33329,peeping,подглядываю,no_equality
33330,peeping,подсматривал,no_equality
33331,peeping,любопытная варвара,no_equality
33332,cordites,кортес,no_equality
33333,cordites,кортез,no_equality
33334,cordites,генеральные кортесы,no_equality
33335,cordites,кортесов,no_equality
33336,cordites,генеральным кортесам,no_equality
33337,cordites,пуэрто-кортес,no_equality
33338,amounting,составляет,total
33339,amounting,составляет,représentent
33340,amounting,сумма,total
33341,amounting,размере,correspondant
33342,amounting,размере,total
33343,amounting,объеме,total
33344,amounting,составляя,représentent
33345,amounting,составлял,no_equality
33346,amounting,что равносильно,no_equality
33347,amounting,равнозначных,no_equality
33348,amounting,составляющую,no_equality
33349,amounting,составляла,s'élevaient
33350,amounting,составляла,s'élevait
33351,amounting,составляла,représentent
33352,amounting,составляющий,no_equality
33353,amounting,достигнув,no_equality
33354,amounting,составило,total
33355,stewardship,управление,intendance
33356,stewardship,управление,gestion
33357,stewardship,управление,direction
33358,stewardship,управление,administration
33359,stewardship,управление,gouvernance
33360,stewardship,управление,conduite
33361,stewardship,руководством,administration
33362,stewardship,руководством,présidence
33363,stewardship,руководство работой,no_equality
33364,stewardship,руководства,gestion
33365,stewardship,руководства,direction
33366,stewardship,руководства,administration
33367,stewardship,руководства,gouvernance
33368,stewardship,распоряжения,gestion
33369,stewardship,распоряжения,administration
33370,stewardship,руководству,gestion
33371,stewardship,руководству,administration
33372,stewardship,руководству,gouvernance
33373,stewardship,руководству,présidence
33374,stewardship,рационального использования,gestion
33375,stewardship,обеспечения экологичности,no_equality
33376,stewardship,руководящую роль,no_equality
33377,stances,позиции,no_equality
33378,stances,позициях,no_equality
33379,stances,позициями,no_equality
33380,stances,мировоззрений,no_equality
33381,stances,налогово-бюджетной,no_equality
33382,stances,позициям,no_equality
33383,belligerently,воинственно,no_equality
33384,shipment,партия,expédition
33385,shipment,партия,envoi
33386,shipment,партия,cargaison
33387,shipment,партия,livraison
33388,shipment,партия,chargement
33389,shipment,партия,arrivage
33390,shipment,партия,lot
33391,shipment,поставка,expédition
33392,shipment,поставка,cargaison
33393,shipment,поставка,livraison
33394,shipment,груз,envoi
33395,shipment,груз,cargaison
33396,shipment,груз,livraison
33397,shipment,груз,chargement
33398,shipment,груз,colis
33399,shipment,груз,marchandise
33400,shipment,перевозка,transport
33401,shipment,перевозка,transfert
33402,shipment,отгрузка,chargement
33403,shipment,отправка,expédition
33404,shipment,отправка,envoi
33405,shipment,доставка,livraison
33406,shipment,доставка,transport
33407,shipment,доставка,colis
33408,shipment,доставка,acheminement
33409,shipment,транспортировка,transport
33410,shipment,товар,cargaison
33411,shipment,товар,livraison
33412,shipment,товар,marchandise
33413,shipment,отправления,expédition
33414,cone,конический,no_equality
33415,cone,конус,cône
33416,cone,шишка,no_equality
33417,cone,колбочка,no_equality
33418,cone,рожок,cône
33419,cone,рожок,cornet
33420,cone,воронка,no_equality
33421,cone,стаканчик,cône
33422,cone,колосок,no_equality
33423,productions,постановок,production
33424,productions,произведений,œuvres
33425,productions,продукции,production
33426,productions,продакшнс,production
33427,productions,трудами,production
33428,productions,продакшнз,production
33429,productions,производств,production
33430,productions,постановках,no_equality
33431,productions,видеоматериалов,no_equality
33432,productions,произведения,no_equality
33433,productions,продукция,production
33434,productions,productions,no_equality
33435,productions,продакшн,no_equality
33436,Churchillian,черчиллевские,no_equality
33437,weaving,ткачество,tissage
33438,weaving,плетение,no_equality
33439,weaving,ткацкие,no_equality
33440,weaving,ткацкое,no_equality
33441,weaving,ткать,no_equality
33442,weaving,ткачеству,tissage
33443,weaving,ковров,no_equality
33444,weaving,ткут,no_equality
33445,weaving,тканья,no_equality
33446,prematurely,преждевременно,prématurément
33447,prematurely,преждевременно,prématuré
33448,prematurely,досрочно,prématurément
33449,prematurely,досрочно,avant terme
33450,prematurely,раньше времени,prématurément
33451,prematurely,раньше времени,trop tôt
33452,prematurely,раньше времени,prématuré
33453,prematurely,раньше времени,avant l'heure
33454,prematurely,раньше времени,trop vite
33455,prematurely,раньше срока,trop tôt
33456,prematurely,раньше срока,prématuré
33457,prematurely,раньше срока,avant l'heure
33458,prematurely,преждевременного,no_equality
33459,prematurely,недоношенными,no_equality
33460,prematurely,преждевременном,no_equality
33461,prematurely,до ее окончания,no_equality
33462,prematurely,преждевременное,no_equality
33463,prematurely,преждевременной,no_equality
33464,shopped,покупала,ai acheté
33465,shopped,покупали,no_equality
33466,shopped,ходили по магазинам,no_equality
33467,shopped,закупаешься,faisais tes courses
33468,shopped,отоваривалась,no_equality
33469,shopped,занимались покупками,no_equality
33470,shopped,покупки,no_equality
33471,criminate,обвинять,no_equality
33472,minds,умы,esprit
33473,minds,умы,cerveau
33474,minds,умы,coeur
33475,minds,мысли,esprit
33476,minds,мысли,cerveau
33477,minds,мысли,pensent
33478,minds,умах,esprit
33479,minds,умов,no_equality
33480,minds,разум,esprit
33481,minds,разум,mental
33482,minds,разум,cerveau
33483,minds,разум,pensée
33484,minds,сознании,esprit
33485,minds,сознании,tête
33486,minds,сознании,cerveau
33487,minds,сознании,mémoire
33488,minds,мнение,avis
33489,minds,памяти,esprit
33490,minds,памяти,tête
33491,minds,памяти,mémoire
33492,minds,ум,esprit
33493,minds,ум,cerveau
33494,minds,сознание,conscience
33495,minds,умами,esprit
33496,minds,уме,tête
33497,minds,сознания,no_equality
33498,minds,головы,tête
33499,minds,души,no_equality
33500,Cupids,купидоны,no_equality
33501,retainers,слуг,no_equality
33502,retainers,вассалы,vassal
33503,retainers,вассалов,vassal
33504,retainers,слугам,serviteur
33505,retainers,слуги,serviteur
33506,retainers,фиксаторы,no_equality
33507,plans,планы,plan
33508,plans,планы,régime
33509,plans,планы,prévu
33510,plans,планы,envisage
33511,plans,планы,projet
33512,plans,планов,plan
33513,plans,планов,régime
33514,plans,планов,prévu
33515,plans,планов,projet
33516,plans,планах,plan
33517,plans,планах,prévu
33518,plans,планах,projet
33519,plans,планирует,prévoit
33520,plans,планирует,envisage
33521,plans,планирует,compte
33522,plans,планирует,entend
33523,plans,планирует,projette
33524,plans,планирует,envisageait
33525,plans,планами,plan
33526,plans,планами,régime
33527,plans,планам,plan
33528,plans,планам,régime
33529,plans,планам,projet
33530,plans,план,plan
33531,plans,план,prévu
33532,plans,план,projet
33533,plans,плана,plan
33534,plans,плана,régime
33535,plans,плана,projet
33536,plans,чертежи,plan
33537,plans,чертежи,schéma
33538,plans,плану,no_equality
33539,plans,планируется,intention
33540,plans,планируют,prévoit
33541,plans,планируют,envisage
33542,plans,бизнес-планов,no_equality
33543,plans,программы,plan
33544,plans,программ,plan
33545,plans,программ,régime
33546,plans,программ,projet
33547,rent,арендовать,louer
33548,rent,сдавать,louer
33549,rent,снять,louer
33550,rent,нанять,louer
33551,rent,прокат,location
33552,rent,рента,loyer
33553,rent,рента,rente
33554,rent,съем,no_equality
33555,rent,арендный,bail
33556,rent,арендный,locatif
33557,rent,напрокат,no_equality
33558,rent,внаем,no_equality
33559,assistance,помощь,assistance
33560,assistance,помощь,aide
33561,assistance,помощь,concours
33562,assistance,помощь,soutien
33563,assistance,помощь,secours
33564,assistance,помощь,appui
33565,assistance,помощь,assisté
33566,assistance,посторонняя помощь,assistance
33567,assistance,посторонняя помощь,aide
33568,assistance,пособие,aide
33569,invoicing,фактурирования,facturation
33570,invoicing,выставление счетов,no_equality
33571,invoicing,выставления счетов,facturation
33572,invoicing,выставления счетов-фактур,facture
33573,invoicing,выписки счетов,facture
33574,invoicing,выставления счета,facture
33575,invoicing,выписки счетов-фактур,facture
33576,invoicing,начисления,facturation
33577,invoicing,выписка счета-фактуры,facturation
33578,invoicing,выписка счета-фактуры,facture
33579,invoicing,фактурированием,no_equality
33580,invoicing,выставление счетов-фактур,facture
33581,protectionists,протекционисты,no_equality
33582,protectionists,протекционистов,no_equality
33583,protectionists,протекционистам,no_equality
33584,condenses,конденсируется,se condense
33585,prohibition,запрещение,interdiction
33586,prohibition,запрещение,prohibition
33587,prohibition,запрещение,interdit
33588,prohibition,запрещение,interdisant
33589,prohibition,запрещение,interdire
33590,prohibition,запрет,interdiction
33591,prohibition,запрет,prohibition
33592,prohibition,запрет,interdit
33593,prohibition,запрет,défense
33594,prohibition,запрет,interdisant
33595,prohibition,запрет,interdisent
33596,prohibition,запрет,interdise
33597,prohibition,запрет,interdisait
33598,prohibition,запрет,interdire
33599,prohibition,недопущение,interdiction
33600,prohibition,запрещает,interdiction
33601,prohibition,запрещает,interdit
33602,prohibition,запрещает,interdisant
33603,prohibition,запрещает,interdisent
33604,prohibition,запрещает,interdise
33605,prohibition,запрещает,interdisait
33606,prohibition,запрещает,interdire
33607,prohibition,запрещается,interdiction
33608,prohibition,запрещается,interdisant
33609,prohibition,запрещается,interdisent
33610,prohibition,запрещается,interdise
33611,prohibition,запрещается,interdisait
33612,prohibition,запрещается,interdire
33613,prohibition,запрещающие,interdit
33614,prohibition,запрещающие,interdisant
33615,prohibition,запрещающие,interdisent
33616,prohibition,запрещающих,interdisant
33617,prohibition,запрещающих,interdisent
33618,prohibition,сухого закона,prohibition
33619,prohibition,запрещено,no_equality
33620,prohibition,запрещающее,no_equality
33621,prohibition,запрещены,interdiction
33622,prohibition,запрещены,interdit
33623,prohibition,запрещены,interdise
33624,prohibition,запрещены,interdire
33625,prohibition,запрещена,interdiction
33626,prohibition,недопустимость,no_equality
33627,prohibition,сухой закон,prohibition
33628,prohibition,воспрещение,no_equality
33629,prohibition,запрещающего,interdisant
33630,left-handed,левша,no_equality
33631,left-handed,левой рукой,no_equality
33632,left-handed,леворукий,no_equality
33633,tailor,портной,tailleur
33634,tailor,портной,couturier
33635,tailor,адаптировать,adapter
33636,tailor,адаптировать,ajuster
33637,tailor,адаптации,no_equality
33638,tailor,разрабатывать,concevoir
33639,tailor,приспособить,adapter
33640,tailor,приспосабливать,adapter
33641,tailor,приспосабливать,ajuster
33642,tailor,корректировать,adapter
33643,tailor,корректировать,ajuster
33644,tailor,корректировать,moduler
33645,tailor,ателье,no_equality
33646,tailor,скорректировать,adapter
33647,tailor,скорректировать,ajuster
33648,tailor,скорректировать,moduler
33649,tailor,строить,faire
33650,tautness,натянутость,no_equality
33651,Weils,колодцев,no_equality
33652,Weils,скважин,no_equality
33653,Weils,колодцы,no_equality
33654,Weils,скважины,no_equality
33655,Weils,скважинах,no_equality
33656,Weils,колодца,no_equality
33657,Weils,колодцами,no_equality
33658,Weils,колодцах,no_equality
33659,Weils,колодцам,no_equality
33660,Weils,уэллс,no_equality
33661,Weils,уэллса,no_equality
33662,Weils,уэлс,no_equality
33663,Weils,уэллсом,no_equality
33664,Weils,веллс,no_equality
33665,Weils,уэллсу,no_equality
33666,Weils,лестничные клетки,no_equality
33667,vomiting,рвота,vomissement
33668,vomiting,рвота,vomi
33669,vomiting,рвота,vomir
33670,vomiting,рвота,vomit
33671,vomiting,рвотный,no_equality
33672,vomiting,рвущий,no_equality
33673,vomiting,блюющий,no_equality
33674,treadled,рассматриваются,no_equality
33675,treadled,рассматривать,no_equality
33676,treadled,лечение,no_equality
33677,treadled,рассматривается,no_equality
33678,treadled,обращение,no_equality
33679,treadled,обращаются,no_equality
33680,treadled,обращались,no_equality
33681,treadled,обращаться,no_equality
33682,treadled,рассматривались,no_equality
33683,treadled,лечили,no_equality
33684,treadled,относятся,no_equality
33685,treadled,обработанных,no_equality
33686,treadled,обращался с,no_equality
33687,treadled,лечил,no_equality
33688,treadled,относился к,no_equality
33689,dancer,танцор,danseur
33690,dancer,танцор,danse
33691,dancer,артист,no_equality
33692,dancer,исполнительница,no_equality
33693,dancer,плясун,danseur
33694,dancer,плясунья,no_equality
33695,dancer,чечеточник,no_equality
33696,dancer,танцорка,danseur
33697,dancer,танцорка,danceur
33698,dancer,танцующий,danse
33699,hilarity,веселье,hilarité
33700,hilarity,веселье,rigolade
33701,exacerbate,усугублять,exacerber
33702,exacerbate,усугублять,aggraver
33703,exacerbate,усугублять,accentuer
33704,exacerbate,усугубить,exacerber
33705,exacerbate,усугубить,aggraver
33706,exacerbate,усугубить,accentuer
33707,exacerbate,усугубить,attiser
33708,exacerbate,обострить,exacerber
33709,exacerbate,обострить,aggraver
33710,exacerbate,обострить,accentuer
33711,exacerbate,обострить,attiser
33712,exacerbate,обострить,envenimer
33713,exacerbate,усилить,exacerber
33714,exacerbate,усилить,aggraver
33715,exacerbate,усилить,accentuer
33716,exacerbate,усилить,amplifier
33717,exacerbate,усилить,accroître
33718,exacerbate,усилить,renforcer
33719,exacerbate,усиливать,exacerber
33720,exacerbate,усиливать,accentuer
33721,exacerbate,усиливать,amplifier
33722,exacerbate,усиливать,accroître
33723,exacerbate,усиливать,renforcer
33724,exacerbate,обострять,exacerber
33725,exacerbate,обострять,aggraver
33726,exacerbate,обострять,accentuer
33727,exacerbate,ухудшать,aggraver
33728,exacerbate,ухудшать,empirer
33729,exacerbate,привести к обострению,exacerber
33730,exacerbate,привести к обострению,aggraver
33731,exacerbate,обострения,no_equality
33732,exacerbate,усугублению,aggraver
33733,exacerbate,привести к усилению,exacerber
33734,exacerbate,привести к усилению,accentuer
33735,Nicaragua,никарагуа,nicaraguayen
33736,Nicaragua,никарагуа,nicaragua
33737,Nicaragua,соон,no_equality
33738,Nicaragua,никарагуанское,no_equality
33739,Nicaragua,никарагуанскую,no_equality
33740,Nicaragua,никарагуанским,no_equality
33741,environment,окружающая среда,environnement
33742,environment,обстановка,environnement
33743,environment,обстановка,contexte
33744,environment,обстановка,climat
33745,environment,обстановка,ambiance
33746,environment,обстановка,atmosphère
33747,environment,обстановка,situation
33748,environment,условие,condition
33749,environment,пространство,no_equality
33750,environment,климат,environnement
33751,environment,климат,climat
33752,environment,природная среда,environnement
33753,environment,природная среда,milieu
33754,environment,природа,no_equality
33755,environment,среда обитания,environnement
33756,environment,среда обитания,milieu
33757,environment,оболочка,no_equality
33758,environment,защита окружающей среды,no_equality
33759,environment,внешняя среда,environnement
33760,environment,внешняя среда,milieu
33761,environment,окрестность,no_equality
33762,environment,окружающие условия,no_equality
33763,environment,условие эксплуатации,condition
33764,environment,окружающий,no_equality
33765,robins,малиновки,rouge-gorge
33766,robins,робинс,robin
33767,robins,робинса,no_equality
33768,robins,робина,no_equality
33769,robins,малиновок,no_equality
33770,community,сообщество,communauté
33771,community,сообщество,milieu
33772,community,сообщество,société
33773,community,сообщество,monde
33774,community,общность,communauté
33775,community,общность,commune
33776,community,объединение,no_equality
33777,community,землячество,no_equality
33778,community,общественность,communauté
33779,community,общественность,collectivité
33780,community,общественность,public
33781,community,поселок,no_equality
33782,community,население,public
33783,community,круг,no_equality
33784,community,Содружество,communauté
33785,community,коллектив,communauté
33786,community,коллектив,collectivité
33787,community,коллектив,collectif
33788,community,коммуна,commune
33789,community,комьюнити,no_equality
33790,community,громада,no_equality
33791,community,группа населения,no_equality
33792,community,общественный,communautaire
33793,community,общинный,communautaire
33794,Linds,линдси,linds
33795,Linds,линдси,lindz
33796,spillage,утечки,perte
33797,spillage,разлив,déversement
33798,spillage,разлив,fuite
33799,spillage,разливом,déversement
33800,spillage,пролива,no_equality
33801,spillage,что-то протекло,no_equality
33802,spillage,сброса,déversement
33803,conjecture,предположение,hypothèse
33804,conjecture,предположение,supposition
33805,conjecture,гипотеза,hypothèse
33806,conjecture,гипотеза,supposition
33807,conjecture,догадки,supposition
33808,conjecture,домысел,no_equality
33809,conjecture,догадываться,no_equality
33810,conjecture,догадок,conjecture
33811,conjecture,догадок,supposition
33812,conjecture,догадкой,no_equality
33813,conjecture,догадках,conjecture
33814,conjecture,догадках,supposition
33815,tacticss,тактика,no_equality
33816,tacticss,тактику,no_equality
33817,tacticss,тактики,no_equality
33818,tacticss,тактике,no_equality
33819,tacticss,тактикой,no_equality
33820,tacticss,методы,no_equality
33821,tacticss,тактик,no_equality
33822,tacticss,тактических приемов,no_equality
33823,tacticss,тактических методов,no_equality
33824,tacticss,тактические приемы,no_equality
33825,tacticss,методам,no_equality
33826,replaying,проигрывать,no_equality
33827,replaying,прокручиваю,rejoue
33828,replaying,вспоминала,no_equality
33829,replaying,проигрывая,no_equality
33830,replaying,мы заново прокручиваем,no_equality
33831,Haywoods,хэйвуд,no_equality
33832,Haywoods,хейвуд,no_equality
33833,Haywoods,хейвуда,no_equality
33834,Haywoods,хайвуд,no_equality
33835,Haywoods,хайвуда,no_equality
33836,Haywoods,хэйвудом,no_equality
33837,formalizes,формализует,no_equality
33838,formalizes,официально закрепляет,no_equality
33839,formalizes,официально оформляет,no_equality
33840,formalizes,подготовить официальный,no_equality
33841,devaluate,обесценивать,dévaluer
33842,trustee,попечитель,curateur
33843,trustee,попечитель,tuteur
33844,trustee,опекун,tuteur
33845,trustee,доверенное лицо,fiduciaire
33846,trustee,доверенное лицо,syndic
33847,trustee,доверенное лицо,mandataire
33848,trustee,доверительного управляющего,administrateur
33849,trustee,доверительным управляющим,administrateur
33850,trustee,доверительный управляющий,administrateur
33851,trustee,доверительный собственник,fiduciaire
33852,trustee,попечительница,no_equality
33853,trustee,доверенного лица,mandataire
33854,trustee,доверенным лицом,mandataire
33855,trustee,доверительного собственника,no_equality
33856,blotch,пятно,tache
33857,blotch,прыщ,no_equality
33858,blotch,gymadothea,no_equality
33859,lingerer,задержались,no_equality
33860,lingerer,ощущались,no_equality
33861,lingerer,задержалась,no_equality
33862,trivial,тривиальный,no_equality
33863,trivial,банальный,banal
33864,trivial,незначительным,insignifiant
33865,trivial,незначительным,négligeable
33866,trivial,незначительным,minime
33867,trivial,тривиальными,no_equality
33868,trivial,незначительные,no_equality
33869,trivial,мелкие,no_equality
33870,trivial,незначительными,négligeable
33871,trivial,незначительными,minime
33872,trivial,мелочах,no_equality
33873,trivial,незначительных,minime
33874,unattractive,непривлекательный,repoussant
33875,unattractive,некрасивый,moche
33876,unattractive,привлекательный,no_equality
33877,unattractive,не привлекательны,no_equality
33878,unattractive,лишена привлекательности,no_equality
33879,unattractive,непривлекательное,no_equality
33880,found,найдено,no_equality
33881,found,обнаруженный,no_equality
33882,found,находящийся,no_equality
33883,found,признанный,reconnu
33884,found,встречающийся,no_equality
33885,found,основывать,fonder
33886,found,основывать,établir
33887,found,закладывать,no_equality
33888,found,создавать,fonder
33889,found,создавать,établir
33890,found,оказаться,no_equality
33891,found,обнаруживаться,no_equality
33892,allergy,аллергия,no_equality
33893,allergy,от аллергии,anti-allergie
33894,allergy,аллергический,no_equality
33895,cockled,напортачил,no_equality
33896,cockled,взведён,no_equality
33897,cockled,напортачили,no_equality
33898,fibres,волокна,fibre
33899,fibres,волокна,filament
33900,fibres,волокон,fibre
33901,fibres,волокон,filament
33902,fibres,волокнами,fibre
33903,fibres,волокно,fibre
33904,continued,продолженный,no_equality
33905,continued,непрерывный,no_equality
33906,continued,продолжительный,no_equality
33907,continued,непрерывно,no_equality
33908,ointments,мази,onguent
33909,ointments,мази,pommade
33910,ointments,мази,crème
33911,ointments,мазей,pommade
33912,ointments,мазь,onguent
33913,ointments,мазь,pommade
33914,ointments,мазь,crème
33915,ointments,мазях,no_equality
33916,defacing,порчу,no_equality
33917,defacing,портить,no_equality
33918,defacing,портят,no_equality
33919,defacing,стирание,no_equality
33920,epicentres,эпицентров,no_equality
33921,town,город,ville
33922,town,город,village
33923,town,город,cité
33924,town,городок,village
33925,town,городок,petite ville
33926,town,городок,hameau
33927,town,городок,town
33928,town,городишко,petite ville
33929,town,таун,no_equality
33930,town,посёлок,ville
33931,town,городской,ville
33932,town,поселке,village
33933,town,деревню,village
33934,town,поселка,village
33935,town,горожан,ville
33936,town,деревни,village
33937,town,деревни,localité
33938,town,town,no_equality
33939,town,местечко,coin
33940,town,град,no_equality
33941,town,г,no_equality
33942,town,тауне,no_equality
33943,veils,вуалей,no_equality
33944,veils,чадру,voile
33945,veils,паранджу,no_equality
33946,veils,чадры,no_equality
33947,veils,покрывал,no_equality
33948,veils,вуали,voile
33949,veils,покров,voile
33950,veils,головные платки,no_equality
33951,veils,покрывалах,no_equality
33952,veils,вуалями,no_equality
33953,veils,вуалью,voile
33954,veils,ношение хиджабов,no_equality
33955,veils,покрывалами,no_equality
33956,fancy,модный,chic
33957,fancy,модный,de luxe
33958,fancy,модный,fantaisiste
33959,fancy,шикарный,beau
33960,fancy,шикарный,super
33961,fancy,шикарный,chic
33962,fancy,причудливый,no_equality
33963,fancy,дорогой,no_equality
33964,fancy,крутой,super
33965,fancy,роскошный,chic
33966,fancy,роскошный,de luxe
33967,fancy,роскошный,luxueux
33968,fancy,красивый,beau
33969,fancy,красивый,élégant
33970,fancy,красивый,joli
33971,fancy,нравится,no_equality
33972,fancy,фантазия,fantaisie
33973,fancy,фантазия,imagination
33974,fancy,хочешь,no_equality
33975,fancy,нравлюсь,no_equality
33976,fancy,фэнси,fancy
33977,fancy,фантастический,super
33978,fancy,представить,no_equality
33979,fancy,воображение,imagination
33980,fancy,изысканный,no_equality
33981,vespers,вечерня,no_equality
33982,vespers,вечерне,no_equality
33983,criminological,криминологический,criminologique
33984,criminological,криминологии,criminologique
33985,criminological,криминологического,no_equality
33986,criminological,криминологическое,no_equality
33987,criminological,криминологическим,no_equality
33988,criminological,криминалистов,no_equality
33989,criminological,криминалистики,no_equality
33990,treats,вкусности,no_equality
33991,intensities,света,no_equality
33992,intensities,интенсивности,intensité
33993,intensities,интенсивность,intensité
33994,intensities,интенсивностью,intensité
33995,intensities,материалоемкости,no_equality
33996,intensities,углеродоемкости,no_equality
33997,intensities,интенсивного,no_equality
33998,burnt,сожгли,no_equality
33999,burnt,сжег,no_equality
34000,burnt,сожжены,brûlé
34001,burnt,сожжены,incendié
34002,burnt,сгорел,brûlé
34003,burnt,сгорел,brûler
34004,burnt,сожжено,brûlé
34005,burnt,сожжено,incendié
34006,burnt,сожгла,no_equality
34007,burnt,сгорели,no_equality
34008,burnt,сжечь,no_equality
34009,burnt,сожжена,brûlé
34010,burnt,сожжена,incendié
34011,burnt,сжигали,no_equality
34012,burnt,сожжен,brûlé
34013,burnt,сожжен,incendié
34014,burnt,сгорело,brûlé
34015,burnt,сгоревший,brûlé
34016,burnt,сгоревший,incendié
34017,burnt,сгоревший,grillé
34018,burnt,горелый,brûlé
34019,burnt,жжёный,no_equality
34020,burnt,подгоревший,no_equality
34021,burnt,загорелый,no_equality
34022,prawns,креветки,crevette
34023,prawns,креветки,écrevisse
34024,prawns,креветки,crabe
34025,prawns,креветок,crevette
34026,prawns,креветок,gambas
34027,prawns,креветок,crabe
34028,prawns,креветками,crevette
34029,ransacked,разграбили,no_equality
34030,ransacked,обыскали,a fouillé
34031,ransacked,разграблены,pillé
34032,ransacked,разграблены,mis à sac
34033,ransacked,разграблены,mises à sac
34034,ransacked,разграблению,no_equality
34035,ransacked,разграблен,pillé
34036,ransacked,разграблено,pillé
34037,ransacked,ограбили,no_equality
34038,ransacked,обыскивали,no_equality
34039,ransacked,разнесли,no_equality
34040,ransacked,обчистили,no_equality
34041,ransacked,обшарили,a fouillé
34042,ransacked,разграбила,no_equality
34043,ransacked,ограбил,no_equality
34044,ransacked,обшарил,no_equality
34045,ransacked,рылись,no_equality
34046,prisms,призм,no_equality
34047,prisms,призмы,prisme
34048,prisms,призмами,no_equality
34049,ameliorating,улучшение,amélioration
34050,ameliorating,деле облегчения,no_equality
34051,ameliorating,смягчению,atténuer
34052,ameliorating,смягчению,atténuation
34053,ameliorating,смягчении,atténuer
34054,ameliorating,смягчении,atténuation
34055,density,плотность,densité
34056,density,густота,densité
34057,density,насыщенность,densité
34058,density,интенсивности,densité
34059,density,интенсивности,intensité
34060,density,плотнее,no_equality
34061,density,концентрации,concentration
34062,ferules,правила,no_equality
34063,ferules,правил,no_equality
34064,ferules,норм,no_equality
34065,ferules,правилами,no_equality
34066,ferules,нормы,no_equality
34067,ferules,правилам,no_equality
34068,ferules,правилах,no_equality
34069,ferules,нормами,no_equality
34070,ferules,регламента,no_equality
34071,ferules,нормам,no_equality
34072,ferules,регламент,no_equality
34073,ferules,положения,no_equality
34074,ferules,нормах,no_equality
34075,ferules,положений,no_equality
34076,ferules,регламентом,no_equality
34077,mouldings,формы,no_equality
34078,mouldings,виды формовки,no_equality
34079,being,быть,être
34080,being,находиться,no_equality
34081,being,том,fait
34082,being,существо,être
34083,being,существо,créature
34084,being,осуществляется,no_equality
34085,being,будучи,no_equality
34086,being,проводится,objet
34087,being,ведется,objet
34088,being,используются,no_equality
34089,being,является,objet
34090,being,используется,no_equality
34091,being,стать,no_equality
34092,being,являются,no_equality
34093,being,находится,objet
34094,being,качестве,no_equality
34095,being,тварь,créature
34096,cruising,круиз,croisière
34097,cruising,выполнение круиза,croisière
34098,cruising,крузинг,cruising
34099,cruising,высоте,no_equality
34100,cruising,крейсировал по бару рабочих,no_equality
34101,cruising,летим,no_equality
34102,cruising,плавания,navigation
34103,cruising,пытаешься подцепить,draguer
34104,cruising,полета,no_equality
34105,cruising,фланируют,no_equality
34106,cruising,крейсерская,no_equality
34107,cruising,покатушек,no_equality
34108,cruising,крейсерскую,no_equality
34109,cruising,крузинга,no_equality
34110,dialect,диалект,dialecte
34111,dialect,диалект,patois
34112,dialect,диалектам,no_equality
34113,dialect,наречии,no_equality
34114,undertaking,проведение,réalisation
34115,undertaking,обязательство,engagement
34116,undertaking,осуществление,réalisation
34117,undertaking,осуществление,initiative
34118,undertaking,предприятие,entreprise
34119,undertaking,мероприятие,entreprise
34120,undertaking,мероприятие,initiative
34121,undertaking,начинание,no_equality
34122,undertaking,дело,affaire
34123,undertaking,мероприятия,no_equality
34124,undertaking,проводит,entreprend
34125,undertaking,осуществляет,entreprend
34126,undertaking,проводят,entreprennent
34127,undertaking,принятия,no_equality
34128,undertaking,предпринимает,entreprend
34129,undertaking,реализации,réalisation
34130,undertaking,реализации,initiative
34131,undertaking,осуществляют,entreprennent
34132,rewarding,полезный,fructueux
34133,rewarding,полезный,utile
34134,rewarding,вознаграждение,no_equality
34135,rewarding,награждение,no_equality
34136,rewarding,поощрения за,no_equality
34137,rewarding,вознаграждая,no_equality
34138,rewarding,удовлетворение,no_equality
34139,rewarding,плодотворным,fructueux
34140,rewarding,плодотворной,fructueux
34141,rewarding,полезно,no_equality
34142,rewarding,поощрять,no_equality
34143,poetically,поэтически,no_equality
34144,poetically,поэтический,no_equality
34145,powering,питает,alimenter
34146,powering,питает,alimente
34147,powering,питает,alimentent
34148,powering,энергоснабжения,no_equality
34149,powering,заряжают,no_equality
34150,powering,питать,alimenter
34151,powering,включение,no_equality
34152,powering,питания двигателей,alimentation
34153,powering,питания двигателей,propulsion
34154,usurping,узурпация,usurper
34155,usurping,узурпация,usurpation
34156,usurping,узурпирующий,no_equality
34157,usurping,захвативший,no_equality
34158,absence,отсутствие,absence
34159,absence,отсутствие,défaut
34160,absence,отсутствие,manque
34161,absence,отсутствие,absent
34162,absence,отсутствие,sans
34163,absence,неучастие,no_equality
34164,absence,без,no_equality
34165,absence,отсутствует,absence
34166,absence,отсутствует,aucun
34167,absence,отсутствуют,absence
34168,absence,отсутствовали,aucun
34169,absence,отсутствовал,no_equality
34170,absence,нехватка,absence
34171,absence,нехватка,manque
34172,absence,недостаток,absence
34173,absence,недостаток,défaut
34174,absence,недостаток,manque
34175,absence,отлучка,no_equality
34176,absence,ввиду,no_equality
34177,absence,перерыва,no_equality
34178,absence,отсутствовала,absent
34179,absence,рубежом,no_equality
34180,crepuscular,сумеречный,no_equality
34181,crepuscular,сумеречные,no_equality
34182,Petrograds,петроград,no_equality
34183,Petrograds,петрограде,no_equality
34184,Petrograds,петрограда,no_equality
34185,Petrograds,петроградского,no_equality
34186,improprieties,нарушений,irrégularité
34187,improprieties,нарушения,irrégularité
34188,improprieties,нарушениях,irrégularité
34189,improprieties,махинации,no_equality
34190,improprieties,последствий неэтичного поведения,no_equality
34191,chopping,рубить,no_equality
34192,chopping,резать,no_equality
34193,chopping,нарезать,no_equality
34194,chopping,режешь,no_equality
34195,chopping,рубишь,no_equality
34196,chopping,отрубить,no_equality
34197,chopping,режу,no_equality
34198,chopping,рубит,no_equality
34199,hibernating,в спячке,hiberner
34200,hibernating,бездействие,no_equality
34201,hibernating,спящий режим,no_equality
34202,hibernating,спячки,hibernation
34203,hibernating,в зимней спячке,hibernation
34204,hibernating,в зимней спячке,hiberne
34205,megabits,мегабит,mégabits
34206,megabits,мегабайтов,no_equality
34207,megabits,мб,no_equality
34208,Marshalls,маршаллов,no_equality
34209,Marshalls,доме маршалов,no_equality
34210,adulterous,прелюбодеяние,no_equality
34211,adulterous,неверную,no_equality
34212,adulterous,внебрачной,no_equality
34213,adulterous,супружескую измену,adultère
34214,adulterous,адюльтер,no_equality
34215,adulterous,супружеской неверности,no_equality
34216,adulterous,любовников ведут,no_equality
34217,cupped,чашевидный,no_equality
34218,carouser,карусель,carrousel
34219,carouser,карусель,manège
34220,carouser,карусель,carousel
34221,habits,привычки,habitude
34222,habits,привычки,manie
34223,habits,привычек,habitude
34224,habits,привычками,habitude
34225,habits,привычками,coutume
34226,habits,привычкам,habitude
34227,habits,привычках,habitude
34228,habits,питания,no_equality
34229,habits,традиции,coutume
34230,habits,навыков,no_equality
34231,habits,обычаи,habitude
34232,habits,обычаи,coutume
34233,habits,обычаи,usage
34234,habits,обычаи,pratique
34235,habits,навыки,no_equality
34236,habits,обычаев,habitude
34237,habits,обычаев,coutume
34238,habits,обычаев,mœurs
34239,habits,обычаев,usage
34240,habits,обычаев,pratique
34241,habits,обычаев,us
34242,habits,повадки,no_equality
34243,habits,привычка,habitude
34244,habits,привычка,coutume
34245,habits,привычка,manie
34246,habits,потребления,usage
34247,habits,потребления,consommation
34248,habits,предпочтения,no_equality
34249,demonized,демонизировать,diaboliser
34250,demonized,демонизируют,diabolisent
34251,demonized,демонизируются,no_equality
34252,demonized,демонизировали,no_equality
34253,demonized,демонизируется,no_equality
34254,parsons,парсонс,parsons
34255,parsons,парсонса,no_equality
34256,parsons,парсонсу,parsons
34257,parsons,парсонсом,parsons
34258,parsons,парсон,parson
34259,parsons,парсона,no_equality
34260,renovated,обновленный,rénové
34261,recruit,вербовать,recruter
34262,recruit,вербовать,enrôler
34263,recruit,набирать,recruter
34264,recruit,нанять,recruter
34265,recruit,нанять,embaucher
34266,recruit,нанять,engager
34267,recruit,завербовать,no_equality
34268,recruit,нанимать,recruter
34269,recruit,нанимать,embaucher
34270,recruit,нанимать,engager
34271,recruit,набрать,recruter
34272,recruit,привлекать,recruter
34273,recruit,привлекать,engager
34274,recruit,привлечь,recruter
34275,recruit,привлечь,engager
34276,recruit,набор,recrutement
34277,recruit,наем,recrutement
34278,recruit,вербовка,recrutement
34279,recruit,вербовка,enrôlé
34280,recruit,новобранец,no_equality
34281,recruit,рекрут,recrue
34282,recruit,работу,no_equality
34283,recruit,новичок,recrue
34284,recruit,призывать,engager
34285,recruit,принимать на работу,no_equality
34286,gypsy,цыганский,tzigane
34287,gypsy,цыганский,rom
34288,gypsy,цыган,gitan
34289,gypsy,цыган,tzigane
34290,gypsy,цыган,tsigane
34291,gypsy,цыган,manouche
34292,gypsy,цыган,bohémien
34293,gypsy,цыган,romanichel
34294,gypsy,цыгане,gitane
34295,gypsy,цыгане,tzigane
34296,gypsy,цыгане,bohémien
34297,gypsy,джипси,no_equality
34298,gypsy,цыганки,no_equality
34299,gypsy,цыганкой,no_equality
34300,callbacks,итоговое прослушивание,no_equality
34301,airlifting,воздушными перевозками,no_equality
34302,airlifting,воздушную перевозку,no_equality
34303,airlifting,воздуху,no_equality
34304,relativism,релятивизм,relativisme
34305,relativism,релятивизму,no_equality
34306,relativism,релятивизмом,no_equality
34307,relativism,релятивизме,no_equality
34308,relativism,относительности,no_equality
34309,coirs,монеты,no_equality
34310,coirs,монет,no_equality
34311,coirs,монетами,no_equality
34312,coirs,монетах,no_equality
34313,coirs,монетки,no_equality
34314,coirs,деньги,no_equality
34315,coirs,мелочь,no_equality
34316,coirs,монетам,no_equality
34317,coirs,мелочью,no_equality
34318,coirs,coins,no_equality
34319,coirs,монеток,no_equality
34320,acceptive,принятие,no_equality
34321,acceptive,признание,no_equality
34322,acceptive,принять,no_equality
34323,acceptive,принимать,no_equality
34324,acceptive,принимая,no_equality
34325,acceptive,приняв,no_equality
34326,acceptive,прием,no_equality
34327,acceptive,принимает,no_equality
34328,acceptive,согласие,no_equality
34329,acceptive,признавая,no_equality
34330,acceptive,признать,no_equality
34331,acceptive,приема,no_equality
34332,acceptive,согласившись,no_equality
34333,acceptive,приняли,no_equality
34334,acceptive,признав,no_equality
34335,honouring,выполнения,respect
34336,honouring,выполнения,honorer
34337,honouring,выполнения,respecter
34338,honouring,выполнения,s'acquitter
34339,honouring,выполнении,respect
34340,honouring,выполнении,honorer
34341,honouring,выполнении,respecter
34342,honouring,соблюдения,respect
34343,honouring,соблюдения,respecter
34344,honouring,выполнение,respect
34345,honouring,выполнение,respectent
34346,honouring,честь,honneur
34347,honouring,выполняя,no_equality
34348,honouring,соблюдении,respect
34349,honouring,соблюдая,no_equality
34350,honouring,чествование,no_equality
34351,honouring,соблюдению,respect
34352,honouring,соблюдению,s'acquitter
34353,honouring,уважая,no_equality
34354,anonymously,анонимно,anonymement
34355,anonymously,анонимно,anonymat
34356,immaturely,незрело,no_equality
34357,know-it-alls,всезнайки,no_equality
34358,bereaved,погибших,no_equality
34359,bereaved,скорбящим,no_equality
34360,bereaved,скорбящей,en deuil
34361,bereaved,скорбящей,éploré
34362,bereaved,понесшим утраты,no_equality
34363,bereaved,понесшим утрату,no_equality
34364,bereaved,скорбящих,no_equality
34365,bereaved,скорбящие,no_equality
34366,bereaved,потерявшим своих близких,no_equality
34367,bereaved,потерявшим близких,no_equality
34368,bereaved,осиротевшим,no_equality
34369,punt,делать ставки,no_equality
34370,punt,плыть на плоскодонке,no_equality
34371,punt,плоскодонка,no_equality
34372,punt,пант,no_equality
34373,punt,ставку,pari
34374,punt,пунийцев,no_equality
34375,prescribe,предписывать,prescrire
34376,prescribe,предписывать,imposer
34377,prescribe,предписывать,ordonner
34378,prescribe,предписывать,édicter
34379,prescribe,устанавливать,prévoir
34380,prescribe,устанавливать,fixer
34381,prescribe,устанавливать,imposer
34382,prescribe,устанавливать,établir
34383,prescribe,устанавливать,déterminer
34384,prescribe,предусматривать,prévoir
34385,prescribe,предусматривать,stipuler
34386,prescribe,предписать,no_equality
34387,prescribe,выписать,prescrire
34388,prescribe,прописать,prescrire
34389,prescribe,выписывать,prescrire
34390,prescribe,прописывать,prescrire
34391,prescribe,назначить,prescrire
34392,prescribe,назначить,fixer
34393,prescribe,назначить,imposer
34394,prescribe,назначать,prescrire
34395,prescribe,назначать,fixer
34396,prescribe,назначать,imposer
34397,prescribe,установить,prévoir
34398,prescribe,установить,fixer
34399,prescribe,установить,imposer
34400,prescribe,установить,établir
34401,prescribe,установить,déterminer
34402,prescribe,предписывается,no_equality
34403,weak,слабый,faible
34404,weak,слабый,fragile
34405,weak,слабый,léger
34406,weak,слабо,faiblement
34407,weak,слабо,peu
34408,weak,слабо,faiblesse
34409,weak,недостаточно,insuffisant
34410,weak,недостаточно,peu
34411,weak,слабость,no_equality
34412,weak,слабак,no_equality
34413,weak,низким,faible
34414,weak,низким,médiocre
34415,weak,низким,pauvre
34416,weak,низкие,faible
34417,weak,низкой,médiocre
34418,weak,низкой,faiblement
34419,weak,низкими,faible
34420,weak,ослаб,no_equality
34421,weak,низком уровне,faible
34422,weak,недостаточным,faible
34423,weak,недостаточным,insuffisant
34424,weak,недостатки,no_equality
34425,weak,недостаточное,insuffisant
34426,graphically,графически,graphiquement
34427,graphically,наглядно,no_equality
34428,graphically,графическом виде,no_equality
34429,graphically,красноречиво,no_equality
34430,graphically,графического,no_equality
34431,graphically,графическим,no_equality
34432,graphically,"диаграмма, отражающая",no_equality
34433,graphically,схематически,no_equality
34434,graphically,графической форме,sous forme graphique
34435,hygrometers,гигрометры,no_equality
34436,registries,реестров,registre
34437,registries,реестров,enregistrement
34438,registries,реестры,registre
34439,registries,регистров,registre
34440,registries,реестрах,registre
34441,registries,реестрами,registre
34442,registries,секретариатов,greffe
34443,registries,регистры,registre
34444,registries,реестрам,registre
34445,registries,секретариаты,greffe
34446,registries,регистрации,enregistrement
34447,registries,регистрах,no_equality
34448,registries,секретариатами,no_equality
34449,registries,канцелярий,greffe
34450,registries,регистрами,registre
34451,registries,реестра,registre
34452,registries,реестра,enregistrement
34453,disarmament,разоружение,désarmement
34454,disarmament,разоружение,disarmament
34455,disarmament,разоружение,désarmer
34456,disarmament,разоруженческий,désarmement
34457,disarmament,разоруженческих,désarmement
34458,disarmament,оружия,désarmement
34459,disarmament,оружия,arme
34460,disarmament,вооружений,désarmement
34461,disarmament,вооружений,arme
34462,negligently,небрежно,négligemment
34463,negligently,по неосторожности,par négligence
34464,powdery,порошкообразный,no_equality
34465,powdery,порошковый,en poudre
34466,powdery,порошистой,no_equality
34467,powdery,порошкообразное,no_equality
34468,powdery,порошистая,no_equality
34469,powdery,рыхлым,no_equality
34470,powdery,порошкообразная,no_equality
34471,samaras,самараса,no_equality
34472,superseding,заменяющий,remplaçant
34473,superseding,заменяющий,qui remplace
34474,superseding,заменивший,no_equality
34475,superseding,замена,remplacement
34476,superseding,замена,remplaçant
34477,ventures,предприятий,entreprise
34478,ventures,предприятий,société
34479,ventures,предприятия,no_equality
34480,ventures,предприятиям,entreprise
34481,ventures,предприятиям,société
34482,ventures,мероприятий,initiative
34483,ventures,мероприятий,opération
34484,ventures,мероприятий,activité
34485,ventures,предприятиями,entreprise
34486,ventures,предприятиями,société
34487,ventures,проектов,projet
34488,ventures,проектов,initiative
34489,ventures,проектов,activité
34490,ventures,деятельности,activité
34491,ventures,проекты,projet
34492,ventures,проекты,initiative
34493,ventures,проекты,activité
34494,ventures,начинания,entreprise
34495,ventures,начинаний,initiative
34496,ventures,компаний,entreprise
34497,ventures,компаний,société
34498,ventures,инициатив,projet
34499,ventures,инициатив,initiative
34500,ventures,инициатив,activité
34501,ventures,инициатив,partenariat
34502,attempting,попытка,tentative
34503,attempting,попытка,essayant
34504,attempting,пытается,no_equality
34505,attempting,пытаются,no_equality
34506,attempting,пытаясь,tenter
34507,attempting,стремится,no_equality
34508,attempting,пытался,no_equality
34509,attempting,пытались,no_equality
34510,attempting,пытаться,tenter
34511,attempting,пытаться,essayer
34512,attempting,пытающихся,tentant
34513,attempting,пытающихся,qui tentent
34514,attempting,пытаюсь,no_equality
34515,attempting,пытаемся,cherche
34516,attempting,покушение,tentative
34517,attempting,пытавшихся,tentant
34518,attempting,пытавшихся,essayant
34519,attempting,стремятся,essaient
34520,attempting,пытающиеся,essayant
34521,stipendiaries,стажеры,stagiaire
34522,occupying,занимающий,no_equality
34523,occupying,оккупирующий,no_equality
34524,occupying,населяющий,no_equality
34525,occupying,занимающийся,no_equality
34526,occupying,оккупационный,no_equality
34527,occupying,занятие,occupation
34528,monocles,монокли,no_equality
34529,exaction,взыскание,no_equality
34530,exaction,вымогательство,extorsion
34531,exaction,принуждение,imposition
34532,exaction,принуждение,extorsion
34533,bitmaps,растровых изображений,bitmaps
34534,bitmaps,растровые изображения,bitmaps
34535,botanists,ботаниками,no_equality
34536,verifying,проверки,vérifier
34537,verifying,проверки,vérification
34538,verifying,проверки,contrôle
34539,verifying,проверки,contrôler
34540,verifying,проверка,vérifier
34541,verifying,проверка,vérification
34542,verifying,проверка,contrôle
34543,verifying,контроля за,vérifier
34544,verifying,контроля за,contrôler
34545,verifying,проверить,vérifier
34546,verifying,проверить,contrôler
34547,verifying,проверить,confirmer
34548,verifying,проверяет,vérifie
34549,verifying,проверять,vérifier
34550,verifying,проверять,vérification
34551,verifying,проверять,contrôler
34552,verifying,проверять,s'assurer
34553,verifying,подтверждение,confirmer
34554,verifying,контроль за,contrôle
34555,verifying,контроле за,contrôler
34556,verifying,проверяя,no_equality
34557,verifying,контролю за,contrôler
34558,etiologist,биолог,no_equality
34559,apprehending,задержание,arrestation
34560,apprehending,задержание,appréhender
34561,apprehending,задержание,arrêter
34562,apprehending,предчувствие,no_equality
34563,begins,начинается,commence
34564,begins,начинается,débute
34565,begins,начинается,commencent
34566,begins,начинается,commencera
34567,begins,начинается,démarre
34568,begins,начинается,commençant
34569,begins,начинается,s'ouvre
34570,begins,начинает,débute
34571,begins,начинает,démarre
34572,begins,начинает,entame
34573,begins,начинает,commencer
34574,begins,начнется,commence
34575,begins,начнется,débute
34576,begins,начнется,commencent
34577,begins,начнется,commencera
34578,begins,начнется,débutera
34579,begins,начнет,commencer
34580,begins,начинаются,commence
34581,begins,начинаются,commencent
34582,begins,начинаются,démarre
34583,begins,начинаются,commencer
34584,begins,началась,no_equality
34585,begins,начале,commencer
34586,begins,началом,no_equality
34587,begins,приступает,commence
34588,begins,приступает,commencent
34589,begins,приступает,commencera
34590,begins,приступает,entame
34591,begins,приступает,entreprend
34592,begins,началось,commencer
34593,begins,наступает,no_equality
34594,begins,приступит,commencera
34595,begins,начал,no_equality
34596,begins,начала,no_equality
34597,begins,зарождается,no_equality
34598,air,воздух,air
34599,air,воздух,atmosphère
34600,air,воздух,ciel
34601,air,эфир,onde
34602,air,атмосфера,atmosphère
34603,air,авиация,no_equality
34604,air,самолет,avion
34605,air,самолет,vol
34606,air,Эйр,air
34607,air,воздушный транспорт,no_equality
34608,air,пневматический,pneumatique
34609,air,атмосферный,no_equality
34610,air,эфирный,no_equality
34611,air,надувной,gonflable
34612,air,авиатранспортный,no_equality
34613,air,вентиляционный,no_equality
34614,air,проветривать,aérer
34615,air,транслировать,diffuser
34616,values,ценностей,valeur
34617,values,ценностей,principe
34618,values,ценности,valeur
34619,values,ценности,principe
34620,values,значения,valeur
34621,values,ценностям,value
34622,values,значений,valeur
34623,values,ценностями,valeur
34624,values,ценностях,valeur
34625,values,стоимости,valeur
34626,values,величины,valeur
34627,values,величины,variable
34628,values,стоимость,valeur
34629,values,стоимость,prix
34630,values,величин,valeur
34631,values,величин,grandeur
34632,values,значениями,no_equality
34633,values,показатели,no_equality
34634,values,ценность,valeur
34635,values,принципов,valeur
34636,values,принципов,principe
34637,spayed,кастрированы,no_equality
34638,spayed,стерилизовать,no_equality
34639,spayed,стерилизовали,stérilisé
34640,spayed,кастрировали,no_equality
34641,evilly,зло,no_equality
34642,Botswanas,ботсвана,no_equality
34643,Botswanas,ботсваны,no_equality
34644,Botswanas,ботсване,no_equality
34645,Botswanas,ботсвану,no_equality
34646,Botswanas,ботсваной,no_equality
34647,Botswanas,ботсванский,no_equality
34648,Botswanas,ботсванского,no_equality
34649,Botswanas,ботсванские,no_equality
34650,Botswanas,ботсванская,no_equality
34651,Botswanas,ботсванской,no_equality
34652,Botswanas,ботсванское,no_equality
34653,Botswanas,ботсванским,no_equality
34654,sidestepped,обошел,no_equality
34655,impasses,тупиковых ситуаций,impasse
34656,impasses,тупиковые ситуации,impasse
34657,impasses,тупиков,no_equality
34658,impasses,тупиком,impasse
34659,impasses,тупика,no_equality
34660,impasses,тупиковым ситуациям,no_equality
34661,impasses,тупиковой ситуации,no_equality
34662,impasses,тупики,impasse
34663,shrunken,уменьшившийся,no_equality
34664,shrunken,севший,no_equality
34665,shrunken,сжатый,no_equality
34666,shrunken,сморщенный,no_equality
34667,coping,справиться,no_equality
34668,coping,справляется,no_equality
34669,coping,реагирования,adaptation
34670,coping,реагирования,réaction
34671,coping,реагирования,faire face
34672,coping,справляться,no_equality
34673,coping,преодоления трудностей,no_equality
34674,coping,преодоление,no_equality
34675,coping,приспособления,adaptation
34676,coping,приспособления,s'adapter
34677,coping,выживания,no_equality
34678,coping,справляешься,no_equality
34679,coping,справляются,no_equality
34680,coping,противодействия,faire face
34681,coping,противодействия,affronter
34682,coping,справляетесь,no_equality
34683,coping,справляюсь,no_equality
34684,coping,"решении проблем, связанных",no_equality
34685,collocate,располагать,no_equality
34686,loses,теряет,perd
34687,loses,теряет,perdre
34688,loses,теряет,perde
34689,loses,теряет,perdent
34690,loses,теряет,a perdu
34691,loses,теряет,perdait
34692,loses,потеряет,perd
34693,loses,потеряет,perde
34694,loses,потеряет,perdra
34695,loses,потеряет,perdait
34696,loses,потеряет,perdrait
34697,loses,проиграет,perd
34698,loses,проиграет,perde
34699,loses,проиграет,perdra
34700,loses,проиграет,perdant
34701,loses,проиграет,perdrait
34702,loses,проигрывает,perd
34703,loses,проигрывает,perdrait
34704,loses,утрачивает,perd
34705,loses,утрачивает,perdent
34706,loses,утрачивает,perdait
34707,loses,утрачивает,perdrait
34708,loses,потерял,perd
34709,loses,потерял,perdre
34710,loses,потерял,perde
34711,loses,потерял,a perdu
34712,loses,потерял,perte
34713,loses,теряют,perd
34714,loses,теряют,perdent
34715,loses,проиграл,perd
34716,loses,проиграл,perdre
34717,loses,проиграл,perde
34718,loses,проиграл,a perdu
34719,loses,проиграл,perdant
34720,loses,лишается,perd
34721,loses,потеряла,perd
34722,loses,потеряла,perdre
34723,loses,потеряла,perde
34724,loses,потеряла,a perdu
34725,loses,потеряла,perte
34726,loses,лишится,perde
34727,loses,лишится,perdra
34728,loses,лишится,perdrait
34729,loses,утратит,perd
34730,loses,утратит,perdra
34731,loses,утратит,perdrait
34732,loses,проигрывают,perd
34733,loses,проигрывают,perdent
34734,loses,теряется,no_equality
34735,loses,потерявший,no_equality
34736,motorcades,автокортежей,cortèges motorisés
34737,motorcades,автокортежи,no_equality
34738,motorcades,автомобильных кортежей,no_equality
34739,motorcades,составе автокортежа,no_equality
34740,athlete,спортсмен,athlète
34741,athlete,спортсмен,sportif
34742,athlete,легкоатлетка,no_equality
34743,athlete,олимпиец,no_equality
34744,athlete,богатырь,no_equality
34745,athlete,атлетка,athlétisme
34746,zest,изюминка,no_equality
34747,zest,интерес,no_equality
34748,zest,цедра,zeste
34749,zest,пикантности,no_equality
34750,zest,вкусом,goût
34751,zest,вкуса,goût
34752,zest,зест,no_equality
34753,daydreamer,фантазёрка,no_equality
34754,daydreamer,мечтательница,rêveur
34755,daydreamer,мечтатель,rêveur
34756,daydreamer,фантазёр,rêveur
34757,mountains,горы,montagne
34758,mountains,горы,colline
34759,mountains,горах,mont
34760,mountains,гор,montagne
34761,mountains,гор,mont
34762,mountains,гор,montagneux
34763,mountains,горами,montagne
34764,mountains,горами,mont
34765,mountains,горам,montagne
34766,mountains,горам,mont
34767,mountains,горных районов,montagne
34768,mountains,горных районов,régions montagneuses
34769,mountains,горных районах,régions montagneuses
34770,mountains,горные районы,régions montagneuses
34771,mountains,горным районам,montagne
34772,mountains,горным районам,montagneux
34773,mountains,гору,montagne
34774,mountains,горном регионе,no_equality
34775,mountains,горной местности,régions montagneuses
34776,mountains,татрах,no_equality
34777,mountains,татр,no_equality
34778,mountains,рувензори,no_equality
34779,sabbatical_leave,учебных отпусков,no_equality
34780,sabbatical_leave,специальный отпуск,no_equality
34781,sabbatical_leave,годичный отпуск для научной работы,no_equality
34782,glared,плевал,no_equality
34783,typewriters,пишущих машинок,no_equality
34784,typewriters,пишущие машинки,no_equality
34785,typewriters,печатных машинок,machines à écrire
34786,typewriters,пишущими машинками,no_equality
34787,typewriters,были печатные машинки,machines à écrire
34788,typewriters,пишущих машинках,no_equality
34789,Papuas,папуа,no_equality
34790,degust,дегустировать,no_equality
34791,disarming,разоружение,désarmement
34792,disarming,разоружить,no_equality
34793,disarming,обезвредить,no_equality
34794,disarming,разоружаться,no_equality
34795,disarming,обезоруживающего,no_equality
34796,disarming,разоружать,no_equality
34797,disarming,разоружаются,no_equality
34798,disarming,разоружают,désarmé
34799,disarming,разряжаю,no_equality
34800,undertones,подоплекой,no_equality
34801,undertones,подтекстом,no_equality
34802,undertones,подоплеку,connotation
34803,undertones,подтекст,no_equality
34804,undertones,оттенком,no_equality
34805,undertones,оттенки,nuance
34806,undertones,полутона,no_equality
34807,actinisms,активистов,militant
34808,actinisms,активистов,activiste
34809,actinisms,активистов,défenseur
34810,actinisms,активистов,syndicaliste
34811,actinisms,активистов,animateur
34812,actinisms,активисты,militant
34813,actinisms,активисты,activiste
34814,actinisms,активистами,militant
34815,actinisms,активистами,activiste
34816,actinisms,активистам,activiste
34817,actinisms,деятелей,acteur
34818,actinisms,активиста,militant
34819,actinisms,активиста,activiste
34820,actinisms,активиста,défenseur
34821,actinisms,правозащитников,no_equality
34822,actinisms,защитников,défenseur
34823,actinisms,борцы за,no_equality
34824,actinisms,защитники,défenseur
34825,actinisms,деятели,acteur
34826,actinisms,сторонников,militant
34827,actinisms,сторонников,défenseur
34828,actinisms,сторонников,partisan
34829,actinisms,активистах,no_equality
34830,actinisms,сторонники,militant
34831,actinisms,сторонники,défenseur
34832,actinisms,сторонники,partisan
34833,actinisms,боевиков,militant
34834,actinisms,боевиков,activiste
34835,ticked,проставлен,no_equality
34836,ticked,окрасом,no_equality
34837,ticked,злюсь,no_equality
34838,ticked,вывел,no_equality
34839,ticked,вывело,no_equality
34840,Assyrias,ассирийский,no_equality
34841,Assyrias,ассириец,assyrien
34842,Assyrias,ассирийской,no_equality
34843,Assyrias,ассирийские,no_equality
34844,Assyrias,ассирийская,no_equality
34845,Assyrias,ассирийском языке,no_equality
34846,Assyrias,ассирийским,no_equality
34847,Assyrias,ассирийскую,no_equality
34848,Assyrias,ассирийское,no_equality
34849,Assyrias,ассирийскому,no_equality
34850,Assyrias,христиан-ассирийцев,assyrien
34851,exists,существует,existent
34852,exists,существует,existant
34853,exists,существует,existait
34854,exists,существует,existence
34855,exists,существует,exister
34856,exists,существует,il y a
34857,exists,существуют,existent
34858,exists,существуют,existant
34859,exists,существуют,existence
34860,exists,существуют,exister
34861,exists,существуют,il y a
34862,exists,имеется,existent
34863,exists,имеется,il y a
34864,exists,есть,il y a
34865,exists,наличие,existence
34866,exists,действует,no_equality
34867,exists,существовании,no_equality
34868,exists,имеются,existent
34869,exists,имеются,existence
34870,exists,отсутствует,no_equality
34871,exists,существующей,existe
34872,exists,существующей,existant
34873,exists,имеет место,il y a
34874,exists,наблюдается,no_equality
34875,exists,существующего,existent
34876,exists,существующего,existant
34877,exists,осуществляется,no_equality
34878,exists,существования,existence
34879,exists,существования,exister
34880,persuasible,убедительный,no_equality
34881,persuasible,убеждения,no_equality
34882,animateness,одушевленность,no_equality
34883,tirelessly,неустанно,sans relâche
34884,tirelessly,неустанно,inlassablement
34885,tirelessly,неустанно,infatigablement
34886,tirelessly,неустанно,arrache-pied
34887,tirelessly,неустанные усилия,sans relâche
34888,tirelessly,неустанные усилия,inlassablement
34889,tirelessly,без устали,sans relâche
34890,tirelessly,без устали,inlassablement
34891,tirelessly,неутомимо,sans relâche
34892,tirelessly,неутомимо,inlassablement
34893,tirelessly,неутомимо,infatigablement
34894,tirelessly,покладая рук,sans relâche
34895,tirelessly,неустанной,no_equality
34896,tirelessly,безустанно,no_equality
34897,tirelessly,неустанную работу,no_equality
34898,subleasing,субаренду,sous-location
34899,peripheries,периферии,no_equality
34900,peripheries,окраинах,no_equality
34901,peripheries,окраины,no_equality
34902,peripheries,периферийных районов,zones périphériques
34903,Francoes,фрэнсис,francis
34904,Francoes,фрэнсис,frances
34905,Francoes,франсис,francis
34906,Francoes,франсис,frances
34907,Francoes,френсис,francis
34908,Francoes,френсис,frances
34909,Francoes,франческа,no_equality
34910,Siams,симс,no_equality
34911,Siams,симмса,no_equality
34912,Siams,симса,no_equality
34913,Siams,симмсу,no_equality
34914,Siams,симмсом,no_equality
34915,Siams,симсом,no_equality
34916,Siams,симсу,no_equality
34917,Siams,симмз,no_equality
34918,agronomist,агроном,no_equality
34919,Melbournes,мельбурн,no_equality
34920,Melbournes,мельбурне,no_equality
34921,Melbournes,мельбурна,no_equality
34922,Melbournes,мельбурнский,no_equality
34923,Melbournes,мельбурнского,no_equality
34924,Melbournes,мельбурнском,no_equality
34925,Melbournes,мельбурном,no_equality
34926,Melbournes,мельбурну,no_equality
34927,Melbournes,melbourne,no_equality
34928,punctuation,пунктуация,ponctuation
34929,punctuation,знаки препинания,ponctuation
34930,punctuation,знаки пунктуации,ponctuation
34931,punctuation,знаков препинания,no_equality
34932,punctuation,пунктуационные,no_equality
34933,punctuation,пунктуацией,no_equality
34934,punctuation,знаками препинания,no_equality
34935,portability,переносимость,no_equality
34936,portability,портативность,portabilité
34937,portability,мобильность,mobilité
34938,portability,компактность,no_equality
34939,portability,возможности перевода,transférabilité
34940,portability,возможности перевода,transfert
34941,portability,социальном обеспечении,no_equality
34942,portability,портативности,no_equality
34943,portability,трансграничное действие,no_equality
34944,portability,право сохранения,no_equality
34945,portability,переводом пенсионных прав,transfert
34946,whiskeys,виски,whisky
34947,drinkables,напитки,no_equality
34948,sous,су,no_equality
34949,sous,су-шефом,no_equality
34950,sous,помощником,no_equality
34951,wiggling,шевеление,no_equality
34952,wiggling,извиваться,no_equality
34953,rag,тряпка,chiffon
34954,rag,тряпка,torchon
34955,rag,тряпка,serpillière
34956,rag,тряпки,chiffon
34957,rag,тряпки,torchon
34958,rag,ветошь,no_equality
34959,rag,месячные,no_equality
34960,rag,лохмотья,chiffon
34961,rag,лохмотья,haillon
34962,rag,тряпичная,no_equality
34963,rag,газетенки,torchon
34964,rag,газетенке,no_equality
34965,rag,тряпичных,no_equality
34966,rag,тряпичной,no_equality
34967,rag,газетенку,torchon
34968,rag,кляпом,no_equality
34969,rag,рэг,no_equality
34970,undermining,подрыв,saper
34971,undermining,подрыв,compromettre
34972,undermining,подрыв,miner
34973,undermining,подрыв,sape
34974,undermining,подрыв,affaiblir
34975,undermining,подрывает,compromettre
34976,undermining,подрывает,sape
34977,undermining,подрывает,mine
34978,undermining,подрывает,sapent
34979,undermining,подрывает,compromet
34980,undermining,подрывает,compromettent
34981,undermining,подрывая,saper
34982,undermining,подрывая,sape
34983,undermining,подрывая,sapant
34984,undermining,подрывая,sapent
34985,undermining,подрывают,saper
34986,undermining,подрывают,compromettre
34987,undermining,подрывают,sape
34988,undermining,подрывают,sapent
34989,undermining,подрывают,compromet
34990,undermining,подрывают,compromettent
34991,undermining,подрывают,minent
34992,undermining,подорвать,saper
34993,undermining,подорвать,compromettre
34994,undermining,подорвать,miner
34995,undermining,подорвать,affaiblir
34996,undermining,подрывать,saper
34997,undermining,подрывать,compromettre
34998,undermining,подрывать,miner
34999,undermining,подрывать,porter atteinte
35000,undermining,подрывать,affaiblir
35001,undermining,подрывающих,sapant
35002,undermining,подрывающие,compromettant
35003,undermining,подорвав,sapant
35004,undermining,подрывающим,no_equality
35005,undermining,нарушение,no_equality
35006,undermining,срыв,no_equality
35007,undermining,подкоп,no_equality
35008,undermining,подрывало,saper
35009,undermining,подрывающей,no_equality
35010,undermining,подрывающими,no_equality
35011,leprosy,проказа,lèpre
35012,leprosy,проказа,lépreux
35013,leprosy,прокаженный,lépreux
35014,leprosy,лепра,no_equality
35015,leprosy,лепрой,no_equality
35016,leprosy,лепре,no_equality
35017,leprosy,лепры,no_equality
35018,leprosy,прокаженных,no_equality
35019,redactors,редакторы,no_equality
35020,gangsters,гангстеры,gangster
35021,gangsters,гангстеров,gangster
35022,gangsters,гангстеров,voyou
35023,gangsters,гангстеров,truand
35024,gangsters,бандиты,gangster
35025,gangsters,бандиты,bandit
35026,gangsters,бандиты,voyou
35027,gangsters,бандиты,gang
35028,gangsters,гангстерами,gangster
35029,gangsters,бандитов,bandit
35030,gangsters,бандитов,voyou
35031,gangsters,бандитов,truand
35032,gangsters,бандитов,malfaiteur
35033,gangsters,бандитов,gang
35034,gangsters,бандитами,bandit
35035,gangsters,бандитами,gang
35036,gangsters,бандитам,gangster
35037,gangsters,бандитам,bandit
35038,gangsters,гангстерам,no_equality
35039,gangsters,бандюков,no_equality
35040,gangsters,бандитах,bandit
35041,subverts,подрывает,sape
35042,infract,нарушать,violer
35043,baffling,непостижимый,no_equality
35044,baffling,загадочный,no_equality
35045,baffling,неблагоприятный,no_equality
35046,baffling,озадачивают,no_equality
35047,baffling,необъяснимые,no_equality
35048,baffling,озадачивает,no_equality
35049,baffling,обескураживает тот факт,no_equality
35050,baffling,сбивает с толку,déconcertant
35051,baffling,сбивает с толку,déroutant
35052,baffling,сбивает с толку,déroute
35053,baffling,вызывает удивление тот факт,no_equality
35054,cannoned,расквартированы,no_equality
35055,cannoned,расквартированных,no_equality
35056,cannoned,расквартирования,no_equality
35057,cannoned,районах сбора,no_equality
35058,cannoned,местах сбора,no_equality
35059,cannoned,собраны,no_equality
35060,cannoned,было собрано,no_equality
35061,functionaries,должностных лиц,fonctionnaire
35062,functionaries,должностные лица,no_equality
35063,functionaries,функционеров,no_equality
35064,functionaries,служащих,fonctionnaire
35065,functionaries,должностными лицами,fonctionnaire
35066,functionaries,чиновников,fonctionnaire
35067,functionaries,служащими,fonctionnaire
35068,functionaries,функционеры,no_equality
35069,functionaries,чиновниками,fonctionnaire
35070,functionaries,должностным лицам,fonctionnaire
35071,functionaries,служащие,no_equality
35072,functionaries,деятелей,no_equality
35073,functionaries,служащим,fonctionnaire
35074,functionaries,функционерам,no_equality
35075,defusings,разрядке,désamorcer
35076,defusings,разрядке,apaiser
35077,defusings,разрядки,désamorcer
35078,defusings,разрядки,dissiper
35079,defusings,обезвреживание,no_equality
35080,defusings,разрядить,no_equality
35081,defusings,ослаблении,apaiser
35082,defusings,ослабления,désamorcer
35083,defusings,ослаблению,désamorcer
35084,defusings,ослаблению,apaiser
35085,defusings,урегулировании,no_equality
35086,defusings,разряжая,no_equality
35087,defusings,разряжать,no_equality
35088,defusings,смягчению,désamorcer
35089,defusings,смягчению,apaiser
35090,defusings,деле урегулирования,no_equality
35091,defusings,предотвращении,no_equality
35092,gauntness,бесстрашный,no_equality
35093,gauntness,бесстрашные,no_equality
35094,gauntness,бесстрашие,no_equality
35095,gauntness,"""разящего""",no_equality
35096,gauntness,бесстрашии,no_equality
35097,gauntness,бесстрашных,no_equality
35098,gauntness,"""разящий"" захвачен",no_equality
35099,gauntness,"""разящему""",no_equality
35100,gauntness,ѕесстрашных,no_equality
35101,gauntness,ѕесстрашные,no_equality
35102,gauntness,из бесстрашия,no_equality
35103,amputation,ампутация,amputation
35104,amputation,ампутация,amputer
35105,amputation,отсечение конечностей,amputation
35106,amputation,отсечения конечностей,amputation
35107,amputation,отсечению конечностей,no_equality
35108,amputation,ампутировать,no_equality
35109,meliorating,улучшение,no_equality
35110,flatterer,льстец,flatteur
35111,flatterer,льстец,flattez
35112,solemn,торжественный,solennel
35113,solemn,торжественный,solennellement
35114,solemn,священный,sacré
35115,solemn,торжественно,no_equality
35116,solemn,мрачный,no_equality
35117,solemn,официальные,formelle
35118,solemn,официальным,formelle
35119,disconnecting,отключение,débranchement
35120,disconnecting,отключение,coupure
35121,disconnecting,разъединение,séparation
35122,disconnecting,отсоединения,no_equality
35123,disconnecting,разобщения,no_equality
35124,disconnecting,отключать,no_equality
35125,inhabited,заселенный,no_equality
35126,inhabited,населяемый,no_equality
35127,inhabited,населенный,peuplé
35128,inhabited,обитаемый,no_equality
35129,gesture,жест,geste
35130,gesture,жест,signe
35131,gesture,мимика,no_equality
35132,gesture,поступок,geste
35133,gesture,поступок,acte
35134,gesture,телодвижение,no_equality
35135,gesture,жестикулировать,gesticuler
35136,hygienic,гигиенический,no_equality
35137,hygienic,гигиены,no_equality
35138,hygienic,санитарно-гигиенических,hygiène
35139,hygienic,санитарно-гигиенические,hygiène
35140,hygienic,гигиеничный,no_equality
35141,hygienic,санитарно-гигиеническим,hygiène
35142,hygienic,санитарных,sanitaire
35143,hygienic,санитарных,hygiène
35144,hygienic,гигиеничные,no_equality
35145,hygienic,санитарно-гигиенической,no_equality
35146,venerabilities,уязвимость,vulnérabilité
35147,venerabilities,уязвимость,fragilité
35148,venerabilities,уязвимость,vulnérable
35149,venerabilities,уязвимость,précarité
35150,venerabilities,факторов уязвимости,vulnérabilité
35151,venerabilities,факторов уязвимости,faiblesse
35152,venerabilities,уязвимостей,no_equality
35153,venerabilities,уязвимостью,vulnérabilité
35154,venerabilities,слабые места,faille
35155,venerabilities,слабые места,faiblesse
35156,venerabilities,слабые места,fragilité
35157,venerabilities,слабые места,lacune
35158,venerabilities,уязвимых мест,vulnérabilité
35159,venerabilities,уязвимых мест,points faibles
35160,venerabilities,уязвимые места,vulnérabilité
35161,venerabilities,уязвимые места,faille
35162,venerabilities,проблем,no_equality
35163,venerabilities,слабых мест,vulnérabilité
35164,venerabilities,слабых мест,points faibles
35165,venerabilities,слабых мест,lacune
35166,venerabilities,уязвимыми,vulnérabilité
35167,venerabilities,уязвимыми,vulnérable
35168,venerabilities,уязвимые стороны,vulnérabilité
35169,venerabilities,уязвимое положение,no_equality
35170,venerabilities,уязвимостях,no_equality
35171,venerabilities,недостатков,faiblesse
35172,venerabilities,недостатков,points faibles
35173,venerabilities,недостатков,lacune
35174,venerabilities,проблемами,no_equality
35175,italicize,выделить курсивом,no_equality
35176,italicize,выделять курсивом,no_equality
35177,descriptive,описательный,descriptif
35178,descriptive,описательный,description
35179,descriptive,дескриптивный,no_equality
35180,descriptive,наглядный,no_equality
35181,descriptive,описания,no_equality
35182,descriptive,описательного характера,no_equality
35183,descriptive,описательному,no_equality
35184,oxides,оксидов,no_equality
35185,oxides,оксиды,no_equality
35186,oxides,окислов,no_equality
35187,oxides,окислы,oxyde
35188,oxides,оксидами,no_equality
35189,oxides,окиси,oxyde
35190,oxides,окись,oxyde
35191,nominative,именительный,no_equality
35192,nominative,номинатив,no_equality
35193,Redeemer,спаситель,rédempteur
35194,Redeemer,спаситель,sauveur
35195,Redeemer,избавитель,sauveur
35196,Redeemer,искупитель,no_equality
35197,Redeemer,избавительница,no_equality
35198,Redeemer,спасителя,sauveur
35199,Redeemer,redeemer,no_equality
35200,Redeemer,искупителя,no_equality
35201,resulted,результате,no_equality
35202,resulted,объясняется,no_equality
35203,resulted,стало,no_equality
35204,resulted,позволило,no_equality
35205,resulted,обусловлено,raison
35206,resulted,позволили,no_equality
35207,resulted,обусловлен,no_equality
35208,resulted,позволила,no_equality
35209,resulted,стали,no_equality
35210,resulted,благодаря,no_equality
35211,resulted,обусловлены,raison
35212,resulted,стала,no_equality
35213,resulted,обусловлена,no_equality
35214,resulted,удалось,no_equality
35215,resulted,является результатом,résultant
35216,unsmilingly,неизменно,invariablement
35217,unsmilingly,неизменно,sans relâche
35218,unsmilingly,неукоснительно,no_equality
35219,unsmilingly,неизменное,no_equality
35220,unsmilingly,какой же ты пошляк,no_equality
35221,elude,ускользнуть от,échapper à
35222,elude,избегать,échapper
35223,elude,избегать,éluder
35224,elude,избегать,se soustraire
35225,elude,избегать,esquiver
35226,elude,избежать,échapper à
35227,elude,избежать,se soustraire
35228,elude,уклоняться от,échapper à
35229,elude,уклоняться от,éluder
35230,elude,уклоняться от,esquiver
35231,elude,скрыться от,échapper à
35232,elude,ускользать,échapper
35233,elude,уклоняться,se soustraire
35234,elude,уклоняться,esquiver
35235,elude,ускользает от,no_equality
35236,elude,недоступны,no_equality
35237,elude,ускользают от,no_equality
35238,elude,ускользать от,échapper à
35239,elude,уклониться от,éluder
35240,elude,уклониться от,esquiver
35241,elude,уйти от,échapper à
35242,elude,недостижимы для,no_equality
35243,picnicked,устроили пикник,no_equality
35244,cavernous,кавернозный,no_equality
35245,cavernous,полостной,no_equality
35246,cavernous,пещерный,no_equality
35247,cavernous,похожий на пещеру,no_equality
35248,reliance,опора,no_equality
35249,reliance,использование,utilisation
35250,reliance,зависимость от,dépendance
35251,reliance,зависимость от,tributaire
35252,reliance,зависимость от,dépendent
35253,reliance,упор,no_equality
35254,reliance,доверие,confiance
35255,reliance,доверие,foi
35256,reliance,ориентация,no_equality
35257,reliance,зависимости от,dépendance
35258,reliance,зависимости от,tributaire
35259,reliance,зависимостью от,no_equality
35260,reliance,полагается,no_equality
35261,reliance,полагаются,dépendent
35262,reliance,акцент,no_equality
35263,reliance,уверенность,confiance
35264,reliance,уверенность,foi
35265,reliance,полагаясь,no_equality
35266,reliance,опирается,dépendent
35267,reliance,опирается,s'appuie
35268,reliance,опирается,repose
35269,reliance,надежды,foi
35270,reliance,опираясь,no_equality
35271,industries,промышленности,industrie
35272,industries,промышленности,entreprise
35273,industries,промышленности,industriel
35274,industries,отраслей,industrie
35275,industries,отраслей,entreprise
35276,industries,отраслей,secteur
35277,industries,отраслей,industriel
35278,industries,отраслей,activité
35279,industries,отраслей,domaine
35280,industries,отраслях,industrie
35281,industries,отраслях,secteur
35282,industries,отраслях,activité
35283,industries,отраслях,domaine
35284,industries,отрасли,industrie
35285,industries,отрасли,secteur
35286,industries,предприятий,industrie
35287,industries,предприятий,entreprise
35288,industries,предприятий,secteur
35289,industries,предприятий,usine
35290,industries,предприятий,société
35291,industries,промышленность,industrie
35292,industries,промышленность,entreprise
35293,industries,отраслям,no_equality
35294,industries,отрасли промышленности,industrie
35295,industries,индустрии,industrie
35296,industries,индустрии,secteur
35297,industries,отраслями,industrie
35298,industries,отраслями,secteur
35299,industries,отраслями,industriel
35300,industries,предприятиями,industrie
35301,industries,предприятиями,entreprise
35302,industries,предприятиями,secteur
35303,industries,предприятиями,société
35304,industries,производства,industrie
35305,industries,производства,production
35306,industries,производств,industrie
35307,industries,производств,production
35308,industries,предприятиям,industrie
35309,industries,предприятиям,entreprise
35310,industries,предприятиям,société
35311,industries,индастриз,no_equality
35312,mystic,мистик,mystique
35313,mystic,мистик,mystic
35314,mystic,мистический,mystique
35315,mystic,мистика,mystique
35316,moistener,увлажнитель,humidificateur
35317,self-pities,себя,no_equality
35318,self-pities,себе,no_equality
35319,self-pities,сущность,no_equality
35320,self-pities,личность,no_equality
35321,self-pities,"""я""",no_equality
35322,self-pities,жалеет,no_equality
35323,self-pities,жалеют,no_equality
35324,groat,грош,no_equality
35325,groat,рош,no_equality
35326,groat,мелочь,no_equality
35327,groat,крупа,no_equality
35328,groat,гроата,no_equality
35329,directives,директив,directive
35330,directives,директив,instruction
35331,directives,директивы,directive
35332,directives,директивы,orientation
35333,directives,директивы,instruction
35334,directives,директивы,lignes directrices
35335,directives,директивами,orientation
35336,directives,директивами,directives-filles
35337,directives,директивах,directive
35338,directives,директивам,no_equality
35339,directives,инструкции,directive
35340,directives,инструкции,instruction
35341,directives,инструкции,lignes directrices
35342,directives,инструкции,indication
35343,directives,директивных указаний,directive
35344,directives,указаниями,directive
35345,directives,указаниями,orientation
35346,directives,указаниями,instruction
35347,directives,распоряжения,no_equality
35348,directives,распоряжений,consigne
35349,directives,распоряжений,instruction
35350,directives,указаниям,instruction
35351,directives,постановления,no_equality
35352,directives,распоряжениями,no_equality
35353,directives,указаниях,directive
35354,directives,указаниях,instruction
35355,directives,предписаний,no_equality
35356,asymmetry,асимметрия,asymétrie
35357,asymmetry,асимметрия,déséquilibre
35358,asymmetry,асимметричность,asymétrie
35359,asymmetry,несимметричность,no_equality
35360,asymmetry,ассиметрия,no_equality
35361,asymmetry,асимметричное распределение,asymétrique
35362,intentions,намерения,intention
35363,intentions,намерения,volonté
35364,intentions,намерения,visée
35365,intentions,намерений,no_equality
35366,intentions,намерениях,intention
35367,intentions,намерениями,intention
35368,intentions,намерениям,intention
35369,intentions,намерениям,dessein
35370,intentions,намерение,intention
35371,intentions,намерение,volonté
35372,intentions,планы,projet
35373,intentions,планах,projet
35374,intentions,планов,objectif
35375,intentions,планов,dessein
35376,intentions,планов,projet
35377,intentions,замыслы,intention
35378,intentions,замыслы,dessein
35379,intentions,устремления,no_equality
35380,intentions,устремлений,no_equality
35381,intentions,целям,no_equality
35382,intentions,планами,no_equality
35383,metastasis,метастаз,métastase
35384,sit,сидеть,s'asseoir
35385,sit,сидеть,rester assis
35386,sit,сидеть,attendre
35387,sit,сидеть,être assis
35388,sit,сидеть,s'assoir
35389,sit,сидеть,reste
35390,sit,сидеть,m'assois
35391,sit,заседать,siéger
35392,sit,заседать,se réunir
35393,sit,находиться,no_equality
35394,sit,просидеть,rester assis
35395,sit,просидеть,passer
35396,sit,просидеть,être assis
35397,sit,отсиживать,no_equality
35398,sit,посадить,asseoir
35399,sit,выпрямиться,no_equality
35400,sit,посиживать,no_equality
35401,reintroduced,вновь введена,no_equality
35402,reintroduced,восстановить,no_equality
35403,reintroduced,восстановлена,no_equality
35404,reintroduced,восстановлено,no_equality
35405,reintroduced,возобновлена,no_equality
35406,reintroduced,повторное,no_equality
35407,reintroduced,возобновили,no_equality
35408,reintroduced,повторно внесен,no_equality
35409,reintroduced,восстановлены,rétablie
35410,reintroduced,повторно введена,no_equality
35411,reintroduced,восстановил,a rétabli
35412,meteors,метеориты,no_equality
35413,meteors,метеоритов,météore
35414,meteors,метеоритов,météorite
35415,meteors,метеоры,météore
35416,meteors,метеоритами,météorite
35417,meteors,метеоров,no_equality
35418,meteors,метеоритах,météorite
35419,meteors,звёзды,no_equality
35420,meteors,метеорами,no_equality
35421,eagerness,стремление,désir
35422,eagerness,стремление,volonté
35423,eagerness,стремление,acharnement
35424,eagerness,готовность,empressement
35425,eagerness,готовность,désir
35426,eagerness,готовность,volonté
35427,eagerness,желание,désir
35428,eagerness,желание,volonté
35429,eagerness,рвение,ardeur
35430,eagerness,рвение,zèle
35431,collusion,сговор,collusion
35432,collusion,сговор,complicité
35433,collusion,сговор,connivence
35434,collusion,сговор,entente
35435,collusion,сговор,conspiration
35436,collusion,преступный сговор,no_equality
35437,collusion,попустительстве,complicité
35438,collusion,попустительстве,connivence
35439,collusion,заговоре,conspiration
35440,outlives,переживет,no_equality
35441,infesting,наводнение,no_equality
35442,infesting,"том, что он наводнил",no_equality
35443,palpably,ощутимо,no_equality
35444,interminable,бесконечный,interminable
35445,interminable,бесконечный,sans fin
35446,interminable,нескончаемых,no_equality
35447,interminable,нескончаемой,interminable
35448,interminable,нескончаемую,no_equality
35449,interminable,нескончаемые,no_equality
35450,interminable,непрекращающиеся,no_equality
35451,interminable,непрекращающейся,no_equality
35452,oranges,апельсины,orange
35453,oranges,апельсинов,orange
35454,oranges,апельсинами,orange
35455,oranges,котлеты,no_equality
35456,oranges,апельсинам,no_equality
35457,oranges,в апельсинах,no_equality
35458,oranges,апельсина,orange
35459,oranges,апельсина,oranger
35460,oranges,мандарины,mandarine
35461,ethnicity,этническая принадлежность,appartenance ethnique
35462,ethnicity,этническая принадлежность,origine ethnique
35463,ethnicity,этническая принадлежность,ethnicité
35464,ethnicity,этническая принадлежность,ethnicity
35465,ethnicity,национальность,appartenance ethnique
35466,ethnicity,национальность,ethnicité
35467,ethnicity,национальность,nationalité
35468,ethnicity,этнос,ethnie
35469,ethnicity,этнической принадлежности,appartenance ethnique
35470,ethnicity,этнической принадлежности,origine ethnique
35471,ethnicity,этнической принадлежности,ethnicité
35472,ethnicity,этнической принадлежности,ethnie
35473,ethnicity,этнической принадлежности,groupe ethnique
35474,ethnicity,этнического происхождения,appartenance ethnique
35475,ethnicity,этнического происхождения,origine ethnique
35476,ethnicity,этнического происхождения,ethnicité
35477,ethnicity,этнического происхождения,ethnie
35478,ethnicity,этнической принадлежностью,appartenance ethnique
35479,ethnicity,этнической принадлежностью,ethnicité
35480,ethnicity,этнической принадлежностью,ethnie
35481,ethnicity,этническое происхождение,appartenance ethnique
35482,ethnicity,этническое происхождение,origine ethnique
35483,ethnicity,этническому признаку,appartenance ethnique
35484,ethnicity,этническому признаку,ethnicité
35485,ethnicity,этническому признаку,ethnie
35486,ethnicity,этническому признаку,groupe ethnique
35487,ethnicity,этническому происхождению,appartenance ethnique
35488,ethnicity,этническому происхождению,origine ethnique
35489,ethnicity,этническому происхождению,ethnicité
35490,ethnicity,этническому происхождению,ethnie
35491,ethnicity,этническому происхождению,groupe ethnique
35492,ethnicity,этническую принадлежность,appartenance ethnique
35493,ethnicity,этническую принадлежность,origine ethnique
35494,ethnicity,этническую принадлежность,ethnicité
35495,ethnicity,этническим происхождением,appartenance ethnique
35496,ethnicity,этническим происхождением,origine ethnique
35497,ethnicity,этническим происхождением,ethnicité
35498,ethnicity,этническим происхождением,ethnie
35499,ethnicity,этническом происхождении,appartenance ethnique
35500,ethnicity,этническом происхождении,origine ethnique
35501,ethnicity,этническом происхождении,ethnie
35502,ethnicity,этническим группам,groupe ethnique
35503,ethnicity,этническим группам,groupes ethniques
35504,ethnicity,национальной принадлежности,no_equality
35505,ethnicity,этнические,no_equality
35506,colonization,колонизация,colonisation
35507,colonization,ее колонизация,décolonisation
35508,colonization,колонизационный,no_equality
35509,colonization,колонизаторский,no_equality
35510,tottered,рваный,no_equality
35511,tottered,оборванный,no_equality
35512,tottered,драный,no_equality
35513,gauze,марля,gaze
35514,gauze,бинт,pansement
35515,gauze,бинт,bandage
35516,gauze,марли,compresse
35517,gauze,тампон,no_equality
35518,gauze,газ,gaz
35519,gauze,марлевые,no_equality
35520,gauze,бинта,no_equality
35521,gauze,ватой,no_equality
35522,gauze,повязку,pansement
35523,gauze,повязку,bandage
35524,gauze,пластырем,no_equality
35525,apologetic,апологетический,no_equality
35526,apologetic,извинительный,no_equality
35527,valiant,доблестный,vaillant
35528,valiant,мужественный,vaillant
35529,valiant,мужественный,courageux
35530,valiant,мужественный,valeureux
35531,valiant,мужественный,courage
35532,valiant,мужественный,brave
35533,valiant,отважный,vaillant
35534,valiant,отважный,courageux
35535,valiant,отважный,valeureux
35536,valiant,отважный,brave
35537,valiant,храбрый,vaillant
35538,valiant,храбрый,courageux
35539,valiant,храбрый,valeureux
35540,valiant,храбрый,preux
35541,valiant,храбрый,courage
35542,valiant,храбрый,brave
35543,valiant,героические,vaillant
35544,valiant,"""вэлиант""",no_equality
35545,valiant,доблестное,no_equality
35546,valiant,героическим,no_equality
35547,revaluations,переоценки,réévaluation
35548,revaluations,переоценки,revalorisation
35549,revaluations,переоценкой,no_equality
35550,revaluations,переоценка,réévaluation
35551,revaluations,переоценка,revalorisation
35552,revaluations,переоценок,no_equality
35553,revaluations,переоценку,réévaluation
35554,exacerbation,обострение,exacerbation
35555,exacerbation,обострение,aggravation
35556,exacerbation,усугубление,aggravation
35557,exacerbation,усиление,aggravation
35558,exacerbation,ухудшение,aggravation
35559,fronds,пальмовых листьев,feuille
35560,threshes,молотит,no_equality
35561,assistants,помощников,assistant
35562,assistants,помощников,adjoint
35563,assistants,помощников,auxiliaire
35564,assistants,помощников,collaborateur
35565,assistants,помощников,aide
35566,assistants,помощники,assistant
35567,assistants,помощники,adjoint
35568,assistants,помощники,collaborateur
35569,assistants,ассистентов,assistant
35570,assistants,ассистентов,auxiliaire
35571,assistants,помощниками,assistant
35572,assistants,помощниками,auxiliaire
35573,assistants,помощниками,collaborateur
35574,assistants,ассистенты,assistant
35575,assistants,помощникам,adjoint
35576,assistants,работников,personnel
35577,assistants,заместителей,adjoint
35578,assistants,младших сотрудников по вопросам,no_equality
35579,assistants,ассистента,assistant
35580,assistants,ассистентами,assistant
35581,assistants,младших сотрудника по вопросам,no_equality
35582,assistants,ассистенток,assistant
35583,assistants,помощник,assistant
35584,assistants,помощник,adjoint
35585,assistants,помощник,auxiliaire
35586,assistants,помощник,collaborateur
35587,assistants,помощник,aide
35588,assistants,помощниц,assistant
35589,ivies,плюща,no_equality
35590,co-pilots,ко,no_equality
35591,co-pilots,co,no_equality
35592,co-pilots,командир,no_equality
35593,co-pilots,компания,no_equality
35594,co-pilots,лтд,no_equality
35595,co-pilots,пилотов,no_equality
35596,co-pilots,пилоты,no_equality
35597,co-pilots,экспериментальных проектов,no_equality
35598,co-pilots,летчиков,no_equality
35599,co-pilots,летчики,no_equality
35600,plasticized,пластифицированных,no_equality
35601,rhythmical,ритмичный,no_equality
35602,illustrates,иллюстрирует,illustre
35603,illustrates,иллюстрирует,montre
35604,illustrates,иллюстрирует,illustrent
35605,illustrates,показывает,illustre
35606,illustrates,показывает,montre
35607,illustrates,показывает,démontre
35608,illustrates,показывает,indique
35609,illustrates,показывает,montrent
35610,illustrates,показывает,prouve
35611,illustrates,свидетельствует о том,no_equality
35612,illustrates,показано,illustre
35613,illustrates,показано,montre
35614,illustrates,показано,indique
35615,illustrates,показано,montrent
35616,illustrates,показано,fait apparaître
35617,illustrates,демонстрирует,illustre
35618,illustrates,демонстрирует,montre
35619,illustrates,демонстрирует,démontre
35620,illustrates,демонстрирует,témoigne
35621,illustrates,демонстрирует,montrent
35622,illustrates,демонстрирует,prouve
35623,illustrates,показаны,illustre
35624,illustrates,показаны,montre
35625,illustrates,показаны,indique
35626,illustrates,показаны,fait apparaître
35627,illustrates,подтверждает,illustre
35628,illustrates,подтверждает,montre
35629,illustrates,подтверждает,démontre
35630,illustrates,подтверждает,témoigne
35631,illustrates,подтверждает,prouve
35632,illustrates,подтверждает,atteste
35633,illustrates,отражает,illustre
35634,illustrates,отражает,montre
35635,illustrates,отражает,témoigne
35636,illustrates,отражает,représente
35637,illustrates,показана,illustre
35638,illustrates,показана,montre
35639,illustrates,показана,indique
35640,illustrates,показана,fait apparaître
35641,illustrates,служит иллюстрацией,illustre
35642,illustrates,видно,montre
35643,illustrates,видно,indique
35644,illustrates,видно,montrent
35645,illustrates,указывает,montre
35646,illustrates,указывает,indique
35647,illustrates,показан,illustre
35648,illustrates,показан,montre
35649,illustrates,показан,indique
35650,illustrates,показан,fait apparaître
35651,illustrates,иллюстрируют,illustre
35652,illustrates,иллюстрируют,illustrent
35653,illustrates,иллюстрируют,illustrer
35654,illustrates,иллюстрируют,montrent
35655,illustrates,иллюстрируется,illustre
35656,illustrates,иллюстрируется,illustrer
35657,yachts,яхты,yacht
35658,yachts,яхты,bateau
35659,yachts,яхты,voilier
35660,yachts,яхт,yacht
35661,yachts,яхт,bateau
35662,yachts,яхт,plaisance
35663,yachts,яхтах,yacht
35664,yachts,яхтами,no_equality
35665,yachts,yachts,no_equality
35666,voices,голоса,voix
35667,voices,голоса,entendre
35668,voices,голоса,parole
35669,voices,голосов,voix
35670,voices,голос,voix
35671,voices,мнения,voix
35672,voices,мнения,opinion
35673,voices,мнения,avis
35674,voices,голосам,voix
35675,voices,мнений,voix
35676,voices,мнений,opinion
35677,voices,мнений,avis
35678,voices,голосами,voix
35679,voices,мнение,avis
35680,voices,позиции,no_equality
35681,voices,мнениям,voix
35682,voices,мнениям,opinion
35683,voices,голосу,voix
35684,voices,голосах,voix
35685,voices,голосом,no_equality
35686,voices,voices,voices
35687,voices,потише,no_equality
35688,effected,осуществляется,no_equality
35689,effected,производится,effectué
35690,effected,производится,produit
35691,effected,осуществлена,effectué
35692,effected,осуществлена,réalisé
35693,effected,осуществлена,lieu
35694,effected,осуществлено,effectué
35695,effected,осуществлено,réalisé
35696,effected,осуществлено,exécutée
35697,effected,осуществлен,effectué
35698,effected,осуществлен,réalisé
35699,effected,осуществлены,no_equality
35700,effected,произведено,effectué
35701,effected,произведено,procédé
35702,effected,произведено,produit
35703,effected,произведена,effectué
35704,effected,произведена,procédé
35705,effected,произведена,effectuer
35706,effected,произведена,opéré
35707,effected,осуществляться,no_equality
35708,effected,производиться,no_equality
35709,effected,осуществляются,no_equality
35710,effected,произведен,effectué
35711,effected,произведен,procédé
35712,effected,произведены,effectué
35713,effected,произведены,procédé
35714,effected,произведены,produit
35715,effected,произведены,opéré
35716,effected,произведены,lieu
35717,effected,осуществить,no_equality
35718,effected,внесены,no_equality
35719,chromatic,хроматический,no_equality
35720,chromatic,цветной,no_equality
35721,chromatic,хроматической,no_equality
35722,chromatic,хроматические,no_equality
35723,chromatic,хроматических,no_equality
35724,chromatic,хроматическую,no_equality
35725,cataracts,катаракты,cataracte
35726,cataracts,катаракта,cataracte
35727,cataracts,катарактой,cataracte
35728,cataracts,катаракту,cataracte
35729,cataracts,катаракт,no_equality
35730,cataracts,хляби,no_equality
35731,disclose,раскрывать,divulguer
35732,disclose,раскрывать,communiquer
35733,disclose,раскрывать,révéler
35734,disclose,раскрывать,dévoiler
35735,disclose,раскрывать,publier
35736,disclose,раскрыть,divulguer
35737,disclose,раскрыть,révéler
35738,disclose,раскрыть,dévoiler
35739,disclose,раскрыть,dénoncer
35740,disclose,разглашать,divulguer
35741,disclose,разглашать,révéler
35742,disclose,разглашать,dévoiler
35743,disclose,разглашать,publier
35744,disclose,сообщать,communiquer
35745,disclose,сообщать,révéler
35746,disclose,сообщать,indiquer
35747,disclose,сообщать,déclarer
35748,disclose,сообщать,informer
35749,disclose,сообщать,signaler
35750,disclose,сообщать,dénoncer
35751,disclose,сообщить,communiquer
35752,disclose,сообщить,fournir
35753,disclose,сообщить,déclarer
35754,disclose,сообщить,informer
35755,disclose,сообщить,dénoncer
35756,disclose,указывать,indiquer
35757,disclose,указывать,signaler
35758,disclose,обнародовать,divulguer
35759,disclose,обнародовать,révéler
35760,disclose,обнародовать,dévoiler
35761,disclose,обнародовать,publier
35762,disclose,показать,révéler
35763,disclose,показать,indiquer
35764,disclose,показывать,indiquer
35765,disclose,показывать,faire apparaître
35766,disclose,разоблачать,dénoncer
35767,disclose,оглашать,divulguer
35768,disclose,оглашать,publier
35769,disclose,раскрытии,divulguer
35770,disclose,раскрытии,dévoiler
35771,disclose,свидетельствуют о,no_equality
35772,disclose,раскрытию,no_equality
35773,disclose,представлять информацию о,no_equality
35774,disclose,выявит,no_equality
35775,bet,ставка,pari
35776,bet,ставка,enjeu
35777,bet,пари,pari
35778,bet,ставки,pari
35779,bet,ставки,enjeu
35780,bet,спор,pari
35781,bet,спора,no_equality
35782,bet,поставить,parier
35783,bet,поставить,miser
35784,bet,ставить,parier
35785,bet,ставить,miser
35786,bet,держу пари,no_equality
35787,bet,спорим,no_equality
35788,bet,уверен,doute
35789,bet,спорю,no_equality
35790,bet,готов поспорить,no_equality
35791,bet,могу поспорить,no_equality
35792,bet,думаю,no_equality
35793,bet,готова поспорить,no_equality
35794,bet,заклад,gage
35795,bet,держать пари,parier
35796,bet,биться об заклад,gage
35797,bet,быть уверенным,no_equality
35798,drapes,штора,rideau
35799,drapes,занавески,rideau
35800,drapes,портьеры,rideau
35801,drapes,занавескам,rideau
35802,drapes,занавесок,rideau
35803,drapes,занавесках,rideau
35804,raises,вызывает,soulève
35805,raises,вызывает,pose
35806,raises,вызывает,suscite
35807,raises,поднимает,soulève
35808,raises,поднимает,pose
35809,raises,поднимает,augmente
35810,raises,поднимает,lève
35811,raises,поднимает,soulèvent
35812,raises,возникает,suscite
35813,raises,возникает,soulèvent
35814,raises,возникают,soulève
35815,raises,возникают,soulèvent
35816,raises,ставит,soulève
35817,raises,ставит,pose
35818,raises,порождает,soulève
35819,raises,порождает,pose
35820,raises,порождает,suscite
35821,raises,повышает,augmente
35822,raises,повышает,accroît
35823,raises,повышает,augmenter
35824,raises,затрагивает,soulève
35825,raises,затрагивает,évoque
35826,raises,затрагивает,aborde
35827,raises,создает,pose
35828,raises,поднимается,soulève
35829,raises,поднимается,soulèvent
35830,raises,вызывают,suscite
35831,raises,вызывают,soulèvent
35832,raises,поднимаются,soulève
35833,raises,увеличивает,augmente
35834,raises,увеличивает,accroît
35835,raises,увеличивает,augmenter
35836,raises,затрагиваются,soulève
35837,raises,затрагиваются,aborde
35838,raises,ведет,no_equality
35839,counterclaiming,встречное требование,no_equality
35840,imploded,взорвался,no_equality
35841,imploded,распался,no_equality
35842,imploded,рухнула,no_equality
35843,imploded,взорвались,a explosé
35844,imploded,разрушился,no_equality
35845,imploded,схлопнулись,no_equality
35846,upright,вертикальный,vertical
35847,upright,прямой,droit
35848,upright,честный,intègre
35849,upright,честный,honnête
35850,upright,праведный,juste
35851,upright,стоячий,no_equality
35852,upright,прямоходящий,no_equality
35853,upright,стойка,no_equality
35854,upright,подпорка,no_equality
35855,upright,вертикальное положение,no_equality
35856,upright,прямохождение,no_equality
35857,upright,пианино,no_equality
35858,upright,вертикально,verticalement
35859,upright,прямо,juste
35860,upright,прямо,tout droit
35861,upright,отвесно,no_equality
35862,upright,стоймя,debout
35863,upright,торчком,no_equality
35864,wheels,колеса,roue
35865,wheels,колеса,voiture
35866,wheels,колес,roue
35867,wheels,колес,jante
35868,wheels,колесах,roue
35869,wheels,колесах,roulette
35870,wheels,колесах,wheels
35871,wheels,колесами,roue
35872,wheels,колесами,roulette
35873,wheels,колесики,roue
35874,wheels,колесам,roue
35875,wheels,колесиках,roulette
35876,wheels,тачку,bagnole
35877,wheels,тачку,caisse
35878,wheels,тачку,voiture
35879,wheels,колесо,roue
35880,wheels,колесо,roulette
35881,wheels,тачка,bagnole
35882,wheels,тачка,caisse
35883,wheels,тачка,voiture
35884,wheels,колесиками,roue
35885,wheels,колесиками,roulette
35886,wheels,машина,bagnole
35887,wheels,машина,caisse
35888,wheels,машина,voiture
35889,wheels,коляскин,wheels
35890,wheels,уилс,no_equality
35891,peninsulas,полуостровов,no_equality
35892,peninsulas,полуостровах,no_equality
35893,peninsulas,полуостровами,no_equality
35894,interning,стажер,stagiaire
35895,interning,стажер,interne
35896,interning,стажировки,no_equality
35897,interning,стажировке,stage
35898,interning,стажировке,stagiaire
35899,interning,стажируюсь,no_equality
35900,interning,стажируется,no_equality
35901,interning,стажировку,stage
35902,interning,стажировку,internat
35903,subcultures,субкультур,no_equality
35904,subcultures,субкультуры,no_equality
35905,Leedss,лидс,leeds
35906,Leedss,лидсе,leeds
35907,Leedss,лидса,leeds
35908,Leedss,лидский,no_equality
35909,Leedss,лидз,no_equality
35910,Leedss,лидсов,leeds
35911,Leedss,лидсом,leeds
35912,Uzbekistans,узбекистан,no_equality
35913,Uzbekistans,узбекистана,no_equality
35914,Uzbekistans,узбекистане,no_equality
35915,Uzbekistans,узбекистаном,no_equality
35916,Uzbekistans,узбекистану,no_equality
35917,Uzbekistans,республике,no_equality
35918,Uzbekistans,республики,no_equality
35919,Uzbekistans,страны,no_equality
35920,Uzbekistans,ру,no_equality
35921,Uzbekistans,узбекская сторона,no_equality
35922,Uzbekistans,узбекское,no_equality
35923,Uzbekistans,uzbekistan,no_equality
35924,Uzbekistans,узбекской,no_equality
35925,Uzbekistans,узбекского,no_equality
35926,bloods,крови,no_equality
35927,bloods,кровь,sang
35928,bloods,кровей,no_equality
35929,bloods,прокляты,no_equality
35930,bloods,аристократии,no_equality
35931,psychotic,психотический,psychotique
35932,psychotic,психически больной,no_equality
35933,sleekly,еженедельный,no_equality
35934,sleekly,недельный,no_equality
35935,sleekly,еженедельно,no_equality
35936,sleekly,еженедельник,no_equality
35937,sleekly,недели,no_equality
35938,sleekly,каждую неделю,no_equality
35939,sleekly,уикли,no_equality
35940,sleekly,еженедельный журнал,no_equality
35941,sleekly,weekly,no_equality
35942,Berlin,Берлин,berlin
35943,Berlin,старинная дорожная карета,no_equality
35944,Berlin,Берлинский,de berlin
35945,defacement,порча,no_equality
35946,defacement,стирание,effacement
35947,defacement,порчи веб-сайтов,no_equality
35948,whispers,шепчет,murmure
35949,whispers,шепчет,chuchote
35950,whispers,шепчет,chuchotant
35951,whispers,шепчет,chuchoter
35952,whispers,слухи,murmure
35953,whispers,слухи,rumeur
35954,whispers,шепот,murmure
35955,whispers,шепот,chuchotement
35956,whispers,шепотом,murmure
35957,whispers,шепотом,chuchote
35958,whispers,шепотом,chuchotement
35959,whispers,шепотом,chuchotant
35960,whispers,шёпота,no_equality
35961,whispers,перешептывания,no_equality
35962,whispers,шепотки,no_equality
35963,whispers,шептун,whispers
35964,whispers,шептуна,no_equality
35965,whispers,шептуном,no_equality
35966,whispers,висперс,whispers
35967,whispers,нашептывает,murmure
35968,whispers,нашептывает,chuchote
35969,whispers,слухов,rumeur
35970,geothermally,геотермальный,no_equality
35971,geothermally,геотермальная энергия,no_equality
35972,geothermally,геотермальной энергии,no_equality
35973,geothermally,геотермической,no_equality
35974,geothermally,геотермальным,no_equality
35975,geothermally,геотермальными,no_equality
35976,geothermally,геотермические,no_equality
35977,geothermally,геотермических,no_equality
35978,geothermally,геотермическая,no_equality
35979,diagnosis,диагноз,diagnostic
35980,diagnosis,диагноз,diagnostique
35981,diagnosis,диагноз,diagnostiquer
35982,diagnosis,диагноз,maladie
35983,diagnosis,диагностика,diagnostic
35984,diagnosis,диагностика,diagnostique
35985,diagnosis,диагностик,no_equality
35986,diagnosis,диагностирование,diagnostic
35987,diagnosis,анализ,diagnostic
35988,diagnosis,анализ,analyse
35989,diagnosis,выявление,dépistage
35990,diagnosis,выявление,détection
35991,diagnosis,оценка,diagnostic
35992,diagnosis,оценка,analyse
35993,diagnosis,диагностических,diagnostic
35994,diagnosis,диагностических,dépistage
35995,diagnosis,диагностированием,no_equality
35996,Birminghams,бирмингем,birmingham
35997,Birminghams,бирмингеме,birmingham
35998,Birminghams,бирмингема,birmingham
35999,Birminghams,бирмингемский,no_equality
36000,Birminghams,бирмингемской,birmingham
36001,Birminghams,бирмингемском,no_equality
36002,Birminghams,бирмингемом,no_equality
36003,Birminghams,бирмингемским,no_equality
36004,Corsicas,корсика,no_equality
36005,Corsicas,корсике,no_equality
36006,Corsicas,корсики,no_equality
36007,Corsicas,корсиканский,corse
36008,Corsicas,корсик,no_equality
36009,Corsicas,корсику,corse
36010,textures,текстуры,texture
36011,textures,текстур,no_equality
36012,textures,текстурами,no_equality
36013,textures,текстура,texture
36014,textures,текстурой,no_equality
36015,textures,текстуру,texture
36016,speeded,ускоренный,no_equality
36017,wankers,придурки,connard
36018,wankers,придурки,con
36019,wankers,дрочил,branleurs
36020,wankers,идиоты,con
36021,wankers,козлы,connard
36022,wankers,козлы,con
36023,wankers,дрочилы,no_equality
36024,wankers,задротами,no_equality
36025,wankers,придурков,connard
36026,wankers,придурков,con
36027,wankers,мудаки,connard
36028,wankers,мудаки,con
36029,wankers,идиотов,con
36030,wankers,онанисты,no_equality
36031,wankers,кретины,con
36032,wankers,задротов,branleurs
36033,archeologic,археологический,archéologique
36034,revitalisation,оживления,revitalisation
36035,revitalisation,оживления,redynamisation
36036,revitalisation,оживлению,revitalisation
36037,revitalisation,оживлению,revitaliser
36038,lifer,пожизненное заключение,no_equality
36039,lifer,пожизненно заключенный,no_equality
36040,strafers,торговцев,commerçant
36041,strafers,торговцев,négociant
36042,strafers,торговцев,marchand
36043,strafers,торговцев,trafiquant
36044,strafers,торговцев,vendeur
36045,strafers,торговцев,courtier
36046,strafers,торговцы,commerçant
36047,strafers,торговцы,négociant
36048,strafers,торговцы,marchand
36049,strafers,торговцы,trafiquant
36050,strafers,торговцы,vendeur
36051,strafers,трейдеров,trader
36052,strafers,торговцами,no_equality
36053,strafers,трейдеры,trader
36054,strafers,торговых компаний,négociant
36055,strafers,торговцам,négociant
36056,strafers,торговцам,trafiquant
36057,strafers,торговцам,vendeur
36058,strafers,участников торговли,commerçant
36059,strafers,участников торговли,négociant
36060,strafers,торговые компании,no_equality
36061,strafers,трейдерам,no_equality
36062,strafers,торговых предприятий,négociant
36063,strafers,участникам торговли,négociant
36064,strafers,торговых фирм,commerce
36065,strafers,торговые фирмы,commerce
36066,strafers,коммерсантов,commerçant
36067,strafers,коммерсантов,négociant
36068,compacts,договоры,pacte
36069,compacts,договоры,accord
36070,compacts,договоров,pacte
36071,compacts,договоров,accord
36072,compacts,договорах,accord
36073,compacts,соглашений,accord
36074,compacts,соглашения,pacte
36075,compacts,соглашения,accord
36076,compacts,договоренностей,accord
36077,compacts,компактов,no_equality
36078,compacts,согласованных планов работы,no_equality
36079,compacts,компакты,no_equality
36080,compacts,договорами,accord
36081,compacts,договора,pacte
36082,compacts,договора,accord
36083,compacts,планы работы,contrats de mission
36084,shagged,трахнул,a baisé
36085,shagged,трахнул,as baisé
36086,shagged,трахнул,ai baisé
36087,shagged,трахнул,ai couché avec
36088,shagged,трахал,a baisé
36089,shagged,трахал,as baisé
36090,shagged,трахал,ai baisé
36091,shagged,трахал,tapé
36092,shagged,трахалась с,a baisé
36093,shagged,трахалась с,ai couché avec
36094,shagged,поимел,a baisé
36095,shagged,трахнула,as baisé
36096,shagged,трахнула,ai baisé
36097,shagged,трахнула,ai couché avec
36098,shagged,соблазнил,no_equality
36099,shagged,трахались,baisée
36100,shagged,трахались,a baisé
36101,shagged,переспать с,no_equality
36102,shagged,трахнулась,as baisé
36103,shagged,трахнулась,ai baisé
36104,shagged,соблазнила,no_equality
36105,shagged,отымел,a baisé
36106,shagged,отымел,as baisé
36107,shagged,отымел,ai baisé
36108,shagged,переспали,no_equality
36109,shagged,трахалась со,no_equality
36110,shagged,переспала с,as baisé
36111,shagged,переспала с,baisé avec
36112,shagged,переспала с,ai baisé
36113,shagged,переспала с,ai couché avec
36114,theoretically,теоретически,théoriquement
36115,theoretically,теоретически,en théorie
36116,theoretically,теоретически,en principe
36117,theoretically,в теории,no_equality
36118,theoretically,теоретико,no_equality
36119,theoretically,теоретической,no_equality
36120,theoretically,теоритически,théoriquement
36121,theoretically,принципе,no_equality
36122,theoretically,теоретическом плане,no_equality
36123,prayers,молитвы,prière
36124,prayers,молитвы,prier
36125,prayers,молитв,prier
36126,prayers,молитвах,prière
36127,prayers,молитвах,prier
36128,prayers,молитву,prière
36129,prayers,молитву,prier
36130,prayers,молитвами,no_equality
36131,prayers,молитвам,prière
36132,prayers,молитве,prière
36133,prayers,молитве,prier
36134,prayers,молиться,prière
36135,prayers,молиться,prier
36136,prayers,молимся,no_equality
36137,prayers,мольбы,prière
36138,prayers,мольбы,supplication
36139,prayers,богослужения,no_equality
36140,prayers,молился,prière
36141,prayers,молился,prier
36142,prayers,молился,priait
36143,prayers,молились,prière
36144,prayers,молились,prier
36145,prayers,молились,prion
36146,prayers,молились,priant
36147,prayers,молились,prient
36148,prayers,молитва,prière
36149,prayers,молитва,prier
36150,prayers,просьбы,no_equality
36151,coherently,связно,no_equality
36152,metamorphosis,метаморфоза,métamorphose
36153,metamorphosis,превращение,métamorphose
36154,metamorphosis,метаморфозу,no_equality
36155,metamorphosis,трансформации,no_equality
36156,metamorphosis,метафорфоза,no_equality
36157,malevolency,недоброжелательность,no_equality
36158,malevolency,злопыхательство,no_equality
36159,malevolency,"""злорадство""",no_equality
36160,malevolency,недоброжелательства,no_equality
36161,malevolency,злонамеренности,no_equality
36162,tactics,тактика,tactique
36163,tactics,тактика,stratégie
36164,tactics,тактика,technique
36165,tactics,тактику,tactique
36166,tactics,тактику,stratégie
36167,tactics,тактики,tactique
36168,tactics,тактике,tactique
36169,tactics,тактикой,tactique
36170,tactics,методы,tactique
36171,tactics,методы,méthode
36172,tactics,тактик,tactique
36173,tactics,тактических приемов,tactique
36174,tactics,тактических приемов,méthode
36175,tactics,тактических приемов,technique
36176,tactics,тактических методов,tactique
36177,tactics,тактических методов,méthode
36178,tactics,тактических методов,technique
36179,tactics,тактических методов,moyen
36180,tactics,тактические приемы,tactique
36181,tactics,методам,méthode
36182,tactics,методам,moyen
36183,bush,куст,buisson
36184,bush,куст,arbuste
36185,bush,куст,touffe
36186,bush,кустарник,buisson
36187,bush,кустарник,arbuste
36188,bush,кустарник,broussaille
36189,bush,кусты,buisson
36190,bush,кусты,arbuste
36191,bush,кусты,bush
36192,bush,кусты,broussaille
36193,bush,кусты,arbrisseau
36194,bush,буше,bush
36195,bush,да около,no_equality
36196,bush,лесах,forêt
36197,bush,буш,brousse
36198,bush,буш,bush
36199,bush,буша,brousse
36200,bush,буша,bush
36201,bush,бушем,bush
36202,bush,бушу,bush
36203,bush,заросли,brousse
36204,bush,заросли,touffe
36205,bush,заросли,broussaille
36206,bush,втулка,no_equality
36207,bush,кустик,buisson
36208,bush,волосня,no_equality
36209,bush,кустарниковые,no_equality
36210,bush,втулки,no_equality
36211,dragoons,драгунов,dragon
36212,dragoons,драгун,dragon
36213,dragoons,драгуны,no_equality
36214,dragoons,драгунского полка,no_equality
36215,donors,доноров,donateur
36216,donors,доноров,donneur
36217,donors,доноров,bailleurs de fonds
36218,donors,доноров,don
36219,donors,донорами,donateur
36220,donors,донорами,donneur
36221,donors,донорами,bailleurs de fonds
36222,donors,доноры,donneur
36223,donors,доноры,bailleurs de fonds
36224,donors,донорам,donateur
36225,donors,донорам,donneur
36226,donors,донорам,bailleurs de fonds
36227,donors,стран-доноров,no_equality
36228,donors,спонсоры,donateur
36229,donors,спонсоры,bailleurs de fonds
36230,donors,спонсоры,mécène
36231,donors,спонсоры,sponsor
36232,donors,донора,donateur
36233,donors,донора,donneur
36234,donors,страны-доноры,no_equality
36235,donors,спонсоров,donateur
36236,donors,спонсоров,bailleurs de fonds
36237,donors,спонсоров,sponsor
36238,donors,донорской,donateur
36239,donors,донорских,donateur
36240,donors,донорских,donneur
36241,donors,странами-донорами,no_equality
36242,donors,донорах,donateur
36243,donors,донорах,donneur
36244,donors,источников,no_equality
36245,donors,спонсорами,donateur
36246,donors,спонсорами,bailleurs de fonds
36247,donors,спонсорами,sponsor
36248,plural,множественное число,pluriel
36249,plural,во множественном числе,no_equality
36250,plural,плюралистической,pluraliste
36251,plural,множественного числа,pluriel
36252,plural,плюралистического,pluraliste
36253,plural,плюралистических,pluraliste
36254,plural,множественной,multiple
36255,plural,плюралистическое,pluraliste
36256,plural,плюрализма,no_equality
36257,plural,плюралистическим,pluraliste
36258,plural,плюралистическом,pluraliste
36259,plural,плюралистическими,no_equality
36260,plural,плюрал,no_equality
36261,plural,смешанных,no_equality
36262,plural,многообразия,pluralité
36263,entitling,дававший,no_equality
36264,entitling,дающее право,no_equality
36265,entitling,предоставление,no_equality
36266,make up,компенсировать,compenser
36267,make up,компенсировать,combler
36268,make up,составить,constituer
36269,make up,составить,faire
36270,make up,составить,préparer
36271,make up,составлять,constituer
36272,make up,составлять,faire
36273,make up,наверстать,compenser
36274,make up,создавать,constituer
36275,make up,помириться,se réconcilier
36276,make up,придумывать,inventer
36277,make up,гримировать,maquiller
36278,make up,краситься,no_equality
36279,make up,верстать,no_equality
36280,make up,макияж,no_equality
36281,make up,косметика,no_equality
36282,make-up,мейк,no_equality
36283,devastating,опустошительный,dévastateur
36284,devastating,губительный,no_equality
36285,devastating,сокрушительный,no_equality
36286,devastating,разрушительные,dévastateur
36287,devastating,разрушительные,désastreux
36288,devastating,разрушительные,destructeur
36289,devastating,разрушительные,ravage
36290,devastating,разрушительных,dévastateur
36291,devastating,разрушительных,destructeur
36292,devastating,разрушительного,no_equality
36293,devastating,разрушительное,dévastateur
36294,devastating,разрушительное,catastrophique
36295,devastating,разрушительное,destructeur
36296,devastating,разрушительное,néfastes
36297,devastating,разрушительными,dévastateur
36298,devastating,разрушительными,désastreux
36299,devastating,разрушительными,destructeur
36300,devastating,разрушительным,dévastateur
36301,devastating,разрушительным,désastreux
36302,devastating,разрушительным,destructeur
36303,devastating,катастрофические,dévastateur
36304,devastating,катастрофические,désastreux
36305,devastating,катастрофические,catastrophique
36306,devastating,разрушительной,dévastateur
36307,devastating,разрушительной,destructeur
36308,devastating,разрушительной,ravageur
36309,devastating,разрушительной,ravage
36310,devastating,пагубные,dévastateur
36311,devastating,пагубные,néfastes
36312,devastating,катастрофическими,dévastateur
36313,devastating,катастрофическими,désastreux
36314,devastating,катастрофическими,catastrophique
36315,devastating,пагубное,dévastateur
36316,devastating,пагубное,désastreux
36317,devastating,катастрофических,dévastateur
36318,devastating,катастрофических,désastreux
36319,devastating,катастрофических,catastrophique
36320,aggravating,отягчающих,aggravée
36321,aggravating,отягчающие,no_equality
36322,aggravating,отягчающими,aggravée
36323,aggravating,усугубляет,no_equality
36324,aggravating,отягчающего,no_equality
36325,aggravating,усугубляющим,aggravant
36326,aggravating,усугубляющим,aggrave
36327,aggravating,усугубляющим,exacerber
36328,aggravating,усугубляя,no_equality
36329,aggravating,усугубляют,aggrave
36330,aggravating,усугубляют,aggravent
36331,aggravating,усугубления,no_equality
36332,aggravating,обострения,no_equality
36333,aggravating,усугубляющих,aggravation
36334,aggravating,усугубив,no_equality
36335,aggravating,обостряя,aggravant
36336,aggravating,усугублению,aggraver
36337,aggravating,ухудшение,no_equality
36338,protectorship,протекторат,no_equality
36339,protectorship,покровительство,no_equality
36340,minimize,минимизировать,minimiser
36341,minimize,минимизировать,limiter
36342,minimize,сводить к минимуму,no_equality
36343,minimize,уменьшить,no_equality
36344,minimize,свести к минимуму,minimiser
36345,minimize,сведения к минимуму,minimiser
36346,minimize,сведения к минимуму,atténuer
36347,minimize,минимизации,minimiser
36348,minimize,минимизации,limiter
36349,minimize,минимизации,atténuer
36350,minimize,сведению к минимуму,minimiser
36351,minimize,уменьшения,no_equality
36352,minimize,свести до минимума,minimiser
36353,minimize,свести до минимума,réduire
36354,minimize,свести до минимума,limiter
36355,minimize,сведении к минимуму,minimiser
36356,minimize,минимизацию,minimiser
36357,minimize,сведения до минимума,minimiser
36358,minimize,снижения,no_equality
36359,minimize,преуменьшать,minimiser
36360,minimize,преуменьшать,diminuer
36361,minimize,умалить,no_equality
36362,minimize,свернуть,réduire
36363,minimize,сворачивать,réduire
36364,angel,ангел,ange
36365,angel,ангел,angel
36366,angel,ангел,angelet
36367,angel,Энджел,angel
36368,angel,ангельский,no_equality
36369,anticipative,ожидать,no_equality
36370,anticipative,предвидеть,no_equality
36371,anticipative,прогнозировать,no_equality
36372,anticipative,предвосхищать,no_equality
36373,anticipative,предусмотреть,no_equality
36374,anticipative,предвосхитить,no_equality
36375,anticipative,предугадать,no_equality
36376,anticipative,предполагать,no_equality
36377,anticipative,предугадывать,no_equality
36378,anticipative,прогнозирования,no_equality
36379,anticipative,надеемся,no_equality
36380,anticipative,рассчитываем,no_equality
36381,anticipative,предсказать,no_equality
36382,anticipative,предположить,no_equality
36383,anticipative,спрогнозировать,no_equality
36384,anticipative,опережать,no_equality
36385,anticipative,упреждать,no_equality
36386,anticipative,предчувствовать,no_equality
36387,anticipative,оценивать,no_equality
36388,anticipative,предвкушать,no_equality
36389,anticipative,упредить,no_equality
36390,anticipative,опередить,no_equality
36391,outskirt,двигаться вдоль границы,no_equality
36392,outskirt,граничить,no_equality
36393,Yugoslavian,югославский,yougoslave
36394,Yugoslavian,югослав,no_equality
36395,Yugoslavian,югославка,no_equality
36396,Yugoslavian,Югославия,no_equality
36397,emersion,всплытие,no_equality
36398,emersion,появление,no_equality
36399,pearlers,дилеров,no_equality
36400,pearlers,дилеры,no_equality
36401,pearlers,торговцев,no_equality
36402,pearlers,торговцы,no_equality
36403,pearlers,дилерами,no_equality
36404,pearlers,дилерам,no_equality
36405,pearlers,торговцами,no_equality
36406,pearlers,торговцам,no_equality
36407,pearlers,продавцов,no_equality
36408,pearlers,торговцах,no_equality
36409,pearlers,продавцы,no_equality
36410,pearlers,крупье,no_equality
36411,pearlers,дилерах,no_equality
36412,pearlers,дилера,no_equality
36413,pearlers,диллеров,no_equality
36414,ascendings,восходящий,ascendant
36415,ascendings,поднимается,monte
36416,ascendings,восходящем,no_equality
36417,ascendings,восходящие,ascendant
36418,ascendings,вознестись,ascension
36419,ascendings,по возрастанию,no_equality
36420,ascendings,восхожу,no_equality
36421,ascendings,уровням в порядке возрастания,no_equality
36422,ascendings,взлетающего,no_equality
36423,predominance,преобладание,prédominance
36424,predominance,преобладание,prépondérance
36425,predominance,превосходство,domination
36426,predominance,превосходство,prééminence
36427,stoner,стоунер,stoner
36428,stoner,торчок,drogué
36429,stoner,торчок,camé
36430,stoner,курильщик,no_equality
36431,stoner,укурок,camé
36432,stoner,наркоша,drogué
36433,stoner,наркомана,no_equality
36434,stoner,укурка,no_equality
36435,stoner,обкуренным,no_equality
36436,stoner,жаргон наркоманов,drogué
36437,stoner,"укурыш""",no_equality
36438,stoner,поставщик,no_equality
36439,stoner,наркоман,drogué
36440,stoner,наркоман,camé
36441,stoner,стоунера,no_equality
36442,stoner,стоунеру,stoner
36443,stoner,стонеру,no_equality
36444,Taipeis,тайбэй,taipei
36445,Taipeis,тайбэй,taipei
36446,Taipeis,тайбэе,taipei
36447,Taipeis,тайбэя,taipei
36448,Taipeis,тайпее,no_equality
36449,Taipeis,тай-пей,taipei
36450,Taipeis,тайбей,no_equality
36451,Taipeis,тайпей,taipei
36452,Taipeis,тайбее,no_equality
36453,Taipeis,тайбея,no_equality
36454,Taipeis,тайбэю,no_equality
36455,compassionate,сострадательный,compatissant
36456,compassionate,сочувственный,no_equality
36457,compassionate,гуманный,humain
36458,compassionate,сочувствовать,no_equality
36459,compassionate,жалеть,no_equality
36460,compassionate,сочувствующий,no_equality
36461,dooms,обрекает,condamne
36462,dooms,обрекает,voue
36463,tidiness,аккуратность,no_equality
36464,cessation,прекращение,cessation
36465,cessation,прекращение,arrêt
36466,cessation,прекращение,fin
36467,cessation,прекращение,cesse
36468,cessation,прекращение,interruption
36469,cessation,прекращение,abandon
36470,cessation,прекращение,suspension
36471,cessation,окончание,fin
36472,cessation,прекратить,no_equality
36473,cessation,положить конец,no_equality
36474,cessation,прекращены,no_equality
36475,cessation,курить,no_equality
36476,cessation,приостановление,interruption
36477,cessation,приостановление,suspension
36478,lounger,бездельница,no_equality
36479,lounger,бездельник,fainéant
36480,storage,хранение,entreposage
36481,storage,хранение,conservation
36482,storage,хранение,dépôt
36483,storage,хранилище,stockage
36484,storage,хранилище,entrepôt
36485,storage,хранилище,réserve
36486,storage,хранилище,dépôt
36487,storage,склад,stockage
36488,storage,склад,entrepôt
36489,storage,склад,réserve
36490,storage,склад,dépôt
36491,storage,склад,stock
36492,storage,складирование,stockage
36493,storage,складирование,entreposage
36494,storage,накопление,accumulation
36495,storage,память,mémoire
36496,storage,накопитель,no_equality
36497,storage,запасов,stockage
36498,storage,запасов,stock
36499,storage,складских,stockage
36500,storage,складских,entreposage
36501,storage,складских,stock
36502,storage,складские,stockage
36503,storage,складские,entreposage
36504,storage,складские,entrepôt
36505,storage,складские,magasinage
36506,storage,складской,no_equality
36507,storage,аккумулирования,stockage
36508,storage,аккумулирования,accumulation
36509,storage,резервуаров,réservoir
36510,storage,storage,no_equality
36511,storage,сохранение,conservation
36512,storage,сохранение,enregistrement
36513,storage,запоминающее устройство,no_equality
36514,storage,плата за хранение,stockage
36515,storage,плата за хранение,entreposage
36516,storage,плата за хранение,dépôt
36517,storage,аккумуляторный,no_equality
36518,Julius_Caesar,юлий цезарь,jules césar
36519,Julius_Caesar,юлия цезаря,no_equality
36520,Julius_Caesar,юлию цезарю,jules césar
36521,Julius_Caesar,юлии цезаре,jules césar
36522,flipped,перевернул,a renversé
36523,flipped,перевернул,a retourné
36524,flipped,перевернулся,s'est retourné
36525,flipped,сдал,no_equality
36526,flipped,перевернулась,no_equality
36527,flipped,перевернула,a renversé
36528,flipped,перевернула,a retourné
36529,flipped,спятил,perdu la tête
36530,flipped,щелкнул,no_equality
36531,flipped,подбросили,no_equality
36532,flipped,переметнулся,no_equality
36533,flipped,свихнулся,no_equality
36534,flipped,взбесился,a flippé
36535,wretchedly,подлым образом убиенных,no_equality
36536,sacrificial,жертвенный,no_equality
36537,sacrificial,жертвенное,no_equality
36538,sacrificial,жертвенную,no_equality
36539,sacrificial,жертвенном,no_equality
36540,sacrificial,для жертвоприношений,sacrifice
36541,sacrificial,для заклания,no_equality
36542,sacrificial,жертвенная,no_equality
36543,sacrificial,отпущения,no_equality
36544,sacrificial,ягнёнка,no_equality
36545,sacrificial,агнцами на,no_equality
36546,tutorship,наставничество,tutorat
36547,tutorship,попечительство,tutelle
36548,tutorship,репетиторство,no_equality
36549,arithmetic,арифметика,arithmétique
36550,arithmetic,арифметический,no_equality
36551,exoneration,освобождению,exonération
36552,exoneration,оправдания,no_equality
36553,exoneration,оправданию,no_equality
36554,exoneration,реабилитация,no_equality
36555,exoneration,освобождения от ответственности,no_equality
36556,exoneration,освобождение от ответственности,décharge
36557,exoneration,освобождении,exonération
36558,exoneration,оправдании,no_equality
36559,exoneration,освобождающим от ответственности обстоятельствам,no_equality
36560,beliefs,убеждений,croyance
36561,beliefs,убеждений,conviction
36562,beliefs,убеждений,opinion
36563,beliefs,убеждений,foi
36564,beliefs,убеждений,religion
36565,beliefs,убеждения,croyance
36566,beliefs,убеждения,conviction
36567,beliefs,убеждения,foi
36568,beliefs,верований,croyance
36569,beliefs,верований,religion
36570,beliefs,верования,croyance
36571,beliefs,убеждениями,croyance
36572,beliefs,убеждениями,conviction
36573,beliefs,убеждениям,croyance
36574,beliefs,убеждениям,conviction
36575,beliefs,убеждениях,croyance
36576,beliefs,убеждениях,conviction
36577,beliefs,верованиями,croyance
36578,beliefs,верованиями,conviction
36579,beliefs,веру,croyance
36580,beliefs,веру,conviction
36581,beliefs,веру,foi
36582,beliefs,веру,religion
36583,beliefs,верованиям,croyance
36584,beliefs,верованиям,conviction
36585,beliefs,взглядов,croyance
36586,beliefs,взглядов,conviction
36587,beliefs,взглядов,opinion
36588,beliefs,взглядов,idée
36589,beliefs,взгляды,opinion
36590,beliefs,представлений,croyance
36591,beliefs,представлений,idée
36592,beliefs,представлений,conception
36593,beliefs,веры,croyance
36594,beliefs,веры,conviction
36595,beliefs,веры,foi
36596,beliefs,веры,religion
36597,beliefs,представления,no_equality
36598,abilities,способности,capacité
36599,abilities,способности,aptitude
36600,abilities,способности,habileté
36601,abilities,способности,possibilité
36602,abilities,способности,faculté
36603,abilities,способности,qualité
36604,abilities,способности,habilité
36605,abilities,способностей,capacité
36606,abilities,способностей,aptitude
36607,abilities,способностей,compétence
36608,abilities,способностей,faculté
36609,abilities,способностей,talent
36610,abilities,возможностей,capacité
36611,abilities,возможностей,aptitude
36612,abilities,возможностей,possibilité
36613,abilities,способностями,capacité
36614,abilities,способностями,aptitude
36615,abilities,способностями,compétence
36616,abilities,способностями,pouvoir
36617,abilities,способностями,faculté
36618,abilities,возможности,capacité
36619,abilities,возможности,aptitude
36620,abilities,возможности,possibilité
36621,abilities,способностям,compétence
36622,abilities,способностям,pouvoir
36623,abilities,способностям,talent
36624,abilities,способностях,capacité
36625,abilities,способностях,aptitude
36626,abilities,способностях,pouvoir
36627,abilities,способностях,faculté
36628,abilities,способностях,talent
36629,abilities,возможностями,capacité
36630,abilities,возможностями,compétence
36631,abilities,возможностями,possibilité
36632,abilities,потенциала,capacité
36633,abilities,потенциала,aptitude
36634,abilities,способность,capacité
36635,abilities,способность,aptitude
36636,abilities,способность,habileté
36637,abilities,способность,possibilité
36638,abilities,способность,faculté
36639,abilities,способность,habilité
36640,abilities,потенциал,pouvoir
36641,abilities,навыков,capacité
36642,abilities,навыков,aptitude
36643,abilities,навыков,compétence
36644,abilities,навыков,qualité
36645,abilities,возможностям,no_equality
36646,abilities,возможностях,capacité
36647,abilities,возможностях,aptitude
36648,abilities,возможностях,possibilité
36649,abilities,навыки,talent
36650,starvation,голод,famine
36651,starvation,голод,faim
36652,starvation,голод,affamé
36653,starvation,голодание,famine
36654,starvation,голодание,jeûne
36655,starvation,голодной смерти,famine
36656,starvation,истощение,no_equality
36657,starvation,голодная смерть,affamé
36658,starvation,недоедания,sous-alimentation
36659,starvation,недоедания,malnutrition
36660,starvation,голодную смерть,no_equality
36661,starvation,нищенскую,no_equality
36662,starvation,голодают,famine
36663,starvation,голодать,no_equality
36664,appropriate,соответствующий,approprié
36665,appropriate,соответствующий,adéquat
36666,appropriate,соответствующий,compétent
36667,appropriate,соответствующий,pertinent
36668,appropriate,соответствующий,correspondant
36669,appropriate,надлежащий,approprié
36670,appropriate,надлежащий,adéquat
36671,appropriate,надлежащий,bon
36672,appropriate,надлежащий,compétent
36673,appropriate,подходящий,approprié
36674,appropriate,подходящий,adéquat
36675,appropriate,подходящий,opportun
36676,appropriate,подходящий,adapté
36677,appropriate,подходящий,bon
36678,appropriate,подходящий,convenable
36679,appropriate,уместный,opportun
36680,appropriate,соответствовать,no_equality
36681,appropriate,подходить,no_equality
36682,appropriate,ассигновать,no_equality
36683,appropriate,целесообразным,approprié
36684,appropriate,целесообразным,opportun
36685,appropriate,целесообразным,nécessaire
36686,appropriate,целесообразным,bon
36687,appropriate,необходимые,nécessaire
36688,appropriate,необходимых,nécessaire
36689,appropriate,надлежащим образом,no_equality
36690,appropriate,целесообразности,no_equality
36691,appropriate,приемлемым,approprié
36692,appropriate,приемлемым,adapté
36693,appropriate,необходимым,approprié
36694,appropriate,необходимым,nécessaire
36695,appropriate,должным образом,no_equality
36696,appropriate,подобающий,no_equality
36697,appropriate,приличествующий,no_equality
36698,appropriate,присвоить,s'approprier
36699,appropriate,присваивать,s'approprier
36700,pups,щенков,chiot
36701,pups,щенки,chiot
36702,pups,щенята,chiot
36703,pups,детенышей,petit
36704,pups,детенышей,bébés phoques
36705,pups,щенят,no_equality
36706,pups,щенками,chiot
36707,pups,потомство,rejeton
36708,pups,щенятами,no_equality
36709,pups,щеночков,chiot
36710,pups,щенках,chiot
36711,pups,мышатами,no_equality
36712,pups,детёныши,no_equality
36713,pups,пташки,no_equality
36714,blunted,затуплены,no_equality
36715,blunted,снята фаска,no_equality
36716,blunted,подорваны,no_equality
36717,thermoss,термос,no_equality
36718,surmounted,преодолеть,no_equality
36719,surmounted,преодолены,no_equality
36720,surmounted,преодолели,no_equality
36721,surmounted,решена,no_equality
36722,surmounted,преодолел,no_equality
36723,surmounted,преодолимыми,no_equality
36724,percentiles,процентилей,no_equality
36725,percentiles,процентили,no_equality
36726,percentiles,процентильной долей,no_equality
36727,ballerinas,балерин,ballerine
36728,ballerinas,балерин,danseur
36729,ballerinas,балерины,ballerine
36730,ballerinas,балерины,danseur
36731,ballerinas,балеринами,ballerine
36732,surfeiting,пресыщение,no_equality
36733,begs,умоляет,supplie
36734,begs,умоляет,implore
36735,begs,умоляет,supplier
36736,begs,просит,prie
36737,begs,просит,demande
36738,begs,поднимает,soulève
36739,begs,попросит,no_equality
36740,begs,молит,no_equality
36741,begs,умоляла,no_equality
36742,begs,наводит,no_equality
36743,begs,умолять,no_equality
36744,housings,корпусов,no_equality
36745,housings,корпусы,no_equality
36746,housings,кожухи,enceinte
36747,housings,корпусах,no_equality
36748,housings,другой оргтехники,no_equality
36749,housings,корпуса телевизоров,corps
36750,effusive,несдержанный,no_equality
36751,integer,целое,no_equality
36752,integer,целое число,nombre entier
36753,integer,тип integer,no_equality
36754,integer,целочисленный,no_equality
36755,heredity,наследственность,hérédité
36756,heredity,наследственность,héréditaire
36757,heredity,гемофилия,no_equality
36758,hire-purchases,нанять,no_equality
36759,hire-purchases,нанимать,no_equality
36760,hire-purchases,наем,no_equality
36761,hire-purchases,аренда,no_equality
36762,hire-purchases,взять,no_equality
36763,hire-purchases,закупок,no_equality
36764,hire-purchases,закупки,no_equality
36765,hire-purchases,покупки,no_equality
36766,hire-purchases,покупок,no_equality
36767,hire-purchases,закупках,no_equality
36768,disclosure,раскрытие,divulgation
36769,disclosure,раскрытие,communication
36770,disclosure,раскрытие,publication
36771,disclosure,раскрытие,révélation
36772,disclosure,разглашение,divulgation
36773,disclosure,разглашение,révélation
36774,disclosure,обнародование,divulgation
36775,disclosure,обнародование,publication
36776,disclosure,информация,information
36777,disclosure,информация,description
36778,disclosure,информация,renseignement
36779,disclosure,раскрытия информации,information
36780,disclosure,раскрытия информации,révélation
36781,disclosure,раскрытию информации,no_equality
36782,disclosure,о раскрытии информации,no_equality
36783,disclosure,разглашения информации,no_equality
36784,disclosure,идентификации,divulgation
36785,disclosure,отчетности,communication
36786,disclosure,отчетности,information
36787,disclosure,отчетности,publication
36788,disclosure,отчетности,déclaration
36789,disclosure,отчетности,transparence
36790,disclosure,раскрывать информацию,divulgation
36791,disclosure,отчета,no_equality
36792,disclosure,разоблачение,révélation
36793,disclosure,представления,communication
36794,disclosure,представления,publication
36795,disclosure,указания,no_equality
36796,disclosure,обнаружение,no_equality
36797,hothouses,теплиц,no_equality
36798,hothouses,теплицы,no_equality
36799,hothouses,теплицах,no_equality
36800,hothouses,парниках,no_equality
36801,insert,включить,insérer
36802,insert,включить,ajouter
36803,insert,вставить,insérer
36804,insert,вставить,ajouter
36805,insert,добавить,insérer
36806,insert,добавить,ajouter
36807,insert,заменить,insérer
36808,insert,заменить,remplacer
36809,insert,вставлять,insérer
36810,insert,вставлять,introduire
36811,insert,ввести,introduire
36812,insert,указать,indiquer
36813,insert,включать,insérer
36814,insert,включать,inscrire
36815,insert,включать,indiquer
36816,insert,вставка,insertion
36817,insert,включение,no_equality
36818,insert,вкладыш,encart
36819,insert,поместить,insérer
36820,insert,поместить,placer
36821,insert,вводить,introduire
36822,insert,insert,no_equality
36823,sprucing,принарядить,no_equality
36824,scoot,бежать стремглав,no_equality
36825,scoot,скут,no_equality
36826,scoot,подвинуться,no_equality
36827,scoot,подвиньтесь,no_equality
36828,scoot,сдристни,no_equality
36829,pots,горшки,pot
36830,pots,горшки,vase
36831,pots,кастрюли,casserole
36832,pots,кастрюли,marmite
36833,pots,кастрюли,poêle
36834,pots,горшков,casserole
36835,pots,ловушки,no_equality
36836,pots,посуду,casserole
36837,pots,кастрюль,pot
36838,pots,кастрюль,casserole
36839,pots,кастрюлями,casserole
36840,pots,горшках,no_equality
36841,pots,горшками,no_equality
36842,pots,горшкам,no_equality
36843,pots,горшочки,pot
36844,pots,кастрюлях,no_equality
36845,pots,чайников,no_equality
36846,pots,кружки,no_equality
36847,pots,ловушек,casier
36848,hugger,люблю обниматься,no_equality
36849,hugger,любишь обниматься,câlin
36850,hugger,обнимашкой,no_equality
36851,hugger,обнимается,câlin
36852,hugger,по обнимашкам,no_equality
36853,hugger,хаггер,no_equality
36854,hugger,обнимальщик,no_equality
36855,hugger,любитель деревьев,no_equality
36856,hugger,бэра,no_equality
36857,ideologist,идеолог,idéologue
36858,drugging,накачивать,droguer
36859,drugging,наркотики,drogue
36860,drugging,наркотики,droguait
36861,drugging,травить,droguer
36862,drugging,отравляя,no_equality
36863,drugging,введение наркотиков,drogue
36864,drugging,накачать наркотиками,droguer
36865,drugging,накачать наркотиками,drogue
36866,resinous,смолистый,no_equality
36867,resinous,много смолы,résine
36868,straying,отклонение,no_equality
36869,straying,отклоняется,no_equality
36870,illustrate,иллюстрировать,illustrer
36871,illustrate,пояснять,expliquer
36872,illustrate,показать,illustrer
36873,illustrate,показать,montrer
36874,illustrate,показать,démontrer
36875,illustrate,освещать,no_equality
36876,alerted,предупрежденный,no_equality
36877,alerted,бдительный,no_equality
36878,crocheted,вязаные,no_equality
36879,mentioners,упомянутых,mentionné
36880,mentioners,упомянул,no_equality
36881,mentioners,упомянутые,no_equality
36882,mentioners,упоминалось,fait état
36883,mentioners,упоминается,indiqué
36884,mentioners,упоминается,fait état
36885,mentioners,отмечалось,no_equality
36886,mentioners,упомянуты,mentionné
36887,mentioners,упомянуты,évoqué
36888,mentioners,вышеупомянутых,susmentionné
36889,mentioners,упоминал,no_equality
36890,mentioners,отметил,no_equality
36891,mentioners,упомянули,no_equality
36892,mentioners,упомянуть,no_equality
36893,mentioners,упоминаются,no_equality
36894,mentioners,указывалось,précisé
36895,mentioners,упомянутый,mentionné
36896,mentioners,упомянутый,évoqué
36897,mentioners,упомянутый,susmentionné
36898,mentioners,приведенный,no_equality
36899,aspersions,тень,no_equality
36900,aspersions,порочить,dénigrer
36901,tapers,сужается,se rétrécit
36902,tapers,сужается,s'amenuise
36903,hulky,халк,no_equality
36904,hulky,халка,no_equality
36905,hulky,халком,no_equality
36906,hulky,громадина,no_equality
36907,hulky,халку,no_equality
36908,Englishmen,англичан,anglais
36909,Englishmen,англичане,no_equality
36910,Englishmen,англичанами,no_equality
36911,Englishmen,английские,anglais
36912,surrounds,окружает,no_equality
36913,surrounds,вокруг,no_equality
36914,surrounds,окружающий,no_equality
36915,surrounds,окружено,no_equality
36916,surrounds,сопутствует,no_equality
36917,Honolulus,гонолулу,no_equality
36918,Honolulus,гонолулу,no_equality
36919,vindicates,оправдывает,justifie
36920,hucksters,торгашей,no_equality
36921,proprietary,патентованный,no_equality
36922,proprietary,проприетарный,no_equality
36923,proprietary,собственности,no_equality
36924,proprietary,имущественных,no_equality
36925,proprietary,частный,privé
36926,proprietary,собственных,propre
36927,proprietary,запатентованных,no_equality
36928,proprietary,имущественные,propriété
36929,proprietary,патентованное,exclusif
36930,proprietary,запатентованной,no_equality
36931,proprietary,запатентованные,no_equality
36932,proprietary,запатентованными,no_equality
36933,proprietary,запатентованная,no_equality
36934,wanting,желание,désir
36935,wanting,желающие,qui veulent
36936,wanting,желающие,désireux
36937,wanting,желающие,qui souhaitent
36938,wanting,желающие,souhaitant
36939,wanting,желающие,désirant
36940,wanting,хотел,voulait
36941,wanting,хочет,vouloir
36942,wanting,хочет,envie
36943,wanting,хочет,voulait
36944,wanting,хочет,veuille
36945,wanting,хотела,vouloir
36946,wanting,хотела,voulait
36947,wanting,хочу,envie
36948,wanting,хочешь,vouloir
36949,wanting,желая,voulant
36950,wanting,желая,désireux
36951,wanting,желая,souhaitant
36952,wanting,желая,désir
36953,wanting,желая,veuille
36954,wanting,хотеть,vouloir
36955,wanting,хотеть,envie
36956,wanting,хотеть,désirer
36957,wanting,хотят,vouloir
36958,wanting,хотят,envie
36959,wanting,желающих,voulant
36960,wanting,желающих,qui veulent
36961,wanting,желающих,désireux
36962,wanting,желающих,qui souhaitent
36963,wanting,желающих,souhaitant
36964,wanting,желающих,désirant
36965,wanting,желать,no_equality
36966,wanting,хотели,voulait
36967,wanting,желающим,qui veulent
36968,wanting,желающим,désireux
36969,wanting,желающим,qui souhaitent
36970,wanting,желающим,souhaitant
36971,wanting,желающим,désirant
36972,wanting,мечтал,voulait
36973,oysters,устрицы,huître
36974,oysters,устриц,huître
36975,oysters,устрицами,huître
36976,oysters,устрицах,huître
36977,Albions,альбион,albion
36978,Albions,альбиона,albion
36979,Albions,albion,no_equality
36980,Albions,албион род,no_equality
36981,leaner,более компактной,no_equality
36982,leaner,менее громоздкой,no_equality
36983,leaner,компактнее,no_equality
36984,leaner,экономичные,no_equality
36985,leaner,менее многочисленным,no_equality
36986,leaner,более экономной,no_equality
36987,leaner,менее раздутой,no_equality
36988,leaner,стройной,no_equality
36989,leaner,более компактными,no_equality
36990,misspelling,опечатка,no_equality
36991,misspelling,неправильное написание,no_equality
36992,misspelling,написание,no_equality
36993,over-crowding,переполненности,no_equality
36994,maintainer,сопровождающий,no_equality
36995,maintainer,мэйнтейнер,no_equality
36996,maintainer,хранитель,no_equality
36997,maintainer,сопроводитель,no_equality
36998,maintainer,координатор,responsable
36999,maintainer,мантейнер,no_equality
37000,maintainer,автогрейдер,no_equality
37001,maintainer,ответственный,no_equality
37002,aneurysms,аневризмы,anévrisme
37003,aneurysms,аневризм,anévrisme
37004,aneurysms,аневризма,anévrisme
37005,aneurysms,аневризмам,no_equality
37006,jewel,жемчужина,joyau
37007,jewel,драгоценность,bijou
37008,jewel,драгоценность,joyau
37009,jewel,драгоценность,perle
37010,jewel,сокровище,bijou
37011,jewel,сокровище,joyau
37012,jewel,сокровище,trésor
37013,jewel,камень,bijou
37014,jewel,камень,joyau
37015,jewel,камень,diamant
37016,jewel,джуэл,jewel
37017,jewel,джуэль,jewel
37018,jewel,драгоценности,bijou
37019,jewel,драгоценности,joyau
37020,jewel,алмаз,bijou
37021,jewel,алмаз,joyau
37022,jewel,алмаз,diamant
37023,jewel,бриллиант,bijou
37024,jewel,бриллиант,joyau
37025,jewel,бриллиант,diamant
37026,jewel,украшение,bijou
37027,jewel,украшение,joyau
37028,jewel,драгоценный камень,pierre précieuse
37029,jewel,жемчужинка,no_equality
37030,jewel,джул,jewel
37031,yellowed,пожелтевший,no_equality
37032,dithered,со смешиванием,tramée
37033,dithered,со смешиванием,avec tramage
37034,Bergs,bergs,no_equality
37035,Bergs,берга,no_equality
37036,touter,внешний,no_equality
37037,touter,наружный,no_equality
37038,touter,отдаленных,no_equality
37039,touter,удаленных,no_equality
37040,touter,верхний,no_equality
37041,touter,дальних,no_equality
37042,touter,открытого,no_equality
37043,honestly,честно,honnêtement
37044,honestly,честно,franchement
37045,honestly,честно,vraiment
37046,honestly,честно,sincèrement
37047,honestly,честно,sérieusement
37048,honestly,честно,loyalement
37049,honestly,серьезно,franchement
37050,honestly,серьезно,vraiment
37051,honestly,серьезно,sérieusement
37052,honestly,действительно,vraiment
37053,honestly,действительно,sincèrement
37054,honestly,действительно,sérieusement
37055,honestly,действительно,crois
37056,honestly,искренне,honnêtement
37057,honestly,искренне,franchement
37058,honestly,искренне,vraiment
37059,honestly,искренне,sincèrement
37060,honestly,по правде,honnêtement
37061,honestly,по правде,franchement
37062,honestly,по правде,vraiment
37063,honestly,по правде,sincèrement
37064,honestly,по правде,pour être franc
37065,honestly,откровенно говоря,honnêtement
37066,honestly,откровенно говоря,franchement
37067,honestly,откровенно говоря,sincèrement
37068,honestly,откровенно говоря,pour être franc
37069,honestly,правда,honnêtement
37070,honestly,правда,vraiment
37071,honestly,правда,sincèrement
37072,honestly,правда,sérieusement
37073,honestly,вообще-то,honnêtement
37074,honestly,вообще-то,vraiment
37075,honestly,вообще-то,vrai dire
37076,honestly,честное слово,honnêtement
37077,honestly,добросовестно,sincèrement
37078,honestly,добросовестно,sérieusement
37079,honestly,добросовестно,loyalement
37080,honestly,и вправду,vraiment
37081,honestly,честным образом,honnête
37082,honestly,по-честному,no_equality
37083,honestly,правде сказать,honnêtement
37084,honestly,правде сказать,vrai dire
37085,honestly,ей-богу,no_equality
37086,unquestioningly,беспрекословно,no_equality
37087,milling,помол,no_equality
37088,milling,фрезерование,no_equality
37089,milling,обогащение,no_equality
37090,milling,измельчения,broyage
37091,milling,мукомольной,no_equality
37092,milling,мукомольным,no_equality
37093,milling,фрезерные,no_equality
37094,milling,обогатительного,no_equality
37095,milling,дробления,no_equality
37096,milling,мукомольном,no_equality
37097,milling,перерабатывающего,no_equality
37098,milling,мукомольные,no_equality
37099,milling,мельничных,no_equality
37100,milling,обмолота,no_equality
37101,wipe,вытирать,essuyer
37102,wipe,вытирать,nettoyer
37103,wipe,вытирать,torcher
37104,wipe,вытирать,éponger
37105,wipe,стирать,effacer
37106,wipe,уничтожать,no_equality
37107,wipe,смести,no_equality
37108,wipe,очистить,effacer
37109,wipe,очистить,nettoyer
37110,wipe,подтирать,torcher
37111,wipe,насухо вытереть,no_equality
37112,wipe,вытирание,no_equality
37113,wipe,салфетка,lingette
37114,wipe,стирание,effacement
37115,wipe,очистка,no_equality
37116,wipe,вытеснение,no_equality
37117,tend,иметь тенденцию,no_equality
37118,tend,стремиться,no_equality
37119,tend,склоняться,no_equality
37120,tend,обычно,généralement
37121,tend,часто,no_equality
37122,tend,склонен,no_equality
37123,tend,наблюдается тенденция,no_equality
37124,tend,направлены,visent
37125,tend,тяготеют,no_equality
37126,tend,позаботиться о,soigner
37127,tend,заботиться о,soigner
37128,tend,ухаживать,soigner
37129,tend,ухаживать,s'occuper
37130,tend,ухаживать,m'occuper
37131,tend,стараюсь,no_equality
37132,tend,целом,no_equality
37133,tend,склонна,no_equality
37134,Diocletians,диоклетиана,no_equality
37135,tended,как правило,tendent
37136,tended,как правило,ont tendance
37137,tended,как правило,tend
37138,tended,обычно,no_equality
37139,tended,склонны,no_equality
37140,tended,часто,no_equality
37141,tended,стремятся,no_equality
37142,tended,имеет тенденцию,tendent
37143,tended,имеет тенденцию,tend
37144,tended,имеет тенденцию,avait tendance
37145,tended,имеют тенденцию,no_equality
37146,tended,предпочитают,tendent
37147,tended,предпочитают,ont tendance
37148,tended,целом,no_equality
37149,tended,основном,no_equality
37150,tended,склонен,no_equality
37151,tended,все чаще,no_equality
37152,tended,прослеживается тенденция,tendent
37153,tended,прослеживается тенденция,tendait
37154,tended,существует тенденция,no_equality
37155,tended,тенденцией,no_equality
37156,inscribing,фиксирования,no_equality
37157,inscribing,надписывание,no_equality
37158,inscribing,корешок,no_equality
37159,inscribing,записываясь,no_equality
37160,divulging,разглашение,divulgation
37161,divulging,разглашение,divulguer
37162,divulging,обнародование,divulgation
37163,divulging,разглашения сведений,divulguer
37164,divulging,раскрытие,divulgation
37165,divulging,раскрытие,divulguer
37166,populists,популисты,no_equality
37167,populists,популистов,populiste
37168,populists,популистам,no_equality
37169,populists,популистами,no_equality
37170,populists,популистских сил,populiste
37171,populists,народники,no_equality
37172,liars,лжецы,menteur
37173,liars,лжецов,mensonge
37174,liars,лжецами,menteur
37175,liars,лгуны,menteur
37176,liars,лгуны,mentent
37177,liars,лгунов,menteur
37178,liars,вруны,menteur
37179,liars,обманщики,menteur
37180,liars,лгут,mentent
37181,liars,лгут,mensonge
37182,liars,лгут,mentir
37183,liars,врунов,menteur
37184,liars,обманщиков,no_equality
37185,liars,лгунами,no_equality
37186,liars,лжецам,no_equality
37187,liars,обманщиками,no_equality
37188,liars,обманщицы,no_equality
37189,liars,лгуньи,menteur
37190,flasher,эксгибиционист,exhibitionniste
37191,flasher,светильник,no_equality
37192,flasher,мигалка,no_equality
37193,flasher,эксгибиционистом,no_equality
37194,flasher,эксгибициониста,exhibitionniste
37195,flasher,по scout-flasher,no_equality
37196,scarves,шарфы,no_equality
37197,scarves,шарфов,foulard
37198,scarves,шарфов,écharpe
37199,scarves,шарфики,écharpe
37200,scarves,шарфами,écharpe
37201,scarves,шарф,écharpe
37202,scarves,платками,no_equality
37203,scarves,повязки,no_equality
37204,scarves,платках,foulard
37205,scarves,шарфиков,no_equality
37206,scarves,головных платков,foulard
37207,scarves,головные платки,foulard
37208,tangible,ощутимый,tangible
37209,tangible,ощутимый,concret
37210,tangible,ощутимый,sensible
37211,tangible,ощутимый,perceptible
37212,tangible,реальный,tangible
37213,tangible,реальный,concret
37214,tangible,реальный,réel
37215,tangible,осязаемый,tangible
37216,tangible,конкретный,concret
37217,tangible,конкретный,concrètement
37218,tangible,существенный,sensible
37219,tangible,существенный,sensiblement
37220,tangible,существенный,notable
37221,tangible,заметный,tangible
37222,tangible,заметный,sensible
37223,tangible,заметный,notable
37224,tangible,материального,matériel
37225,tangible,материальных,matériel
37226,tangible,материальные,matériel
37227,tangible,материальное,corporel
37228,tangible,материальное,matériel
37229,tangible,материальной,matériel
37230,tangible,материальном,matériel
37231,tangible,материальным,no_equality
37232,tangible,материальными,matériel
37233,tangible,весомые,tangible
37234,tangible,весомые,notable
37235,abstained,воздержались,se sont abstenus
37236,abstained,воздержались,sommes abstenus
37237,abstained,воздержались,abstention
37238,abstained,воздержались,s'abstiennent
37239,abstained,воздержался,no_equality
37240,abstained,воздерживались,se sont abstenus
37241,abstained,воздерживались,s'abstiennent
37242,abstained,воздержалось,se sont abstenus
37243,abstained,воздержалось,s'est abstenu
37244,abstained,воздерживается,s'est abstenu
37245,abstained,воздерживается,abstention
37246,abstained,воздерживается,s'abstient
37247,abstained,воздерживался,s'est abstenu
37248,abstained,воздержаться,s'abstiennent
37249,facades,фасадов,façade
37250,facades,фасады,façade
37251,facades,фасадах,no_equality
37252,facades,фасадами,no_equality
37253,outriggers,дополнительными боковыми опорами,no_equality
37254,outriggers,дополнительные боковые опоры,no_equality
37255,sucks,хреново,no_equality
37256,sucks,отстойно,no_equality
37257,sucks,отстойный,craint
37258,sucks,паршиво,mal
37259,sucks,сосет,est nul
37260,sucks,сосет,suce
37261,sucks,высасывает,suce
37262,sucks,высасывает,aspire
37263,sucks,высасывает,pompe
37264,sucks,ужасно,mal
37265,sucks,фигово,no_equality
37266,sucks,дерьмово,merde
37267,sucks,херово,no_equality
37268,sucks,всасывает,suce
37269,sucks,всасывает,aspire
37270,sucks,хреновая,est nulle
37271,sucks,кошмар,no_equality
37272,sucks,лажа,no_equality
37273,sucks,засасывает,no_equality
37274,admire,восхищаться,admirer
37275,admire,восхищаться,admiration
37276,admire,полюбоваться,admirer
37277,admire,любоваться,admirer
37278,admire,любоваться,contempler
37279,admire,восхищен,admiration
37280,admire,восхищает,admirable
37281,admire,уважаю,no_equality
37282,admire,ценю,no_equality
37283,admire,насладиться,admirer
37284,admire,насладиться,apprécier
37285,admire,восторгаться,no_equality
37286,admire,восхищена,no_equality
37287,admire,восхищают,no_equality
37288,admire,восхищения,no_equality
37289,admire,восхищены,no_equality
37290,admire,преклоняюсь перед,no_equality
37291,admire,восхищён тем,no_equality
37292,homeboys,корешами,pote
37293,homeboys,корешей,pote
37294,potions,зелья,potion
37295,potions,зелий,no_equality
37296,potions,снадобья,no_equality
37297,potions,эликсиры,potion
37298,potions,напитки,no_equality
37299,potions,зельями,potion
37300,potions,настойки,no_equality
37301,potions,зельеварению,no_equality
37302,potions,микстуры,no_equality
37303,potions,зельям,no_equality
37304,potions,эликсиров,no_equality
37305,potions,зельев,no_equality
37306,potions,снадобьями,no_equality
37307,potions,нужно приворотное зелье,philtre
37308,Mercators,"""меркатор""",no_equality
37309,Mercators,mercator,no_equality
37310,Mercators,проекции меркатора,no_equality
37311,Mercators,меркаторское,no_equality
37312,acridness,святость,no_equality
37313,spatulas,шпатели,no_equality
37314,Dutchmen,голландцев,hollandais
37315,Dutchmen,голландцы,hollandais
37316,Dutchmen,голландцы,néerlandais
37317,encroaching,посягает,empiète
37318,encroaching,посягательства,empiéter
37319,encroaching,посягательств,empiéter
37320,encroaching,посягательств,empiètement
37321,encroaching,вторгается,no_equality
37322,encroaching,вторжение,empiéter
37323,encroaching,посягать,empiéter
37324,encroaching,посягать,porter atteinte
37325,encroaching,вторгаясь,no_equality
37326,encroaching,надвигающегося,no_equality
37327,encroaching,посягая,porter atteinte
37328,encroaching,ущемления,porter atteinte
37329,encroaching,охватывающей,no_equality
37330,encroaching,вызывающей,no_equality
37331,encroaching,посягают,empiètent
37332,encroaching,посягают,empiétaient
37333,encroaching,вторгаешься,no_equality
37334,tapeworms,глисты,no_equality
37335,tapeworms,ленточные черви,no_equality
37336,priorities,приоритетов,priorité
37337,priorities,приоритетов,prioritaire
37338,priorities,приоритетов,objectif
37339,priorities,приоритеты,priorité
37340,priorities,приоритеты,prioritaire
37341,priorities,приоритеты,priorities
37342,priorities,приоритетами,priorité
37343,priorities,приоритетами,prioritaire
37344,priorities,приоритетных задач,priorité
37345,priorities,приоритетных задач,prioritaire
37346,priorities,приоритетам,no_equality
37347,priorities,приоритетах,priorité
37348,priorities,приоритетные задачи,priorité
37349,priorities,первоочередных задач,priorité
37350,priorities,первоочередных задач,prioritaire
37351,priorities,первоочередные задачи,priorité
37352,priorities,приоритетными задачами,priorité
37353,priorities,приоритетных направлений деятельности,priorité
37354,priorities,приоритетных целей,priorité
37355,priorities,приоритетным задачам,priorité
37356,priorities,приоритетных задачах,priorité
37357,priorities,первоочередными задачами,priorité
37358,Gdansks,гданьск,no_equality
37359,Gdansks,гданьске,no_equality
37360,Gdansks,данциг,no_equality
37361,Gdansks,гданьский,no_equality
37362,Gdansks,гданьска,no_equality
37363,Gdansks,гданьского,no_equality
37364,Gdansks,гданьском,no_equality
37365,Gdansks,гданске,no_equality
37366,Gdansks,судостроительного завода имени,no_equality
37367,Gdansks,гданьским,no_equality
37368,Gdansks,данциге,no_equality
37369,depravity,развращенность,no_equality
37370,depravity,порочность,dépravation
37371,depravity,порочность,perversité
37372,depravity,безнравственность,no_equality
37373,depravity,порок,dépravation
37374,depravity,развратность,no_equality
37375,depravity,моральное разложение,no_equality
37376,excrescent,полумесяц,no_equality
37377,excrescent,креста,no_equality
37378,excrescent,серп,no_equality
37379,excrescent,серповидный,no_equality
37380,excrescent,полумесяцу,no_equality
37381,excrescent,кресент,no_equality
37382,excrescent,кресцент,no_equality
37383,excrescent,крисент,no_equality
37384,excrescent,crescent,no_equality
37385,quiescence,неподвижность,immobilité
37386,quiescence,спокойствие,quiétude
37387,quiescence,спокойствие,calme
37388,regulating,регулирование,régulation
37389,regulating,регулирование,réglementation
37390,regulating,регулирование,réglage
37391,regulating,регламентирование,réglementation
37392,regulating,регулирующих,régulation
37393,regulating,регулирующих,réglementation
37394,regulating,регулирующие,régulation
37395,regulating,регулирующие,réglementation
37396,regulating,регулирующие,règlement
37397,regulating,регулирующего,réglementation
37398,regulating,регулирующий,régulateur
37399,regulating,регулирующий,réglementer
37400,regulating,регулирующий,régissant
37401,regulating,регулирующий,réglementant
37402,regulating,регулирующий,réglant
37403,regulating,регулирующим,réglementation
37404,regulating,регулирующее,no_equality
37405,regulating,регламентирующие,réglementation
37406,regulating,регулировать,no_equality
37407,regulating,регламентации,réglementation
37408,regulating,регламентирующих,réglementation
37409,regulating,регулирующими,réglementation
37410,regulating,регулирующей,réglementation
37411,regulating,регулируют,no_equality
37412,agitator,агитатор,no_equality
37413,agitator,мешалка,no_equality
37414,agitator,Ворошитель,no_equality
37415,agitator,встряхиватель,no_equality
37416,paraplegia,параплегия,no_equality
37417,islander,островов,insulaire
37418,islander,островитянин,no_equality
37419,islander,житель острова,île
37420,islander,торреса,no_equality
37421,arson,поджог,incendie criminel
37422,arson,поджог,incendie volontaire
37423,arson,поджог,incendies criminels
37424,arson,поджог,pyromanie
37425,alienated,отчужденный,exclu
37426,alienated,отторгнутый,no_equality
37427,stalled,застопорился,au point mort
37428,stalled,застопорились,no_equality
37429,stalled,застопорилась,no_equality
37430,stalled,тупик,no_equality
37431,stalled,тупике,no_equality
37432,stalled,застопорилось,au point mort
37433,stalled,остановился,no_equality
37434,stalled,приостановлено,no_equality
37435,stalled,застопорившегося,no_equality
37436,stalled,заглох,a calé
37437,stalled,приостановился,no_equality
37438,stalled,застопорившихся,no_equality
37439,stalled,застопорившийся,no_equality
37440,stalled,затормозился,no_equality
37441,stalled,приостановилось,no_equality
37442,biologic,биологический,biologique
37443,blaspheme,богохульствовать,no_equality
37444,blaspheme,поносить,blasphémer
37445,blaspheme,богохульствуй,blasphémer
37446,blaspheme,богохульствуете,no_equality
37447,blaspheme,богохульствовал,no_equality
37448,mapper,картограф,cartographe
37449,mapper,картирования,cartographie
37450,mapper,лэндсат,no_equality
37451,faultily,неисправный,no_equality
37452,faultily,дефектный,no_equality
37453,faultily,сбойный,no_equality
37454,faultily,неисправность,no_equality
37455,faultily,ошибочные,no_equality
37456,faultily,ошибочных,no_equality
37457,faultily,ошибочными,no_equality
37458,faultily,неверных,no_equality
37459,faultily,неверной,no_equality
37460,faultily,бракованный,no_equality
37461,faultily,сломан,no_equality
37462,faultily,ошибочной,no_equality
37463,sail,плыть,naviguer
37464,sail,плыть,voguer
37465,sail,поплыть,no_equality
37466,sail,плавать,naviguer
37467,sail,отплыть,appareiller
37468,sail,отплывать,partir
37469,sail,парус,voile
37470,sail,паруса,voile
37471,sail,паруса,ancre
37472,sail,отправиться,partir
37473,sail,проплыть,no_equality
37474,sail,ходить под парусами,no_equality
37475,sail,плавание,voile
37476,sail,плавание,navigation
37477,sail,плавание,bateau
37478,sail,отплытию,no_equality
37479,sail,отплытия,no_equality
37480,sail,под парусом,no_equality
37481,sail,отплывем,no_equality
37482,separator,сепаратор,no_equality
37483,separator,железоотделитель,no_equality
37484,separator,перегородка,séparation
37485,separator,перегородка,cloison
37486,separator,разделительный символ,no_equality
37487,separator,Триер,no_equality
37488,separator,разделительный,no_equality
37489,separator,Сепараторный,no_equality
37490,separator,разделяющий,no_equality
37491,classified,секретный,confidentiel
37492,classified,секретный,secret
37493,classified,классификация,classification
37494,classified,классификация,classement
37495,classified,секретная информация,no_equality
37496,classified,классифицируются,no_equality
37497,classified,классифицированы,no_equality
37498,classified,классифицируется,no_equality
37499,classified,классифицировать,no_equality
37500,classified,засекречено,classifié
37501,classified,засекречено,confidentiel
37502,classified,засекречено,classé secret
37503,classified,классифицированных,no_equality
37504,classified,отнесены к категории,no_equality
37505,classified,классифицирована,no_equality
37506,classified,квалифицируется,no_equality
37507,classified,засекреченной,no_equality
37508,classified,засекреченные,no_equality
37509,classified,засекречены,no_equality
37510,Chile,чили,chili
37511,Chile,чили,chilien
37512,Chile,чили,piment
37513,Chile,чили,chile
37514,Chile,чили,pays
37515,Chile,чилийского,no_equality
37516,Chile,чилийский,no_equality
37517,Chile,венесуэлы,no_equality
37518,Chile,сантьяго,no_equality
37519,Chile,страны,pays
37520,Chile,сантьяго-де-чили,no_equality
37521,Chile,венесуэла,no_equality
37522,Chile,красный перец,no_equality
37523,Chile,перец чили,chili
37524,Chile,перец чили,chilien
37525,Chile,перец чили,piment
37526,Chile,перец чили,chile
37527,Chile,горький перец,piment
37528,Chile,чилийское,no_equality
37529,Chile,венесуэле,no_equality
37530,Chile,chile,no_equality
37531,Chile,чилийская,chilien
37532,applicant,заявитель,demandeur
37533,applicant,заявитель,requérant
37534,applicant,заявитель,intéressé
37535,applicant,заявитель,auteur
37536,applicant,истец,demandeur
37537,applicant,истец,requérant
37538,applicant,истец,demanderesse
37539,applicant,кандидат,candidat
37540,applicant,кандидат,postulant
37541,applicant,заявительница,requérant
37542,applicant,заявительница,demanderesse
37543,applicant,податель заявки,no_equality
37544,applicant,претендент,candidat
37545,applicant,подателя заявки,demandeur
37546,applicant,податель заявления,no_equality
37547,applicant,проситель убежища,no_equality
37548,applicant,ходатай,demandeur
37549,applicant,соискатель,candidat
37550,applicant,претендентка,candidat
37551,applicant,подавших заявления,candidat
37552,applicant,ходатайствующее лицо,demandeur
37553,applicant,ходатайствующее лицо,intéressé
37554,applicant,податель просьбы,no_equality
37555,applicant,ходатайствующая сторона,no_equality
37556,oboes,гобои,no_equality
37557,rubricating,разбивание на абзацы,no_equality
37558,overreacted,погорячилась,ai exagéré
37559,overreacted,погорячилась,ai réagi excessivement
37560,overreacted,слишком остро отреагировала,ai exagéré
37561,overreacted,слишком остро отреагировал,no_equality
37562,overreacted,переборщил,no_equality
37563,overreacted,погорячился,me suis laissé emporter
37564,overreacted,перегнула палку,no_equality
37565,overreacted,слишком бурно отреагировала,no_equality
37566,overreacted,слишком бурно отреагировал,no_equality
37567,overreacted,перегнул палку,no_equality
37568,overreacted,слишком остро реагировал,no_equality
37569,overreacted,вспылил,no_equality
37570,overreacted,перестраховался,a réagi de façon excessive
37571,overreacted,перенервничал,no_equality
37572,overreacted,остро среагировала,no_equality
37573,overreacted,отреагировала слишком остро,no_equality
37574,llamas,лам,lama
37575,llamas,ламами,lama
37576,llamas,ламы,no_equality
37577,natess,нейта,no_equality
37578,natess,нэйта,no_equality
37579,natess,нейт,no_equality
37580,natess,нэйт,no_equality
37581,natess,нейту,no_equality
37582,fowling,ловля птиц,no_equality
37583,probing,зондирование,no_equality
37584,probing,исследование,exploration
37585,probing,зондирует,no_equality
37586,probing,наводящих,no_equality
37587,probing,разведывательных,no_equality
37588,probing,прощупывания,no_equality
37589,probing,зондирующими,no_equality
37590,probing,мануальных,no_equality
37591,probing,зондируя,no_equality
37592,devastations,трагедий,no_equality
37593,proxies,прокси,proxies
37594,proxies,посредников,intermédiaire
37595,proxies,ставленников,no_equality
37596,proxies,ставленниками,no_equality
37597,proxies,доверенных лиц,no_equality
37598,proxies,марионеток,no_equality
37599,proxies,марионетки,no_equality
37600,proxies,косвенные показатели,indicateur
37601,homeless,бездомный,sans-abri
37602,homeless,бездомный,sans abri
37603,homeless,бездомный,sdf
37604,homeless,бомж,sans-abri
37605,homeless,бездомные,sans-abri
37606,homeless,бездомные,sans-logis
37607,homeless,остались без крова,sans-abri
37608,homeless,остались без крова,sans logis
37609,homeless,бомжей,sans-abri
37610,homeless,жилья,no_equality
37611,homeless,беспризорные,no_equality
37612,homeless,беспризорных,no_equality
37613,homeless,лишились крова,sans-abri
37614,homeless,бездомности,itinérance
37615,homeless,бомжами,no_equality
37616,homeless,бомжом,no_equality
37617,homeless,без дома,sans abri
37618,bagpipe,волынка,cornemuse
37619,reinforce,усиливать,renforcer
37620,reinforce,усиливать,intensifier
37621,reinforce,усиливать,conforter
37622,reinforce,усиливать,accroître
37623,reinforce,усиливать,accentuer
37624,reinforce,подтверждать,no_equality
37625,reinforce,усугублять,accentuer
37626,reinforce,усугублять,aggraver
37627,reinforce,увеличивать,accroître
37628,reinforce,увеличивать,aggraver
37629,reinforce,арматурный,no_equality
37630,kamikazes,камикадзе,kamikaze
37631,supernovas,сверхновые,no_equality
37632,supernovas,сверхновых,supernova
37633,tenths,десятых,no_equality
37634,tenths,десятые,no_equality
37635,sell,продать,vendre
37636,sell,продать,revendre
37637,sell,продать,écouler
37638,sell,продать,vente
37639,sell,продать,acheter
37640,sell,продавать,vendre
37641,sell,продавать,revendre
37642,sell,продавать,commercialiser
37643,sell,продавать,vente
37644,sell,продавать,acheter
37645,sell,продаваться,no_equality
37646,sell,торговать,no_equality
37647,sell,сбыть,vendre
37648,sell,сбыть,revendre
37649,sell,сбыть,écouler
37650,sell,убедить,convaincre
37651,sell,реализовывать,vendre
37652,sell,реализовывать,commercialiser
37653,sell,продажи,vendre
37654,sell,продажи,vente
37655,sell,продажу,vendre
37656,sell,продажу,vente
37657,sell,продаже,vendre
37658,sell,продаже,vente
37659,sell,продажей,vendre
37660,sell,продажей,vente
37661,sell,толкать,vendre
37662,sell,перепродать,revendre
37663,sell,сбывать,no_equality
37664,sell,распродавать,no_equality
37665,hard,трудно,trop
37666,hard,трудно,compliqué
37667,hard,трудно,difficilement
37668,hard,тяжело,difficile
37669,hard,тяжело,compliqué
37670,hard,тяжело,durement
37671,hard,тяжело,pénible
37672,hard,сложный,dur
37673,hard,сложный,difficile
37674,hard,сложный,compliqué
37675,hard,тяжелый,dur
37676,hard,тяжелый,difficile
37677,hard,тяжелый,pénible
37678,hard,тяжелый,rude
37679,hard,тяжелый,sévère
37680,hard,трудный,dur
37681,hard,трудный,difficile
37682,hard,трудный,pénible
37683,hard,нелёгкий,no_equality
37684,hard,твердый,no_equality
37685,hard,жёсткий,no_equality
37686,hard,сильно,dur
37687,hard,сильно,fort
37688,hard,сильно,mal
37689,hard,сильно,trop
37690,hard,сильно,beaucoup
37691,hard,сильно,durement
37692,hard,усердно,durement
37693,hard,много,trop
37694,hard,много,beaucoup
37695,hard,упорно,durement
37696,hard,непросто,difficile
37697,hard,непросто,compliqué
37698,hard,легко,dur
37699,hard,легко,difficile
37700,hard,жестко,dur
37701,hard,жестко,rigide
37702,hard,жестко,rude
37703,hard,жестко,sévère
37704,hard,крепкий,dur
37705,hard,крепкий,fort
37706,hard,хард,hard
37707,hard,непростой,difficile
37708,hard,харди,no_equality
37709,carts,тележки,chariot
37710,carts,тележки,charrette
37711,carts,тележки,caddie
37712,carts,тележек,caddie
37713,carts,повозки,chariot
37714,carts,повозки,carriole
37715,carts,телеги,charrette
37716,carts,повозок,chariot
37717,carts,повозок,voiture
37718,carts,тележках,chariot
37719,carts,тележками,no_equality
37720,carts,телегах,no_equality
37721,carts,телег,no_equality
37722,carts,повозках,no_equality
37723,carts,подводы,no_equality
37724,carts,тележка,chariot
37725,carts,тележка,caddie
37726,carts,корзин,no_equality
37727,carts,гольф-мобилях,no_equality
37728,carts,гольф-кары,no_equality
37729,cloistered,заточении,no_equality
37730,skills,навыки,savoir-faire
37731,skills,навыки,talent
37732,skills,навыков,compétence
37733,skills,навыков,aptitude
37734,skills,навыков,qualification
37735,skills,навыков,capacité
37736,skills,навыков,connaissance
37737,skills,навыков,formation
37738,skills,навыков,qualité
37739,skills,квалификации,compétence
37740,skills,квалификации,aptitude
37741,skills,квалификации,qualification
37742,skills,квалификации,capacité
37743,skills,квалификации,connaissance
37744,skills,квалификации,formation
37745,skills,квалификации,qualité
37746,skills,навыками,compétence
37747,skills,навыками,aptitude
37748,skills,навыками,qualification
37749,skills,навыками,capacité
37750,skills,навыками,connaissance
37751,skills,навыками,savoir-faire
37752,skills,навыками,talent
37753,skills,навыкам,compétence
37754,skills,навыкам,aptitude
37755,skills,навыкам,qualification
37756,skills,навыкам,connaissance
37757,skills,навыкам,technique
37758,skills,навыкам,formation
37759,skills,знаний,no_equality
37760,skills,специалистов,formation
37761,skills,квалификацию,compétence
37762,skills,квалификацию,qualification
37763,skills,знания,no_equality
37764,skills,способности,aptitude
37765,skills,способности,capacité
37766,skills,способности,habileté
37767,skills,способности,qualité
37768,skills,опыта,compétence
37769,skills,опыта,connaissance
37770,skills,навыках,compétence
37771,skills,умения,compétence
37772,skills,умения,aptitude
37773,skills,умения,qualification
37774,skills,умения,capacité
37775,skills,умения,habileté
37776,skills,умения,talent
37777,skills,мастерство,aptitude
37778,skills,мастерство,savoir-faire
37779,skills,мастерство,talent
37780,skills,квалификацией,compétence
37781,skills,квалификацией,qualification
37782,skills,умения и навыки,compétence
37783,skills,умения и навыки,qualification
37784,skills,умения и навыки,savoir-faire
37785,skills,умения и навыки,formation
37786,skills,умения и навыки,talent
37787,proficiencies,знания,no_equality
37788,coppers,копы,flic
37789,coppers,копы,policier
37790,coppers,копов,flic
37791,coppers,полицейские,flic
37792,coppers,полицейские,policier
37793,coppers,полицейских,policier
37794,coppers,копам,flic
37795,coppers,легавые,flic
37796,coppers,легавые,les cognes
37797,coppers,медяки,no_equality
37798,coppers,медяков,no_equality
37799,coppers,фараоны,no_equality
37800,coppers,фараонами,no_equality
37801,coppers,копами,flic
37802,coppers,копами,policier
37803,charger,зарядка,chargeur
37804,charger,зарядка,charge
37805,charger,зарядное устройство,chargeur
37806,charger,зарядного устройства,chargeur
37807,charger,зарядник,chargeur
37808,charger,зарядным устройством,no_equality
37809,charger,зарядном устройстве,no_equality
37810,charger,блюде,no_equality
37811,charger,чарджер,no_equality
37812,charger,чарджере,no_equality
37813,charger,серебряном,no_equality
37814,adduces,приводит,no_equality
37815,beats,бьется,bat
37816,beats,бьется,battement
37817,beats,бьется,battre
37818,beats,бьет,bat
37819,beats,бьет,frappe
37820,beats,ударов,battement
37821,beats,ударов,frappe
37822,beats,ударов,pulsation
37823,beats,ударов,coup
37824,beats,"лучше, чем",no_equality
37825,beats,избивает,bat
37826,beats,избивает,frappe
37827,beats,избивает,tabasse
37828,beats,победит,no_equality
37829,beats,побеждает,bat
37830,beats,круче,no_equality
37831,beats,бит,no_equality
37832,beats,биты,rythme
37833,beats,стучит,battement
37834,beats,стучит,frappe
37835,beats,избил,no_equality
37836,beats,побьет,no_equality
37837,Nanteses,нант,nantes
37838,Nanteses,нанте,nantes
37839,Nanteses,нанта,no_equality
37840,Nanteses,нантской,no_equality
37841,Nanteses,нантский университет,no_equality
37842,Nanteses,нантом,no_equality
37843,Nanteses,нантском,no_equality
37844,deprecate,протестовать,no_equality
37845,deprecate,осуждать,no_equality
37846,invigorator,активизировались после,no_equality
37847,invigorator,активизированной,no_equality
37848,invigorator,более энергичного,no_equality
37849,invigorator,активизировала,no_equality
37850,invigorator,активизирована,no_equality
37851,Jackson,джексон,jackson
37852,Jackson,джэксон,jackson
37853,Jackson,джексона,jackson
37854,Jackson,джексоном,jackson
37855,Jackson,джексону,no_equality
37856,Jackson,джексоне,jackson
37857,Jackson,жаксон,no_equality
37858,Jackson,джэксона,no_equality
37859,Jackson,jackson,no_equality
37860,Jackson,джексонов,no_equality
37861,Jackson,джексон-хайтс,no_equality
37862,displeased,недоволен,contrarié
37863,displeased,недоволен,déçu
37864,displeased,недовольны,mécontent
37865,displeased,недовольны,pas content
37866,displeased,недовольны,mécontentement
37867,displeased,недовольна,mécontent
37868,displeased,не угодил,no_equality
37869,displeased,разочарован,mécontent
37870,displeased,разочаровал,no_equality
37871,displeased,раздосадован,no_equality
37872,displeased,рассердил,no_equality
37873,displeased,расстроил,no_equality
37874,displeased,недовольство,no_equality
37875,displeased,не понравилось,no_equality
37876,displeased,разочарованы,déçu
37877,design,дизайн,conception
37878,design,дизайн,design
37879,design,дизайн,dessin
37880,design,дизайн,création
37881,design,проект,élaboration
37882,design,проект,projet
37883,design,проектирование,conception
37884,design,оформление,no_equality
37885,design,образец,modèle
37886,design,проектировать,concevoir
37887,design,проектировать,dessiner
37888,design,разрабатывать,concevoir
37889,design,разрабатывать,élaborer
37890,design,разрабатывать,créer
37891,design,предназначать,no_equality
37892,design,проектный,no_equality
37893,design,дизайнерский,no_equality
37894,design,конструктивный,no_equality
37895,blackmailed,шантажируемый,no_equality
37896,frissons,несущее трепет истеричного,no_equality
37897,offered,предложенный,no_equality
37898,offered,предложивший,no_equality
37899,offered,выставленный,no_equality
37900,offered,размещаемый,no_equality
37901,browser,браузер,navigateur
37902,browser,обозреватель,navigateur
37903,browser,browser,no_equality
37904,browser,веб-браузер,no_equality
37905,browser,броузера,navigateur
37906,browser,броузер,no_equality
37907,browser,броузере,no_equality
37908,browser,браузерных,no_equality
37909,add_on,надстройка,no_equality
37910,add_on,довесок,no_equality
37911,add_on,дополнений,extension
37912,add_on,дополнений,ajout
37913,add_on,дополнений,complément
37914,add_on,дополнений,additif
37915,add_on,дополнения,ajout
37916,add_on,дополнения,complément
37917,add_on,дополнения,complémentaire
37918,add_on,дополнения,additif
37919,add_on,add-on,no_equality
37920,add_on,дополнительная,complémentaire
37921,add_on,дополнительная,supplémentaire
37922,add_on,дополнительная,additionnel
37923,add_on,дополнительных,no_equality
37924,add_on,дополнением,ajout
37925,add_on,дополнением,complément
37926,add_on,технологии доочистки,no_equality
37927,add_on,доочистка,no_equality
37928,add_on,добавочные,no_equality
37929,add_on,испанского,no_equality
37930,announcement,объявление,annonce
37931,announcement,объявление,avis
37932,announcement,объявление,déclaration
37933,announcement,объявление,proclamation
37934,announcement,заявление,annonce
37935,announcement,заявление,déclaration
37936,announcement,заявление,communiqué
37937,announcement,объявления,annonce
37938,announcement,объявления,avis
37939,announcement,объявления,déclaration
37940,announcement,объявления,publication
37941,announcement,объявления,proclamation
37942,announcement,сообщение,annonce
37943,announcement,сообщение,communiqué
37944,announcement,сообщение,message
37945,announcement,сообщение,nouvelle
37946,announcement,сообщение,communication
37947,announcement,заявления,annonce
37948,announcement,заявления,déclaration
37949,announcement,заявления,communiqué
37950,announcement,уведомление,annonce
37951,announcement,уведомление,avis
37952,announcement,уведомление,déclaration
37953,announcement,уведомление,communication
37954,announcement,обнародование,publication
37955,announcement,сделанное,annonce
37956,announcement,объявленное,no_equality
37957,announcement,новость,annonce
37958,announcement,новость,nouvelle
37959,announcement,провозглашение,proclamation
37960,announcement,анонс,annonce
37961,announcement,оглашение,annonce
37962,announcement,извещение,avis
37963,announcement,вещание,no_equality
37964,announcement,объявил,annonce
37965,announcement,объявили,annonce
37966,Barts,бартса,no_equality
37967,Barts,сент-бартс,no_equality
37968,Barts,сен-бартс,no_equality
37969,Barts,бартсе,no_equality
37970,Barts,окружении паукообразных,no_equality
37971,pouches,дипломатическую почту,valise diplomatique
37972,pouches,мешочков,no_equality
37973,pouches,дипломатической почтой,valise
37974,pouches,посылок,no_equality
37975,pouches,дипломатической почты,valise diplomatique
37976,pouches,вализы,no_equality
37977,knowingly,сознательно,sciemment
37978,knowingly,сознательно,délibérément
37979,knowingly,сознательно,consciemment
37980,knowingly,сознательно,volontairement
37981,knowingly,сознательно,intentionnellement
37982,knowingly,сознательно,en toute connaissance de cause
37983,knowingly,заведомо,sciemment
37984,knowingly,осознанно,sciemment
37985,knowingly,осознанно,délibérément
37986,knowingly,осознанно,consciemment
37987,knowingly,осознанно,volontairement
37988,knowingly,осознанно,en connaissance de cause
37989,knowingly,умышленно,no_equality
37990,knowingly,намеренно,sciemment
37991,knowingly,намеренно,délibérément
37992,knowingly,намеренно,volontairement
37993,knowingly,намеренно,intentionnellement
37994,knowingly,преднамеренно,sciemment
37995,knowingly,преднамеренно,délibérément
37996,knowingly,преднамеренно,volontairement
37997,knowingly,преднамеренно,intentionnellement
37998,knowingly,преднамеренно,intentionnelle
37999,knowingly,умышленное,no_equality
38000,knowingly,сознательное,sciemment
38001,knowingly,сознательное,délibérément
38002,knowingly,сознательное,consciemment
38003,knowingly,сознательное,délibérée
38004,knowingly,сознательного,no_equality
38005,knowingly,заведомое,sciemment
38006,knowingly,сознательная,no_equality
38007,knowingly,осознано,no_equality
38008,knowingly,сознательную,délibérée
38009,muddy,грязный,boueux
38010,muddy,грязный,sale
38011,muddy,мутный,no_equality
38012,muddy,замутить,no_equality
38013,muddy,мутить,no_equality
38014,muddy,грязи,no_equality
38015,muddy,грязь,no_equality
38016,muddy,мадди,no_equality
38017,muddy,грязнуля,no_equality
38018,muddy,грязно,sale
38019,muddy,грязнули,no_equality
38020,turntables,вертушки,platine
38021,turntables,вертушек,no_equality
38022,evidentiary,доказательственный,no_equality
38023,evidentiary,доказывания,no_equality
38024,evidentiary,доказательств,no_equality
38025,evidentiary,доказательной,preuve
38026,evidentiary,доказательства,no_equality
38027,evidentiary,доказательную,no_equality
38028,evidentiary,доказательных,no_equality
38029,evidentiary,доказательствами,no_equality
38030,evidentiary,доказательствах,no_equality
38031,evidentiary,доказательная,no_equality
38032,evidentiary,доказательные,no_equality
38033,evidentiary,доказательного,no_equality
38034,skims,накипи,no_equality
38035,epitomizes,олицетворяет,incarne
38036,epitomizes,олицетворяет,symbolise
38037,epitomizes,воплощает,incarne
38038,epitomizes,символизирует собой,symbolise
38039,epitomizes,воплощением,incarne
38040,epitomizes,воплощением,symbolise
38041,lavatories,туалетов,toilette
38042,lavatories,туалеты,toilette
38043,lavatories,уборными,no_equality
38044,lavatories,туалетами,toilette
38045,lavatories,туалетом,toilette
38046,lavatories,туалетом,wc
38047,lavatories,уборные,toilette
38048,lavatories,туалетах,toilette
38049,lavatories,туалетах,wc
38050,lavatories,унитазов,no_equality
38051,lavatories,уборных,toilette
38052,conclusion,вывод,conclusion
38053,conclusion,вывод,constat
38054,conclusion,вывод,constatation
38055,conclusion,вывод,déduction
38056,conclusion,завершение,conclusion
38057,conclusion,завершение,fin
38058,conclusion,завершение,achèvement
38059,conclusion,завершение,clôture
38060,conclusion,завершение,aboutissement
38061,conclusion,решение,issue
38062,conclusion,решение,décision
38063,conclusion,умозаключение,déduction
38064,tailings,хвостов,no_equality
38065,tailings,хвостохранилищ,no_equality
38066,tailings,хвостохранилища,no_equality
38067,tailings,отходов,déchet
38068,tailings,хвосты,queue
38069,tailings,хвосты,résidu
38070,tailings,отвалы,no_equality
38071,tailings,отвалами,no_equality
38072,tailings,хвостах,no_equality
38073,tailings,пустой породы,no_equality
38074,tailings,хвостохранилищами,no_equality
38075,tailings,шлама,no_equality
38076,tailings,хвостовым,no_equality
38077,tailings,хвостохранилищах,no_equality
38078,shanghaied,почистили,no_equality
38079,liras,лир,lire
38080,liras,лир,livre
38081,mountaineered,альпинистов,no_equality
38082,mountaineered,альпинисты,no_equality
38083,mountaineered,альпинистах,no_equality
38084,hesitations,сомнения,hésitation
38085,hesitations,колебания,hésitation
38086,hesitations,нерешительность,hésitation
38087,hesitations,колебаниях,no_equality
38088,Carboniferous,каменноугольный,no_equality
38089,scanning,сканирование,balayage
38090,scanning,сканирование,numérisation
38091,scanning,сканирование,scan
38092,scanning,сканирование,scanning
38093,scanning,сканирование,scanographie
38094,scanning,сканирование,scanner
38095,scanning,сканировать,no_equality
38096,scanning,scanning,no_equality
38097,scanning,поиск,no_equality
38098,scanning,сканирующее,no_equality
38099,scanning,сканируют,scanner
38100,scanning,сканирующей,no_equality
38101,scanning,сканирующего,no_equality
38102,scanning,сканирует,scanner
38103,scanning,сканирует,scanne
38104,scanning,сканирующий,no_equality
38105,scanning,сканирующие,no_equality
38106,scanning,сканируя,no_equality
38107,scanning,сканирующих,scanner
38108,scanning,сканирующая,no_equality
38109,migratory,мигрирующий,no_equality
38110,migratory,кочующий,no_equality
38111,migratory,миграционный,migratoire
38112,migratory,миграционный,migration
38113,migratory,миграционный,immigration
38114,migratory,проходной,no_equality
38115,migratory,кочевой,no_equality
38116,supermodels,супермоделей,top models
38117,supermodels,супермодели,mannequin
38118,supermodels,супермоделями,top modèles
38119,supermodels,супермоделям,no_equality
38120,crabby,раздражительный,grincheux
38121,crabby,раздражительный,grognon
38122,crabby,раздражительный,irritable
38123,racialist,расист,no_equality
38124,alphabetization,алфавитизация,no_equality
38125,alphabetization,обучения грамоте,alphabétisation
38126,longshoremen,грузчики,no_equality
38127,longshoremen,докеры,no_equality
38128,berthed,пришвартованных,no_equality
38129,berthed,у причала,no_equality
38130,berthed,находящиеся на стоянке,no_equality
38131,berthed,пристыкованный,no_equality
38132,combat,пресечение,répression
38133,combat,бой,combat
38134,combat,бой,bataille
38135,combat,противодействие,no_equality
38136,combat,искоренение,no_equality
38137,combat,преодоление,no_equality
38138,combat,бороться с,lutter contre
38139,combat,бороться с,combattre
38140,combat,бороться с,réprimer
38141,combat,вести борьбу,lutter contre
38142,combat,вести борьбу,combattre
38143,combat,боевой,de combat
38144,combat,борьбы с,lutter contre
38145,combat,борьбы с,combattre
38146,combat,борьбы с,contrer
38147,combat,борьбы с,réprimer
38148,combat,борьбы с,répression
38149,combat,борьбу с,lutter contre
38150,combat,борьбу с,combattre
38151,combat,борьбу с,réprimer
38152,combat,борьбу с,répression
38153,combat,борьба с,lutter contre
38154,combat,борьба с,combattre
38155,combat,борьба с,répression
38156,combat,борьбы против,lutter contre
38157,combat,борьбы против,combattre
38158,combat,боевых действий,no_equality
38159,combat,борьбы со,lutter contre
38160,combat,борьбы со,combattre
38161,combat,борьбу против,lutter contre
38162,combat,борьбу против,combattre
38163,combat,сражаться,combattre
38164,combat,сражаться,lutter
38165,combat,вести бой,combattre
38166,combat,военные действия,no_equality
38167,recedes,отступает,recule
38168,recedes,отступает,se retire
38169,recedes,отступает,s'écarte
38170,recedes,отступит,no_equality
38171,recedes,отдаляется,s'éloigne
38172,recedes,уходящее вглубь,no_equality
38173,hookups,случайных связей,no_equality
38174,hookups,"""кайфе"" интрижки запрещены",no_equality
38175,rescheduling,реструктуризации,rééchelonnement
38176,rescheduling,реструктуризации,restructuration
38177,rescheduling,реструктуризации,rééchelonner
38178,rescheduling,реструктуризации,réaménagement
38179,rescheduling,пересмотра сроков погашения задолженности,rééchelonnement
38180,rescheduling,реструктуризацию,restructuration
38181,rescheduling,реструктурировании,no_equality
38182,rescheduling,изменение графика,no_equality
38183,rescheduling,перенос сроков погашения,no_equality
38184,rescheduling,изменения графика,no_equality
38185,rescheduling,реструктурирования,restructuration
38186,rescheduling,переносу,no_equality
38187,rescheduling,изменении сроков погашения,no_equality
38188,rescheduling,пересмотра графика,no_equality
38189,rescheduling,перепланирование,no_equality
38190,rescheduling,пересмотр сроков погашения задолженности,rééchelonnement
38191,rescheduling,о пересмотре сроков погашения задолженности,no_equality
38192,rescheduling,отсрочки,report
38193,rescheduling,отсрочки,reporter
38194,blackberries,ежевики,mûre
38195,blackberries,ежевики,ronce
38196,blackberries,ежевикой,no_equality
38197,blackberries,ежевика,mûre
38198,blackberries,карманных компьютеров,no_equality
38199,blackberries,чернику,no_equality
38200,blackberries,черники,no_equality
38201,blackberries,ежевику,mûre
38202,usages,обычаи,usage
38203,usages,обычаев,usage
38204,usages,обычаев,us
38205,usages,обычаями,no_equality
38206,usages,обыкновениям,no_equality
38207,usages,обыкновения,no_equality
38208,intimidating,запугивание,no_equality
38209,intimidating,запугать,no_equality
38210,intimidating,устрашающий,no_equality
38211,intimidating,пугающий,no_equality
38212,intimidating,пугающим,intimidant
38213,intimidating,пугает,intimide
38214,intimidating,запугивать,no_equality
38215,intimidating,пугающе,intimidant
38216,intimidating,запугивая,no_equality
38217,intimidating,пугающей,no_equality
38218,intimidating,запугивает,intimide
38219,intimidating,запугивают,no_equality
38220,stumping,агитация,propagande
38221,reflexivity,рефлексивности,no_equality
38222,stuttered,заикался,bégayait
38223,stuttered,заикался,bégayais
38224,ambitiously,масштабно,no_equality
38225,ambitiously,амбициозных,no_equality
38226,ambitiously,энергично,no_equality
38227,ambitiously,радикально,no_equality
38228,greetings,приветствия,salutation
38229,greetings,приветствия,bienvenue
38230,greetings,поздравления,félicitation
38231,greetings,привет,salutation
38232,greetings,привет,salut
38233,greetings,привет,bonjour
38234,greetings,привет,bonsoir
38235,greetings,приветствую вас,salutation
38236,greetings,приветствую вас,bonjour
38237,greetings,приветствую вас,bienvenue
38238,greetings,приветствие,salut
38239,greetings,приветствовать,no_equality
38240,greetings,здравствуйте,salut
38241,greetings,здравствуйте,bonjour
38242,greetings,здравствуйте,bienvenue
38243,greetings,здравствуйте,bonsoir
38244,greetings,пожелания,salutation
38245,greetings,пожелания,bonjour
38246,greetings,пожелания,souhait
38247,greetings,приветствий,salutation
38248,greetings,приветствий,bienvenue
38249,greetings,здравствуй,salut
38250,greetings,здравствуй,bonjour
38251,greetings,здравствуй,bonsoir
38252,greetings,поздравлениями,félicitation
38253,greetings,мое почтение,no_equality
38254,winners,номинанты,no_equality
38255,immunize,прививать,vacciner
38256,immunize,вакцинировать,vacciner
38257,immunize,иммунизировать,immuniser
38258,immunize,иммунизации,no_equality
38259,immunize,провести иммунизацию,vaccination
38260,immunize,провести иммунизацию,immunisation
38261,immunize,детям прививки,vacciner
38262,immunize,детям прививки,vaccination
38263,immunize,вакцинацию,no_equality
38264,immunize,вакцинации,no_equality
38265,immunize,привить,no_equality
38266,immunize,делали все прививки,vacciner
38267,immunize,делали все прививки,vaccination
38268,receptive,восприимчивый,réceptif
38269,receptive,рецептивный,no_equality
38270,receptive,воспринимающий,no_equality
38271,commonalities,общие черты,points communs
38272,commonalities,общие черты,éléments communs
38273,commonalities,общие черты,similitude
38274,commonalities,общие черты,traits communs
38275,commonalities,общие черты,caractéristiques communes
38276,commonalities,общих черт,points communs
38277,commonalities,общих черт,éléments communs
38278,commonalities,общих черт,similitude
38279,commonalities,общих черт,caractéristiques communes
38280,commonalities,общие элементы,points communs
38281,commonalities,общие элементы,éléments communs
38282,commonalities,общности,points communs
38283,commonalities,сходство,points communs
38284,commonalities,сходство,similitude
38285,commonalities,сходство,ressemblance
38286,commonalities,общность,similitude
38287,commonalities,общих моментов,no_equality
38288,commonalities,общие характеристики,caractéristiques communes
38289,commonalities,общие особенности,no_equality
38290,commonalities,сходные черты,similitude
38291,commonalities,сходные черты,ressemblance
38292,commonalities,совпадения,no_equality
38293,commonalities,сходных черт,no_equality
38294,commonalities,сходства,no_equality
38295,commonalities,точки соприкосновения,no_equality
38296,commonalities,общих элементов,points communs
38297,commonalities,общих элементов,éléments communs
38298,commonalities,общих элементов,traits communs
38299,fun,забава,fun
38300,fun,забава,marrant
38301,fun,забава,plaisir
38302,fun,забава,amusement
38303,fun,забава,divertissement
38304,fun,веселье,fun
38305,fun,веселье,marrant
38306,fun,веселье,plaisir
38307,fun,веселье,amusement
38308,fun,веселье,fête
38309,fun,веселье,rigolade
38310,fun,шутка,no_equality
38311,fun,веселиться,no_equality
38312,fun,шутить,no_equality
38313,fun,забавлять,no_equality
38314,fun,поразвлечься,no_equality
38315,fun,веселый,amusant
38316,fun,веселый,fun
38317,fun,веселый,marrant
38318,fun,веселый,drôle
38319,fun,интересный,drôle
38320,fun,приятный,sympa
38321,fun,приятный,agréable
38322,fun,развлекательный,no_equality
38323,map,карта,carte
38324,map,карта,plan
38325,map,отображение,no_equality
38326,map,схема,plan
38327,map,схема,schéma
38328,map,сопоставлять,no_equality
38329,map,отображаться,no_equality
38330,map,картировать,cartographier
38331,map,картографировать,no_equality
38332,map,картографический,no_equality
38333,capitalized,капитализируются,capitalisé
38334,capitalized,капитализация,no_equality
38335,capitalized,капитализированы,no_equality
38336,capitalized,капитализированных,no_equality
38337,capitalized,капитализированные,no_equality
38338,capitalized,капитализируется,no_equality
38339,capitalized,капитализирована,no_equality
38340,capitalized,капитализировать,no_equality
38341,capitalized,капиталом,no_equality
38342,capitalized,капитализируемые,no_equality
38343,capitalized,капитализироваться,no_equality
38344,maceration,размачивание,no_equality
38345,maceration,истощение,no_equality
38346,maceration,изнурение,no_equality
38347,maceration,вымачивание,no_equality
38348,polymorphisms,полиморфизмов,no_equality
38349,streaming,потоковый,no_equality
38350,streaming,трансляция,no_equality
38351,streaming,видео,film
38352,streaming,вытекание,no_equality
38353,streaming,стриминг,no_equality
38354,streaming,streaming,no_equality
38355,streaming,потоковой,no_equality
38356,streaming,поток,flux
38357,streaming,поток,écoulement
38358,streaming,потоковом режиме,no_equality
38359,streaming,катились,no_equality
38360,streaming,вещается,no_equality
38361,streaming,видеотрансляцию,no_equality
38362,blinding,слепящий,no_equality
38363,blinding,ослепительный,aveuglant
38364,blinding,ослепление,aveuglement
38365,blinding,ослепление,aveugler
38366,blinding,ослепление,éblouissement
38367,blinding,стяжка,no_equality
38368,blinding,посыпка,no_equality
38369,enfeebling,ослабление,affaiblissement
38370,differentiating,дифференциация,différenciation
38371,differentiating,дифференциация,différentiation
38372,differentiating,дифференциация,distinction
38373,differentiating,дифференцирующий,no_equality
38374,differentiating,отличающий,no_equality
38375,differentiating,разграничивающий,no_equality
38376,youthful,молодой,jeune
38377,youthful,молодой,jeunesse
38378,youthful,юношеский,no_equality
38379,seaworthiness,мореходность,navigabilité
38380,seaworthiness,мореходные качества,no_equality
38381,seaworthiness,мореходных качеств,no_equality
38382,seaworthiness,отношении обеспечения мореходности,no_equality
38383,seaworthiness,годности к плаванию,no_equality
38384,pitted,чернослива,no_equality
38385,pitted,косточки,no_equality
38386,pitted,без косточек,dénoyautées
38387,pitted,скрытые,no_equality
38388,pitted,натравил,no_equality
38389,pitted,финики,no_equality
38390,pitted,сошлись,no_equality
38391,pitted,чернослив,no_equality
38392,tranquillizer,транквилизатор,tranquillisant
38393,tranquillizer,транквилизатор,calmant
38394,tranquillizer,успокоительное,calmant
38395,tranquillizer,потребления транквилизаторов,no_equality
38396,unusual,необычный,inhabituel
38397,unusual,необычный,rare
38398,unusual,необычный,insolite
38399,unusual,необычный,anormal
38400,unusual,необычный,original
38401,unusual,необычный,étrange
38402,unusual,необычный,atypique
38403,unusual,необычный,extraordinaire
38404,unusual,необычный,singulier
38405,unusual,необычное,inhabituel
38406,unusual,необычное,étrange
38407,unusual,обычно,no_equality
38408,unusual,редкость,rare
38409,unusual,странное,étrange
38410,unusual,странное,drôle
38411,unusual,редко,rare
38412,unusual,странным,étrange
38413,unusual,странным,drôle
38414,unusual,странным,curieux
38415,unusual,непривычно,étrange
38416,unusual,необыкновенный,no_equality
38417,unusual,непривычный,no_equality
38418,unusual,странные,étrange
38419,unusual,необычайной,no_equality
38420,unusual,необычность,no_equality
38421,perturbations,возмущений,perturbation
38422,perturbations,возмущения,perturbation
38423,perturbations,пертурбации,perturbation
38424,perturbations,резкие изменения,no_equality
38425,perturbations,возмущениям,no_equality
38426,entering,входящий,no_equality
38427,entering,въезжающий,entrant
38428,entering,вступающий,no_equality
38429,entering,вошедший,no_equality
38430,entering,выходящий,no_equality
38431,entering,проникающий,no_equality
38432,entering,заключающий,no_equality
38433,entering,въехавший,no_equality
38434,entering,внесение,introduction
38435,entering,внесение,inscription
38436,entering,вход,entrée
38437,entering,вход,accès
38438,entering,поступление,entrée
38439,entering,поступление,inscription
38440,entering,входной,no_equality
38441,shaming,порицание,no_equality
38442,shaming,позор,humiliation
38443,shaming,позор,opprobre
38444,shaming,осуждения,stigmatisation
38445,shaming,позорить,no_equality
38446,shaming,позорной,no_equality
38447,shaming,стыдить,no_equality
38448,shaming,обвинять,no_equality
38449,shaming,позоришь,humilier
38450,shaming,обличать,no_equality
38451,shaming,осуждение,no_equality
38452,shaming,осуждать,no_equality
38453,shaming,пристыдить,no_equality
38454,shaming,клеймение позором,stigmatisation
38455,shaming,позорная дыба,no_equality
38456,currents,течений,courant
38457,currents,течения,courant
38458,currents,течениями,no_equality
38459,currents,токов,no_equality
38460,currents,течениях,courant
38461,currents,потоки,flux
38462,currents,токи,no_equality
38463,currents,потоков,courant
38464,currents,потоков,flux
38465,currents,течениям,no_equality
38466,currents,потоками,flux
38467,currents,ток,courant
38468,torturers,палачи,tortionnaire
38469,torturers,палачи,bourreau
38470,torturers,мучители,tortionnaire
38471,torturers,палачей,tortionnaire
38472,torturers,мучителей,tortionnaire
38473,torturers,пытках,no_equality
38474,torturers,применении пыток,no_equality
38475,torturers,истязатели,no_equality
38476,torturers,применяющие пытки,no_equality
38477,torturers,"лиц, применяющих пытки",tortionnaire
38478,torturers,истязателей,no_equality
38479,torturers,применяли пытки,no_equality
38480,torturers,палачами,bourreau
38481,torturers,"лиц, применявших пытки",tortionnaire
38482,torturers,пытавшие,no_equality
38483,torturers,применение пыток,no_equality
38484,inducements,стимулы,incitation
38485,inducements,стимулов,incitation
38486,inducements,стимулами,no_equality
38487,inducements,побуждения,no_equality
38488,inducements,подкуп,no_equality
38489,inducements,подкупа,no_equality
38490,inducements,побуждающих факторов,no_equality
38491,inducements,склонения,no_equality
38492,inducements,мотивации,no_equality
38493,rider,всадник,cavalier
38494,rider,всадник,rider
38495,rider,мотоциклист,pilote
38496,rider,мотоциклист,cycliste
38497,rider,мотоциклист,motard
38498,rider,гонщик,coureur
38499,rider,гонщик,rider
38500,rider,водитель,pilote
38501,rider,водитель,conducteur
38502,rider,наездница,no_equality
38503,rider,рейдер,no_equality
38504,rider,байкеры,motard
38505,rider,жокей,no_equality
38506,rider,мотогонщик,no_equality
38507,rider,контртело,no_equality
38508,rider,верховой,no_equality
38509,exertions,упражнений,no_equality
38510,exertions,трудов,no_equality
38511,louse,вошь,pou
38512,louse,гнида,no_equality
38513,louse,жалкий тип,no_equality
38514,louse,гнидой,no_equality
38515,louse,тигровые вши,pou
38516,louse,дрянь,no_equality
38517,louse,гад,salaud
38518,louse,гад,ordure
38519,louse,подлец,salaud
38520,louse,вошью,no_equality
38521,louse,тварь,no_equality
38522,louse,подонок,salaud
38523,tines,зубца,no_equality
38524,tines,зубья,no_equality
38525,tines,зубьями,no_equality
38526,frighteningly,ужасающе,horriblement
38527,frighteningly,пугающе,terriblement
38528,frighteningly,пугающе,effrayant
38529,frighteningly,пугающее,effrayant
38530,frustrations,разочарования,frustration
38531,frustrations,разочарования,désillusion
38532,frustrations,разочарования,mécontentement
38533,frustrations,разочарование,frustration
38534,frustrations,разочарование,désillusion
38535,frustrations,разочарований,frustration
38536,frustrations,срывы,no_equality
38537,frustrations,разочарованиях,frustration
38538,frustrations,недовольство,frustration
38539,frustrations,недовольство,mécontentement
38540,frustrations,недовольство,insatisfaction
38541,frustrations,отчаяние,no_equality
38542,frustrations,разочарованиям,frustration
38543,intonating,детонирующие,no_equality
38544,intonating,детонирующих,no_equality
38545,intonating,детонирующий,no_equality
38546,intonating,взорвать,no_equality
38547,intonating,детонации,no_equality
38548,intonating,взрывать,no_equality
38549,intonating,детонирующее,no_equality
38550,intonating,детонирующего,no_equality
38551,intonating,приведя в действие,no_equality
38552,intonating,детонационные,no_equality
38553,intonating,сдетонировать,no_equality
38554,intonating,детонирующим,no_equality
38555,intonating,взрывы,no_equality
38556,intonating,взрывом,no_equality
38557,associable,младший,no_equality
38558,associable,помощник,no_equality
38559,associable,партнер,no_equality
38560,associable,коллега,no_equality
38561,associable,сотрудник,no_equality
38562,associable,заместитель,no_equality
38563,associable,компаньон,no_equality
38564,associable,ассоциировать,no_equality
38565,associable,ассоциироваться,no_equality
38566,associable,объединяться,no_equality
38567,associable,связать,no_equality
38568,associable,юрист,no_equality
38569,associable,связывать,no_equality
38570,associable,увязать,no_equality
38571,associable,связываться,no_equality
38572,associable,совместный,no_equality
38573,associable,ассистент,no_equality
38574,associable,сподвижник,no_equality
38575,crossings,контрольно-пропускные пункты,no_equality
38576,crossings,контрольно-пропускных пунктов,no_equality
38577,crossings,переходов,passage
38578,crossings,переходы,no_equality
38579,crossings,переходах,passage
38580,crossings,пропускные пункты,no_equality
38581,crossings,пропускных пунктов,no_equality
38582,crossings,пересечений,passage
38583,crossings,пересечений,franchissement
38584,crossings,пересечения границ,no_equality
38585,crossings,пункты пересечения границы,no_equality
38586,crossings,контрольно-пропускных пунктах,no_equality
38587,crossings,переходам,no_equality
38588,crossings,переходами,no_equality
38589,crossings,кпп,no_equality
38590,crossings,переезды,passages à niveau
38591,supporter,сторонник,partisan
38592,supporter,сторонник,supporter
38593,supporter,сторонник,adepte
38594,supporter,поддерживает,soutien
38595,supporter,поддерживает,appui
38596,supporter,поддерживает,appuie
38597,supporter,поддерживает,soutient
38598,supporter,поддержку,support
38599,supporter,поддержку,soutien
38600,supporter,поддержку,appui
38601,supporter,поддержку,favorable
38602,supporter,поддерживала,appuie
38603,supporter,кормилец,no_equality
38604,supporter,сторонницей,partisan
38605,supporter,выступает за,appuie
38606,supporter,поддерживают,soutien
38607,supporter,поддерживают,appui
38608,supporter,поддерживают,appuie
38609,supporter,поддерживают,soutient
38610,supporter,поборником,champion
38611,supporter,поддерживая,appuie
38612,supporter,поддерживая,soutient
38613,supporter,поддерживал,appuie
38614,supporter,поддерживал,soutient
38615,supporter,приверженцем,no_equality
38616,warded,защищено,no_equality
38617,origins,первоистоки,no_equality
38618,airmanships,посты председателей,no_equality
38619,airmanships,комитетах,no_equality
38620,airmanships,председательских мест,présidence
38621,airmanships,определении порядка председательства во,présidence
38622,makings,вас бумага суховата,no_equality
38623,apertures,отверстия,ouverture
38624,apertures,отверстия,orifice
38625,apertures,отверстия,trou
38626,apertures,отверстий,ouverture
38627,apertures,отверстий,orifice
38628,apertures,отверстий,trou
38629,apertures,отверстиями,ouverture
38630,apertures,отверстиями,orifice
38631,apertures,отверстиями,trou
38632,apertures,окнами,no_equality
38633,apertures,отверстиях,ouverture
38634,apertures,проемов,ouverture
38635,apertures,апертурой,ouverture
38636,apertures,проемы,no_equality
38637,apertures,апертур,no_equality
38638,apertures,апертуры,no_equality
38639,anemic,анемия,anémie
38640,anemic,анемичный,anémique
38641,anemic,немощный,no_equality
38642,anemic,анемичное,no_equality
38643,anemic,малокровие,anémie
38644,anemic,слабым,anémique
38645,anemic,анемическое,no_equality
38646,anemic,анемичных,no_equality
38647,anemic,анемичной,no_equality
38648,anemic,малокровный,no_equality
38649,anemic,анемичен,no_equality
38650,deliberation,обсуждение,délibération
38651,deliberation,обсуждение,débat
38652,deliberation,обсуждение,réflexion
38653,deliberation,обсуждение,examen
38654,deliberation,неторопливость,no_equality
38655,deliberation,совещание,délibéré
38656,deliberation,осмотрительность,no_equality
38657,deliberation,раздумья,no_equality
38658,deliberation,обдуманность,no_equality
38659,burros,ослов,âne
38660,burros,ослов,mule
38661,burros,ослики,no_equality
38662,corn,кукуруза,maïs
38663,corn,кукуруза,blé
38664,corn,мозоль,cor
38665,corn,зерно кукурузы,maïs
38666,corn,зерно кукурузы,blé
38667,corn,зерно кукурузы,grain
38668,corn,хлеб,blé
38669,corn,жито,no_equality
38670,corn,кукурузный,no_equality
38671,corn,зерновой,no_equality
38672,corn,Мозольный,no_equality
38673,screenwriters,сценаристов,scénariste
38674,prevents,препятствует,empêche
38675,prevents,препятствует,empêcher
38676,prevents,препятствует,interdit
38677,prevents,не позволяет,empêche
38678,prevents,не позволяет,empêchent
38679,prevents,не позволяет,interdit
38680,prevents,не позволяет,ne permet pas
38681,prevents,мешает,empêche
38682,prevents,мешает,empêchant
38683,prevents,мешает,empêcher
38684,prevents,мешает,empêchent
38685,prevents,предотвращает,empêche
38686,prevents,предотвращает,prévient
38687,prevents,предотвращает,évite
38688,prevents,предотвращает,permet d'éviter
38689,prevents,не дает,empêche
38690,prevents,не дает,ne permet pas
38691,prevents,лишает,empêche
38692,prevents,запрещает,empêche
38693,prevents,запрещает,interdit
38694,prevents,не допускает,évite
38695,prevents,не допускает,ne permet pas
38696,prevents,не позволяют,empêche
38697,prevents,не позволяют,empêchent
38698,prevents,не позволяют,ne permet pas
38699,prevents,предупреждает,prévient
38700,prevents,препятствуют,empêcher
38701,prevents,препятствуют,empêchent
38702,prevents,мешают,no_equality
38703,prevents,предотвращения,no_equality
38704,prevents,затрудняет,empêche
38705,prevents,предотвратит,empêche
38706,layers,отводков,no_equality
38707,layers,многослойность,no_equality
38708,layers,напластования,no_equality
38709,estimates,оценки,estimation
38710,estimates,оценки,évaluation
38711,estimates,оценкам,estimation
38712,estimates,оценкам,prévision
38713,estimates,оценкам,évaluation
38714,estimates,оценкам,évalue
38715,estimates,оценкам,chiffre
38716,estimates,оценок,estimation
38717,estimates,оценок,prévision
38718,estimates,оценок,évaluation
38719,estimates,оценок,estimer
38720,estimates,сметы,no_equality
38721,estimates,смета,estimation
38722,estimates,смета,devis
38723,estimates,смета,montants estimatifs
38724,estimates,смету,estimation
38725,estimates,смету,montants estimatifs
38726,estimates,оценках,estimation
38727,estimates,оценках,évaluation
38728,estimates,смет,estimation
38729,estimates,смет,prévision
38730,estimates,смет,devis
38731,estimates,оценками,estimation
38732,estimates,оценками,évaluation
38733,estimates,оценочные данные,estimation
38734,estimates,оценке,estimation
38735,estimates,оценке,évaluation
38736,estimates,сметой,estimation
38737,estimates,сметой,prévision
38738,estimates,оценка,estimation
38739,estimates,оценка,évaluation
38740,estimates,расчеты,no_equality
38741,estimates,оценку,estimation
38742,estimates,оценку,évaluation
38743,inflationary,инфляционный,inflationniste
38744,inflationary,инфляционный,inflation
38745,inflationary,инфляции,no_equality
38746,inflationary,инфляционному,inflationniste
38747,inflationary,инфляцию,no_equality
38748,inflationary,инфляцией,no_equality
38749,inflationary,инфляционном,no_equality
38750,lavishing,расточение,no_equality
38751,philosophers,философы,philosophe
38752,philosophers,философов,philosophe
38753,philosophers,философами,philosophe
38754,philosophers,философам,no_equality
38755,overexposure,частое появление на публике,no_equality
38756,overexposure,передержка,no_equality
38757,turnings,стружка,copeau
38758,concreteness,конкретность,no_equality
38759,kelps,ламинарии,no_equality
38760,paled,меркнут,no_equality
38761,paled,бледнеть,no_equality
38762,anemometry,анемометрии,no_equality
38763,anemometry,анемометра,no_equality
38764,buttons,кнопки,bouton
38765,buttons,кнопок,bouton
38766,buttons,пуговицы,bouton
38767,buttons,пуговиц,bouton
38768,buttons,кнопками,bouton
38769,buttons,кнопками,touche
38770,buttons,пуговицами,bouton
38771,buttons,значки,macaron
38772,buttons,значки,badge
38773,buttons,значки,icône
38774,buttons,кнопочки,bouton
38775,buttons,кнопках,no_equality
38776,buttons,кнопкам,bouton
38777,buttons,из себя,no_equality
38778,buttons,значков,icône
38779,buttons,пуговицах,bouton
38780,buttons,кнопочек,no_equality
38781,buttons,баттонс,buttons
38782,celebrators,праздничный,no_equality
38783,celebrators,торжественный,no_equality
38784,celebrators,отпраздновать,no_equality
38785,accompaniment,сопровождение,accompagnement
38786,accompaniment,сопровождение,accompagner
38787,accompaniment,дополнение,complément
38788,accompaniment,гарнир,accompagnement
38789,accompaniment,аккомпанирующий,no_equality
38790,extinguishes,аннулирует,no_equality
38791,extinguishes,означает аннулирование,no_equality
38792,landfills,свалки,décharge
38793,landfills,свалки,dépotoir
38794,landfills,свалок,décharge
38795,landfills,свалок,dépotoir
38796,landfills,на свалках,no_equality
38797,landfills,мусорных полигонов,no_equality
38798,landfills,мусорные полигоны,no_equality
38799,landfills,полигоны для захоронения отходов,déchet
38800,landfills,полигоны отходов,déchet
38801,landfills,мусорных полигонах,no_equality
38802,landfills,полигонов отходов,déchet
38803,landfills,могильников,no_equality
38804,tithes,десятину,no_equality
38805,inlets,заливов,baie
38806,inlets,входы,entrée
38807,inlets,входами,no_equality
38808,inlets,фьордов,no_equality
38809,inlets,впускные отверстия,no_equality
38810,inlets,вводов,no_equality
38811,inlets,воздухозаборным отверстиям,no_equality
38812,inlets,вводам,no_equality
38813,corrects,исправляет,corrige
38814,corrects,корректирует,no_equality
38815,corrects,поправляет,no_equality
38816,corrects,правит,no_equality
38817,corrects,исправило,no_equality
38818,corrects,исправление,no_equality
38819,mouse,мышь,souris
38820,mouse,мышь,rat
38821,mouse,мышь,souriceau
38822,mouse,мыши,souris
38823,mouse,мышка,souris
38824,mouse,маус,souris
38825,mouse,мышонок,no_equality
38826,mouse,мышиный,no_equality
38827,mouse,крыса,no_equality
38828,mouse,mouse,no_equality
38829,indexes,индексы,index
38830,indexes,индексы,indice
38831,indexes,индексы,indicateur
38832,indexes,индексов,indice
38833,indexes,индексов,indicateur
38834,indexes,индексами,indice
38835,indexes,показателей,indice
38836,indexes,показателей,indicateur
38837,indexes,индексам,no_equality
38838,indexes,показатели,indicateur
38839,indexes,индексах,index
38840,indexes,указателей,index
38841,indexes,указателей,indicateur
38842,indexes,указатели,index
38843,indexes,указатели,indicateur
38844,indexes,указатели,table
38845,indexes,индекса,index
38846,indexes,индекса,indice
38847,indexes,индексирует,no_equality
38848,indexes,пааше,no_equality
38849,cantons,кантонов,canton
38850,cantons,кантонов,cantonaux
38851,cantons,кантонов,cantonale
38852,cantons,кантонах,canton
38853,cantons,кантоны,no_equality
38854,cantons,кантонами,no_equality
38855,cantons,кантонам,no_equality
38856,cantons,кантона,canton
38857,cantons,кантональных,canton
38858,cantons,кантональных,cantonaux
38859,cantons,кантональных,cantonale
38860,prosecute,преследовать,poursuivre
38861,prosecute,вести,poursuivre
38862,prosecute,возбудить,poursuite
38863,prosecute,преследовать по суду,poursuivre
38864,prosecute,наказать,punir
38865,prosecute,наказать,sanctionner
38866,prosecute,обвинять,inculper
38867,prosecute,обвинять,condamner
38868,prosecute,осудить,no_equality
38869,prosecute,возбуждать дело,intenter
38870,prosecute,предавать суду,no_equality
38871,prosecute,уголовное преследование,poursuivre
38872,continue,продолжать,continuer
38873,continue,продолжать,poursuivre
38874,continue,продолжать,rester
38875,continue,продолжать,maintenir
38876,continue,продолжать,demeurer
38877,continue,продолжать,conserver
38878,continue,продолжать,prolonger
38879,continue,продолжать,persévérer
38880,continue,оставаться,continuer
38881,continue,оставаться,rester
38882,continue,оставаться,maintenir
38883,continue,оставаться,demeurer
38884,continue,оставаться,conserver
38885,continue,длиться,durer
38886,continue,дальше,no_equality
38887,trivia,викторин,quizz
38888,trivia,мелочь,no_equality
38889,trivia,викторины,quiz
38890,trivia,викторины,quizz
38891,trivia,мелочи,no_equality
38892,trivia,пустяк,no_equality
38893,trivia,маскарад,no_equality
38894,trivia,пустяки,no_equality
38895,trivia,о пустяках,no_equality
38896,trivia,викторина,quiz
38897,trivia,викторина,quizz
38898,de-escalate,деэскалации,désamorcer
38899,de-escalate,ослабить напряженность,no_equality
38900,de-escalate,деэскалацию,no_equality
38901,de-escalate,разрядке,no_equality
38902,de-escalate,разрядить сложившуюся ситуацию,désamorcer
38903,de-escalate,ослаблению,no_equality
38904,de-escalate,ослабления напряженности,no_equality
38905,de-escalate,разрядки,no_equality
38906,de-escalate,снижения напряженности,no_equality
38907,sunnily,потешно,no_equality
38908,ravishment,изнасилование,viol
38909,allergic,аллергический,allergique
38910,allergic,аллергия,no_equality
38911,allergic,аллергичный,no_equality
38912,allergic,аллергиком,no_equality
38913,allergic,аллергик,no_equality
38914,bicycles,велосипеды,vélo
38915,bicycles,велосипедов,cycle
38916,bicycles,велосипедов,cycliste
38917,bicycles,велосипедах,bicyclette
38918,bicycles,велосипедах,vélo
38919,bicycles,велосипеда,bicyclette
38920,bicycles,велосипеда,vtt
38921,bicycles,велосипед,bicyclette
38922,bicycles,велосипед,vélo
38923,bicycles,велосипед,vtt
38924,bicycles,велосипеде,vélo
38925,bicycles,велосипеде,vtt
38926,bicycles,велосипедами,vélo
38927,bicycles,велосипедами,cycle
38928,bicycles,велосипедам,no_equality
38929,bicycles,велосипедистов,cycliste
38930,insurer,страховщик,assureur
38931,insurer,страхователь,assureur
38932,insurer,страхователь,assuré
38933,insurer,страховой компании,assureur
38934,insurer,страховая компания,assureur
38935,insurer,страховая компания,assurance
38936,insurer,страховых компаний,assureur
38937,compendiums,сборники,recueil
38938,compendiums,компендиумы,no_equality
38939,compendiums,сборников,recueil
38940,compendiums,сборниках,recueil
38941,compendiums,справочников,no_equality
38942,compendiums,справочники,recueil
38943,compendiums,подборок материалов о существующих,no_equality
38944,compendiums,перечни,no_equality
38945,mess,беспорядок,désordre
38946,mess,беспорядок,gâchis
38947,mess,беспорядок,bazar
38948,mess,беспорядок,pagaille
38949,mess,беспорядок,merdier
38950,mess,беспорядок,foutoir
38951,mess,беспорядок,fouillis
38952,mess,бардак,désordre
38953,mess,бардак,gâchis
38954,mess,бардак,bazar
38955,mess,бардак,pagaille
38956,mess,бардак,merdier
38957,mess,бардак,désastre
38958,mess,бардак,foutoir
38959,mess,бардак,merde
38960,mess,столовая,mess
38961,mess,неразбериха,pagaille
38962,mess,грязь,no_equality
38963,mess,неприятности,pétrin
38964,mess,неприятности,problème
38965,mess,месиво,merdier
38966,mess,порядок,no_equality
38967,mess,портить,salir
38968,mess,портить,abîmer
38969,mess,разобраться,no_equality
38970,mess,шутить,no_equality
38971,mess,неприятность,no_equality
38972,mess,хаос,désordre
38973,mess,хаос,pagaille
38974,mess,путаница,no_equality
38975,mess,кавардак,pagaille
38976,mess,дерьмо,merdier
38977,mess,дерьмо,merde
38978,mess,разгром,no_equality
38979,mess,фигня,no_equality
38980,Vituses,вирусов,virus
38981,Vituses,вирусов,virale
38982,Vituses,вирусов,virose
38983,Vituses,вирусы,virus
38984,Vituses,вирусами,virus
38985,Vituses,вирусах,virus
38986,Vituses,вируса,virus
38987,Vituses,вирусам,virus
38988,Vituses,вирусных заболеваний,virose
38989,Vituses,заразы,no_equality
38990,Vituses,вирус,virus
38991,atrocious,жестокий,no_equality
38992,atrocious,отвратительный,odieux
38993,atrocious,отвратительный,horrible
38994,atrocious,отвратительный,affreux
38995,corneas,роговицы,no_equality
38996,corneas,роговицу,cornée
38997,corneas,роговица,cornée
38998,corneas,роговиц,no_equality
38999,orangeness,странность,étrangeté
39000,orangeness,странность,bizarrerie
39001,orangeness,необычность,étrangeté
39002,orangeness,неизвестность,no_equality
39003,junctures,моменты,moment
39004,junctures,моментов,moment
39005,junctures,решающих этапах,no_equality
39006,recourses,средства правовой защиты,recours
39007,recourses,средств правовой защиты,recours
39008,recourses,средствах правовой защиты,recours
39009,recourses,ресурсам,no_equality
39010,recourses,возражение,no_equality
39011,unsheathed,обнаженный,no_equality
39012,gatekeepers,контролеров,contrôleur
39013,gatekeepers,привратники,no_equality
39014,gatekeepers,контролерами,contrôleur
39015,gatekeepers,хранителями,no_equality
39016,gatekeepers,хранителей,gardien
39017,gatekeepers,незаконные контролеры,no_equality
39018,gatekeepers,контроллеры зоны,no_equality
39019,gatekeepers,стражей,gardien
39020,railed,протестовал,protesté
39021,basketeer,мушкетер,mousquetaire
39022,basketeer,мушкетер,musketeer's
39023,basketeer,мушкетёром,mousquetaire
39024,basketeer,мушкетеру,no_equality
39025,basketeer,мушкетёры,no_equality
39026,basketeer,будущий мушкетёр,no_equality
39027,basketeer,мушкетерском,no_equality
39028,adjuncts,дополнением,no_equality
39029,claimants,заявители,requérant
39030,claimants,заявители,réclamants
39031,claimants,заявители,réclamation
39032,claimants,заявителей,requérant
39033,claimants,заявителей,demandeur
39034,claimants,заявителей,réclamants
39035,claimants,заявителей,plaignant
39036,claimants,заявителей,réclamation
39037,claimants,заявителями,requérant
39038,claimants,заявителями,demandeur
39039,claimants,заявителями,réclamants
39040,claimants,заявителям,requérant
39041,claimants,заявителям,demandeur
39042,claimants,истцов,requérant
39043,claimants,истцов,demandeur
39044,claimants,истцов,plaignant
39045,claimants,истцы,plaignant
39046,claimants,заявителя,requérant
39047,claimants,заявителя,demandeur
39048,claimants,заявителя,plaignant
39049,claimants,заявителя,réclamation
39050,claimants,претензий,requérant
39051,claimants,претензий,réclamation
39052,claimants,истцам,plaignant
39053,claimants,истцам,ayants droit
39054,claimants,истцами,requérant
39055,claimants,истцами,plaignant
39056,claimants,претендентов,demandeur
39057,claimants,претендентов,prétendant
39058,claimants,заявитель,requérant
39059,claimants,заявитель,demandeur
39060,claimants,заявитель,plaignant
39061,claimants,заявитель,réclamation
39062,claimants,просителей,no_equality
39063,claimants,претендентами,no_equality
39064,claimants,претенденты,prétendant
39065,shorts,шорты,short
39066,shorts,шорты,caleçon
39067,shorts,шорты,pantalon
39068,shorts,шортах,short
39069,shorts,шортах,caleçon
39070,shorts,трусы,caleçon
39071,shorts,трусы,slip
39072,shorts,трусы,froc
39073,shorts,шорт,short
39074,shorts,шортики,short
39075,shorts,шортами,short
39076,shorts,трусах,short
39077,shorts,трусах,maillot
39078,shorts,трусов,caleçon
39079,shorts,трусов,pantalon
39080,shorts,трусов,slip
39081,shorts,шортиках,no_equality
39082,shorts,шортов,no_equality
39083,shorts,трусики,pantalon
39084,shorts,трусики,slip
39085,shorts,спортивные трусы,caleçon
39086,shorts,спортивные трусы,culotte
39087,shorts,спортивные трусы,slip
39088,shorts,штаны,culotte
39089,shorts,штаны,pantalon
39090,shorts,плавки,caleçon
39091,shorts,плавки,slip
39092,shorts,штанах,caleçon
39093,shorts,штанах,slip
39094,incandescent,раскаленный,no_equality
39095,incandescent,светящийся,no_equality
39096,incandescent,накаленный,no_equality
39097,incandescent,лампа накаливания,no_equality
39098,ponderously,тяжеловесно,no_equality
39099,leveragings,использование,exploitation
39100,leveragings,привлечение,mobilisation
39101,leveragings,мобилизации,mobiliser
39102,leveragings,мобилизации,mobilisation
39103,leveragings,задействование,exploiter
39104,leveragings,мобилизация,mobilisation
39105,leveragings,используя,tirant parti
39106,leveragings,используя,exploitant
39107,malignant,злокачественный,malin
39108,malignant,злюка,no_equality
39109,cubbing,охота на лисят,no_equality
39110,Belgiums,бельгия,no_equality
39111,Belgiums,бельгии,no_equality
39112,Belgiums,бельгией,belge
39113,Belgiums,бельгию,no_equality
39114,Belgiums,бельгийского,belge
39115,Belgiums,бельгийской,belge
39116,Belgiums,бельгийских,belge
39117,Belgiums,бельгийское,belge
39118,Belgiums,belgium,no_equality
39119,Belgiums,бельгийские,belge
39120,Belgiums,бельгийская,belge
39121,Belgiums,бельгийский,belge
39122,Belgiums,бельгийским,belge
39123,splendid,великолепный,splendide
39124,splendid,великолепный,magnifique
39125,splendid,великолепный,superbe
39126,splendid,великолепный,beau
39127,splendid,великолепный,merveilleux
39128,splendid,великолепный,excellent
39129,splendid,прекрасный,magnifique
39130,splendid,прекрасный,superbe
39131,splendid,прекрасный,beau
39132,splendid,прекрасный,merveilleux
39133,splendid,прекрасный,excellent
39134,splendid,прекрасный,formidable
39135,splendid,великолепно,splendide
39136,splendid,великолепно,magnifique
39137,splendid,великолепно,beau
39138,splendid,великолепно,merveilleux
39139,splendid,великолепно,excellent
39140,splendid,великолепно,formidable
39141,splendid,роскошный,splendide
39142,splendid,роскошный,superbe
39143,splendid,роскошный,somptueux
39144,splendid,замечательный,magnifique
39145,splendid,замечательный,superbe
39146,splendid,замечательный,beau
39147,splendid,замечательный,merveilleux
39148,splendid,замечательный,excellent
39149,splendid,замечательный,remarquable
39150,splendid,замечательный,formidable
39151,splendid,превосходный,splendide
39152,splendid,превосходный,excellent
39153,splendid,восхитительно,magnifique
39154,splendid,восхитительно,merveilleux
39155,splendid,восхитительно,admirable
39156,splendid,отличная,superbe
39157,splendid,отличная,beau
39158,splendid,отличная,excellent
39159,splendid,блестящей,no_equality
39160,splendid,splendid,no_equality
39161,splendid,прекрасно,no_equality
39162,splendid,превосходно,excellent
39163,tangles,узлы,enchevêtrement
39164,tangles,вычесываться щеткой для предотвращения образования колтунов,no_equality
39165,corruptibility,подверженность,no_equality
39166,geologist,геолог,no_equality
39167,Cyprus,кипр,chypre
39168,Cyprus,кипр,cyprus
39169,Cyprus,кипра,chypre
39170,Cyprus,кипра,île
39171,Cyprus,кипра,chypre-sud
39172,Cyprus,кипре,chypre
39173,Cyprus,кипре,île
39174,Cyprus,кипре,cyprus
39175,Cyprus,кипрский,no_equality
39176,Cyprus,кипрской,chypre
39177,Cyprus,кипру,no_equality
39178,Cyprus,кипром,chypre
39179,Malian,малийских,malien
39180,Malian,малийские,no_equality
39181,Malian,малийской,malien
39182,Malian,малийскими,malien
39183,Malian,малийским,no_equality
39184,Malian,малийского,malien
39185,Malian,малийское,malien
39186,Malian,малийская,malien
39187,Malian,малийский,malien
39188,Malian,малийском,malien
39189,Malian,малийскому,no_equality
39190,Malian,малиец,malien
39191,catholicize,католицизм,no_equality
39192,catholicize,католичество,no_equality
39193,catholicize,католицизму,no_equality
39194,catholicize,католическую веру,no_equality
39195,catholicize,католическая религия,no_equality
39196,sorted,сортированный,no_equality
39197,sorted,сортовой,no_equality
39198,fable,басня,no_equality
39199,fable,сказка,fable
39200,fable,сказка,conte
39201,fable,сказка,histoire
39202,fable,легенда,histoire
39203,fable,притча,fable
39204,fable,россказни,no_equality
39205,fable,иллюзия,no_equality
39206,fable,басней,no_equality
39207,fable,басне,no_equality
39208,fable,миф,no_equality
39209,harrier,лунь,no_equality
39210,harrier,харриер,no_equality
39211,cheaters,мошенники,no_equality
39212,cheaters,обманщики,no_equality
39213,cheaters,мошенников,tricheur
39214,cheaters,мошенников,fraudeur
39215,cheaters,обманщиков,tricheur
39216,cheaters,жуликов,tricheur
39217,cheaters,измены,no_equality
39218,cheaters,изменников,no_equality
39219,cheaters,изменщики,no_equality
39220,cheaters,читеров,no_equality
39221,cheaters,лжецов,no_equality
39222,cheaters,очки,no_equality
39223,cheaters,жуликами,no_equality
39224,cheaters,мухлевщиков,no_equality
39225,cheaters,мухлевать,no_equality
39226,cheaters,жуликам,no_equality
39227,addrest,решение,no_equality
39228,addrest,адрес,adresse
39229,addrest,устранение,no_equality
39230,addrest,рассмотрение,no_equality
39231,addrest,удовлетворение,no_equality
39232,addrest,выступление,discours
39233,addrest,выступление,allocution
39234,addrest,обращение,discours
39235,addrest,речь,discours
39236,addrest,рассмотреть,traiter
39237,addrest,рассмотреть,aborder
39238,addrest,рассмотреть,répondre
39239,addrest,рассмотреть,régler
39240,addrest,рассмотреть,s'attaquer
39241,addrest,рассмотреть,examiner
39242,addrest,решить,traiter
39243,addrest,решить,aborder
39244,addrest,решить,régler
39245,addrest,решить,résoudre
39246,addrest,решить,examiner
39247,addrest,решить,relever
39248,addrest,решать,traiter
39249,addrest,решать,aborder
39250,addrest,решать,régler
39251,addrest,решать,résoudre
39252,addrest,решать,examiner
39253,addrest,решать,relever
39254,addrest,устранить,traiter
39255,addrest,устранить,régler
39256,addrest,устранить,résoudre
39257,addrest,устранить,remédier à
39258,addrest,рассматривать,traiter
39259,addrest,рассматривать,aborder
39260,addrest,рассматривать,régler
39261,addrest,рассматривать,examiner
39262,addrest,заниматься,traiter
39263,addrest,заниматься,aborder
39264,addrest,заниматься,examiner
39265,addrest,заниматься,s'occuper
39266,addrest,рассматриваться,traiter
39267,addrest,рассматриваться,aborder
39268,addrest,рассматриваться,examiner
39269,addrest,касаться,aborder
39270,addrest,заняться,traiter
39271,addrest,заняться,aborder
39272,addrest,заняться,régler
39273,addrest,заняться,résoudre
39274,addrest,заняться,examiner
39275,addrest,заняться,s'occuper
39276,addrest,устранять,régler
39277,addrest,устранять,résoudre
39278,addrest,обращаться,traiter
39279,addrest,обращаться,s'adresser
39280,addrest,направить,adresser
39281,addrest,проанализировать,examiner
39282,addrest,направлять,no_equality
39283,addrest,выступать перед,no_equality
39284,addrest,адресовать,adresser
39285,addrest,адресный,no_equality
39286,fries,картошку фри,frite
39287,fries,картошка,frite
39288,fries,картошка,chips
39289,fries,картошки,frite
39290,fries,картошкой,frite
39291,fries,фрайс,fries
39292,fries,картофель фри,frite
39293,fries,картошку-фри,frite
39294,fries,чипсы,frite
39295,fries,чипсы,chips
39296,fries,картошки-фри,frite
39297,fries,картошке,frite
39298,fries,чипсов,frite
39299,fries,фрайса,fries
39300,fries,фрис,no_equality
39301,fries,картофель-фри,frite
39302,Britannic,британского,britannique
39303,Britannic,британским,britannique
39304,terns,крачек,no_equality
39305,bodied,тело,corps
39306,retrieving,поиск,retrouver
39307,retrieving,поиск,rechercher
39308,retrieving,извлечение,récupération
39309,retrieving,извлечение,extraire
39310,retrieving,извлечение,extraction
39311,retrieving,получении,no_equality
39312,retrieving,возвращении,récupérer
39313,retrieving,возвращении,recouvrement
39314,retrieving,восстановление,récupération
39315,retrieving,восстановление,restitution
39316,retrieving,выборки,no_equality
39317,partings,расставаний,no_equality
39318,Highlandss,нагорье,highlands
39319,Highlandss,горных районах,hauts plateaux
39320,Highlandss,горных районах,régions montagneuses
39321,Highlandss,высокогорных районах,hauts plateaux
39322,Highlandss,высокогорных районах,régions montagneuses
39323,Highlandss,нагорья,no_equality
39324,Highlandss,горных районов,hauts plateaux
39325,Highlandss,горных районов,montagne
39326,Highlandss,горных районов,régions montagneuses
39327,Highlandss,высокогорье,highlands
39328,Highlandss,горной местности,régions montagneuses
39329,Highlandss,горах,no_equality
39330,Highlandss,возвышенности,no_equality
39331,Highlandss,плоскогорье,no_equality
39332,Highlandss,высокогорья,montagne
39333,Highlandss,плоскогорья,no_equality
39334,Highlandss,возвышенностей,hauts plateaux
39335,Highlandss,возвышенностей,montagne
39336,Highlandss,высокогорных районов,no_equality
39337,Highlandss,шотландии,no_equality
39338,marbles,шарики,bille
39339,marbles,шарики,boule
39340,marbles,мрамора,marbre
39341,marbles,скульптур парфенона,no_equality
39342,marbles,стеклянных шариков,bille
39343,marbles,мрамор,marbre
39344,marbles,мраморные скульптуры,no_equality
39345,marbles,шарикам,no_equality
39346,marbles,шарик,bille
39347,marbles,марблс,no_equality
39348,marbles,франков,no_equality
39349,marbles,крыша поехала,no_equality
39350,marbles,мраморных скульптур,no_equality
39351,marbles,рассудок,tête
39352,marbles,фрагментов парфенона,no_equality
39353,marbles,рехнулся,no_equality
39354,snowmen,снеговиков,bonhommes de neige
39355,snowmen,снеговики,bonhommes de neige
39356,snowmen,снеговика,no_equality
39357,snowmen,снеговиках,no_equality
39358,varicosity,варикозная болезнь,no_equality
39359,persuades,убеждает,persuade
39360,persuades,убеждает,convainc
39361,mid-fiftiess,середина,milieu
39362,confidant,наперсник,confident
39363,confidant,доверенное лицо,confident
39364,confidant,приближенный,no_equality
39365,confidant,доверенный человек,no_equality
39366,confidant,наперсница,confident
39367,confidant,доверенный,no_equality
39368,handsets,телефонов,appareil
39369,handsets,трубок,no_equality
39370,handsets,трубки,no_equality
39371,handsets,телефонные аппараты,téléphone
39372,handsets,аппаратов,appareil
39373,handsets,телефонах,téléphone
39374,Stockholms,стокгольм,no_equality
39375,Stockholms,стокгольмский,no_equality
39376,Stockholms,стокгольмской,no_equality
39377,Stockholms,стокгольме,no_equality
39378,Stockholms,стокгольмская,no_equality
39379,Stockholms,стокгольмского,no_equality
39380,Stockholms,стокгольма,no_equality
39381,Stockholms,стокгольмскую,no_equality
39382,Stockholms,стокгольмским,no_equality
39383,Stockholms,стокгольмском,no_equality
39384,Stockholms,стокгольмскому,no_equality
39385,Stockholms,стокгольмом,no_equality
39386,Stockholms,stockholm,no_equality
39387,treatises,трактатов,no_equality
39388,treatises,трактатах,no_equality
39389,treatises,трактаты,no_equality
39390,treatises,научных трудов,no_equality
39391,skillfully,умело,habilement
39392,skillfully,мастерски,habilement
39393,skillfully,искусно,habilement
39394,skillfully,искусно,savamment
39395,Germanic,германский,germanique
39396,Germanic,германский,allemand
39397,Germanic,немецкая,allemand
39398,Germanic,германская,no_equality
39399,Germanic,германской ветви,allemand
39400,Germanic,германцами,no_equality
39401,choreographers,хореографов,no_equality
39402,choreographers,хореографами,no_equality
39403,choreographers,хореографы,no_equality
39404,marching,маршируют,no_equality
39405,marching,марширующий,no_equality
39406,marching,маршировать,no_equality
39407,marching,шагаем,no_equality
39408,marching,марширующих,no_equality
39409,marching,идут,marche
39410,marching,маршируя,no_equality
39411,marching,марширует,no_equality
39412,marching,марширующие,no_equality
39413,marching,марширую,no_equality
39414,marching,оркестра,no_equality
39415,speculates,он спекулирует,spécule
39416,massive,массовый,massif
39417,massive,массовый,masse
39418,massive,огромный,énorme
39419,massive,огромный,grand
39420,massive,огромный,gros
39421,massive,огромный,important
39422,massive,огромный,immense
39423,massive,огромный,vaste
39424,massive,огромный,considérable
39425,massive,огромный,gigantesque
39426,massive,массивный,massif
39427,massive,крупный,grand
39428,massive,крупный,gros
39429,massive,крупный,important
39430,massive,крупный,vaste
39431,massive,большой,énorme
39432,massive,большой,grand
39433,massive,большой,gros
39434,massive,большой,important
39435,massive,большой,vaste
39436,massive,большой,considérable
39437,massive,широкомасштабные,vaste
39438,massive,широкомасштабные,généralisée
39439,massive,массированное,massif
39440,massive,огромную,énorme
39441,massive,огромную,grand
39442,massive,огромную,gros
39443,massive,огромную,immense
39444,massive,огромную,vaste
39445,massive,огромную,considérable
39446,massive,огромную,gigantesque
39447,massive,широкомасштабной,énorme
39448,massive,широкомасштабной,vaste
39449,massive,широкомасштабной,généralisée
39450,massive,массированные,massif
39451,massive,масштабные,vaste
39452,massive,масштабных,grand
39453,massive,широкомасштабных,vaste
39454,massive,мэссив,no_equality
39455,symbolizer,символизирует,no_equality
39456,symbolizer,является символом,no_equality
39457,symbolizer,олицетворяет собой,no_equality
39458,scrubbers,скрубберы,épurateur
39459,scrubbers,скрубберов,épurateur
39460,scrubbers,скрубберами,no_equality
39461,scrubbers,скрубберах,no_equality
39462,scrubbers,газоочистителей,no_equality
39463,scrubbers,скруберы,no_equality
39464,scrubbers,газоочистители,no_equality
39465,scrubbers,газоочистных,no_equality
39466,scrubbers,нейтрализаторов,no_equality
39467,scrubbers,ддг-скрубберами,no_equality
39468,excitation,возбуждение,excitation
39469,excitation,возбуждение,excité
39470,excitation,накачка,no_equality
39471,excitation,намагничивание,no_equality
39472,excitation,возбуждающий,no_equality
39473,clinking,звучание,no_equality
39474,clinking,звенят,no_equality
39475,immovable,недвижимый,no_equality
39476,immovable,недвижимости,immeuble
39477,immovable,недвижимость,immeuble
39478,immovable,неподвижный,immobile
39479,immovable,неподвижный,fixe
39480,immovable,недвижимых объектов,no_equality
39481,uncoupling,отцепление,no_equality
39482,ampoules,ампул,ampoule
39483,ampoules,ампулы,ampoule
39484,colliding,столкновения,collision
39485,colliding,сталкивающихся,no_equality
39486,colliding,встречных,no_equality
39487,colliding,сталкивая,no_equality
39488,colliding,столкновение,collision
39489,colliding,столкнуться,se heurter
39490,colliding,сталкивающимися,no_equality
39491,disproving,опровергая,no_equality
39492,disproving,опровержение,réfuter
39493,disproving,опровержение,réfutation
39494,cilantros,кинза,no_equality
39495,cilantros,кориандр,no_equality
39496,cilantros,кинзой,no_equality
39497,cilantros,от кинзы,no_equality
39498,cilantros,кориандра,no_equality
39499,fleetly,быстро,rapidement
39500,fleetly,быстро,rapide
39501,mesmerized,загипнотизирована,no_equality
39502,mesmerized,загипнотизировали,no_equality
39503,mesmerized,словно под гипнозом,no_equality
39504,mesmerized,очарована,no_equality
39505,mesmerized,зачарован,envoûté
39506,mesmerized,зачарованы,no_equality
39507,realigning,перестройка,no_equality
39508,realigning,выравнивание,no_equality
39509,molehills,мухи слона,taupinière
39510,guns,оружие,arme
39511,guns,пушки,arme
39512,guns,пушки,canon
39513,guns,пушки,pistolet
39514,guns,пушки,flingue
39515,guns,пушки,artillerie
39516,guns,оружия,arme
39517,guns,оружия,fusil
39518,guns,оружия,pistolet
39519,guns,оружия,flingue
39520,guns,оружия,feu
39521,guns,оружием,no_equality
39522,guns,пистолеты,arme
39523,guns,пистолеты,pistolet
39524,guns,пушек,arme
39525,guns,пушек,canon
39526,guns,пушек,fusil
39527,guns,пушек,flingue
39528,guns,ружья,arme
39529,guns,ружья,fusil
39530,guns,ружья,pistolet
39531,guns,ружья,flingue
39532,guns,пушками,canon
39533,guns,пушками,flingue
39534,guns,пистолетов,arme
39535,guns,пистолетов,pistolet
39536,guns,пистолетов,flingue
39537,guns,стволы,arme
39538,guns,орудия,arme
39539,guns,орудия,canon
39540,guns,орудия,artillerie
39541,guns,орудий,canon
39542,guns,орудий,artillerie
39543,guns,оружии,arme
39544,guns,оружии,pistolet
39545,guns,оружии,flingue
39546,guns,пистолетами,pistolet
39547,guns,пистолетами,flingue
39548,guns,ружей,fusil
39549,guns,ружей,flingue
39550,decided,решенный,no_equality
39551,decided,решивший,no_equality
39552,decided,решительный,déterminé
39553,decided,решительный,résolue
39554,decided,решительно,no_equality
39555,vitalization,активизация деятельности,no_equality
39556,enjoin,запрещать,interdire
39557,enjoin,обязать,no_equality
39558,enjoin,предписать,no_equality
39559,enjoin,велеть,no_equality
39560,enjoin,предписывать,imposer
39561,enjoin,приказывать,no_equality
39562,enjoin,поручаем,no_equality
39563,enjoin,рекомендуем,no_equality
39564,diplomatic,дипломатический,diplomatique
39565,diplomatic,дипломатический,diplomate
39566,diplomatic,дипломатический,diplomatie
39567,diplomatic,дипломатичный,no_equality
39568,diplomatic,дипломатов,diplomate
39569,diplomatic,дипломатии,no_equality
39570,diplomatic,дипломатично,diplomatiquement
39571,teamworks,"платформы ""коллективная работа""",no_equality
39572,follicular,фолликулярный,no_equality
39573,follicular,фолликулярной,no_equality
39574,follicular,фолликулярными,no_equality
39575,follicular,фолликулярных клеток,no_equality
39576,rebels,повстанцев,rebelle
39577,rebels,повстанцев,rébellion
39578,rebels,повстанцев,insurgé
39579,rebels,повстанцы,rébellion
39580,rebels,повстанцы,insurgé
39581,rebels,повстанцами,rébellion
39582,rebels,повстанцами,insurgé
39583,rebels,мятежников,rebelle
39584,rebels,мятежников,rébellion
39585,rebels,мятежников,insurgé
39586,rebels,мятежников,mutin
39587,rebels,мятежники,no_equality
39588,rebels,мятежниками,rebelle
39589,rebels,мятежниками,rébellion
39590,rebels,мятежниками,mutin
39591,rebels,повстанцам,no_equality
39592,rebels,мятежникам,rébellion
39593,rebels,мятежникам,insurgé
39594,rebels,бунтари,no_equality
39595,rebels,повстанцах,rebelle
39596,rebels,бунтовщиков,no_equality
39597,rebels,бунтовщики,no_equality
39598,rebels,боевиками,rebelle
39599,rebels,боевиков,insurgé
39600,rebels,боевики,no_equality
39601,maximum,максимальный,maximum
39602,maximum,максимальный,maximal
39603,maximum,высший,no_equality
39604,maximum,максимум,maximum
39605,maximum,максимум,maxi
39606,maximum,максимум,au mieux
39607,maximum,максимальное значение,no_equality
39608,maximum,максимальное количество,no_equality
39609,maximum,максимально,no_equality
39610,scandalously,возмутительно,no_equality
39611,scandalously,скандально,no_equality
39612,scandalously,позорно,no_equality
39613,scandalously,со скандалом,no_equality
39614,haven't,разве,no_equality
39615,haven't,у,no_equality
39616,haven't,не,ne
39617,haven't,нет,non
39618,haven't,нет,ne
39619,haven't,ведь,non
39620,haven't,неужели,no_equality
39621,haven't,да,non
39622,haven't,правда,no_equality
39623,haven't,ни,no_equality
39624,haven't,мало,no_equality
39625,haven't,уже,no_equality
39626,haven't,верно,non
39627,haven't,верно,n'est-ce pas
39628,haven't,же,no_equality
39629,haven't,недостаточно,no_equality
39630,haven't,плохо,no_equality
39631,decompresses,распаковывает,no_equality
39632,ashamedly,пристыженно,no_equality
39633,Canadian,канадский,canadien
39634,Canadian,канадец,canadien
39635,Canadian,канада,canadien
39636,Canadian,канады,canadien
39637,Canadian,канаде,canadien
39638,Canadian,канадой,no_equality
39639,fagged,устала,no_equality
39640,vicinities,окрестности,no_equality
39641,vicinities,окрестностях,environs
39642,vicinities,окрестностям,no_equality
39643,lacks,не хватает,n'a pas
39644,lacks,не хватает,manquent
39645,lacks,не хватает,n'ont pas
39646,lacks,отсутствует,manque
39647,lacks,отсутствует,n'a pas
39648,lacks,отсутствует,manquent
39649,lacks,отсутствует,absence
39650,lacks,отсутствует,n'ont pas
39651,lacks,не имеет,n'a pas
39652,lacks,не имеет,ne dispose pas
39653,lacks,не имеет,ne possède pas
39654,lacks,не имеет,n'ont pas
39655,lacks,не располагает,n'a pas
39656,lacks,не располагает,ne dispose pas
39657,lacks,не располагает,ne possède pas
39658,lacks,не располагает,manquait
39659,lacks,отсутствуют,manquent
39660,lacks,отсутствуют,absence
39661,lacks,отсутствуют,n'ont pas
39662,lacks,недостает,manque
39663,lacks,недостает,manquent
39664,lacks,недостает,manquait
39665,lacks,не обладает,n'a pas
39666,lacks,не обладает,ne dispose pas
39667,lacks,не обладает,ne possède pas
39668,lacks,недостаточно,no_equality
39669,lacks,испытывает нехватку,manque
39670,lacks,испытывает нехватку,absence
39671,lacks,лишена,no_equality
39672,lacks,лишен,no_equality
39673,lacks,испытывает недостаток,ne dispose pas
39674,lacks,лишено,no_equality
39675,lacks,нуждается,no_equality
39676,lacks,характеризуется отсутствием,no_equality
39677,serviceable,пригодный,utile
39678,serviceable,работоспособный,no_equality
39679,serviceable,услужливый,no_equality
39680,serviceable,удобный в обслуживании,pratique
39681,serviceable,полезный,utile
39682,relocations,переселения,réinstallation
39683,relocations,переселений,no_equality
39684,relocations,переселение,no_equality
39685,relocations,перемещения,délocalisation
39686,relocations,перемещений,no_equality
39687,relocations,переезд,réinstallation
39688,relocations,переезд,déménagement
39689,relocations,перемещениях,no_equality
39690,relocations,переезда,no_equality
39691,relocations,переездов,déménagement
39692,relocations,переселениям,no_equality
39693,relocations,переезды,no_equality
39694,relocations,переселениях,réinstallation
39695,relocations,передислокации,no_equality
39696,relocations,перемещениями,no_equality
39697,relocations,переселениями,no_equality
39698,killed,уничтоженный,no_equality
39699,killed,погибший,no_equality
39700,killed,убиенный,no_equality
39701,Bradleys,бредли,bradley
39702,expansible,расширяемый,no_equality
39703,grouped,сгруппированный,no_equality
39704,grouped,скомпонованный,no_equality
39705,grouped,групповой,no_equality
39706,formatting,форматирование,formatage
39707,formatting,формат,formatage
39708,formatting,формат,format
39709,boulevards,бульвары,no_equality
39710,boulevards,бульварах,no_equality
39711,boulevards,boulevards,no_equality
39712,boulevards,бульваров,no_equality
39713,ringer,звонарь,carillonneur
39714,ringer,точная копия,no_equality
39715,ringer,звонок,sonnerie
39716,ringer,Рингер,ringer
39717,ringer,вызывное устройство,no_equality
39718,misconstruing,неверное истолкование,no_equality
39719,satin,атлас,satin
39720,satin,сатин,no_equality
39721,satin,атласной,no_equality
39722,satin,атласных,no_equality
39723,satin,атласная,no_equality
39724,satin,атласные,no_equality
39725,satin,сатиновой,no_equality
39726,satin,атласными,no_equality
39727,satin,атласное,satin
39728,satin,сатиновые,no_equality
39729,satin,сатиновую,no_equality
39730,satin,атласную,no_equality
39731,germinal,зародышевый,no_equality
39732,germinal,Жерминаль,no_equality
39733,germinal,герминальный,no_equality
39734,labyrinths,лабиринты,labyrinthe
39735,labyrinths,лабиринтах,no_equality
39736,libations,возлияния,no_equality
39737,libations,выпивки,no_equality
39738,libations,напитки,no_equality
39739,mature,зрелый,mûr
39740,mature,зрелый,adulte
39741,mature,взрослый,mûr
39742,mature,взрослый,vieux
39743,mature,созреть,mûrir
39744,mature,взрослые,no_equality
39745,mature,зрелости,no_equality
39746,mature,взрослеть,mûrir
39747,mature,взрослеть,vieillir
39748,mature,зрелого возраста,no_equality
39749,mature,развитых,no_equality
39750,mature,созревания,no_equality
39751,mature,по взрослому,no_equality
39752,mature,становления,no_equality
39753,ambitious,амбициозный,ambitieux
39754,ambitious,амбициозный,ambition
39755,ambitious,масштабный,envergure
39756,ambitious,масштабный,vaste
39757,ambitious,грандиозный,ambitieux
39758,ambitious,смелый,audacieux
39759,ambitious,перспективный,ambitieux
39760,ambitious,честолюбивый,ambitieux
39761,ambitious,широкомасштабный,ambitieux
39762,ambitious,широкомасштабный,vaste
39763,ambitious,обширный,vaste
39764,ambitious,далеко идущие,ambitieux
39765,ambitious,далеко идущих,ambitieux
39766,ambitious,далеко идущих,audacieux
39767,ambitious,далеко идущих,vaste
39768,ambitious,далеко идущей,ambitieux
39769,ambitious,амбиции,no_equality
39770,ambitious,далеко идущую,ambitieux
39771,ambitious,высоких,ambitieux
39772,ambitious,претенциозный,no_equality
39773,furiousness,бешенство,no_equality
39774,evacuations,эвакуации,évacuation
39775,evacuations,эвакуации,évacuer
39776,evacuations,эвакуацию,évacuation
39777,evacuations,эвакуацию,évacuer
39778,evacuations,эвакуация,évacuation
39779,evacuations,эвакуация,évacuer
39780,evacuations,эвакуацией,no_equality
39781,evacuations,эвакуациями,no_equality
39782,evacuations,эвакуациях,no_equality
39783,antitheses,антитезы,no_equality
39784,suddenly,внезапно,soudain
39785,suddenly,внезапно,soudainement
39786,suddenly,внезапно,tout à coup
39787,suddenly,внезапно,subitement
39788,suddenly,внезапно,brusquement
39789,suddenly,внезапно,tout d'un coup
39790,suddenly,внезапно,brutalement
39791,suddenly,внезапно,d'un seul coup
39792,suddenly,внезапно,vite
39793,suddenly,внезапно,inopinément
39794,suddenly,вдруг,soudain
39795,suddenly,вдруг,soudainement
39796,suddenly,вдруг,tout à coup
39797,suddenly,вдруг,subitement
39798,suddenly,вдруг,brusquement
39799,suddenly,вдруг,tout d'un coup
39800,suddenly,вдруг,puis
39801,suddenly,вдруг,d'un seul coup
39802,suddenly,неожиданно,soudain
39803,suddenly,неожиданно,soudainement
39804,suddenly,неожиданно,tout à coup
39805,suddenly,неожиданно,subitement
39806,suddenly,неожиданно,brusquement
39807,suddenly,неожиданно,tout d'un coup
39808,suddenly,неожиданно,inopinément
39809,suddenly,резко,brusquement
39810,suddenly,резко,brutalement
39811,suddenly,теперь,puis
39812,suddenly,теперь,voilà
39813,suddenly,сразу,d'un seul coup
39814,suddenly,сразу,vite
39815,suddenly,вот,voilà
39816,suddenly,однажды,puis
39817,suddenly,почему-то,no_equality
39818,suddenly,в одночасье,no_equality
39819,suddenly,внезапного,no_equality
39820,suddenly,скоропостижно,no_equality
39821,suddenly,стал,no_equality
39822,suddenly,незапно,no_equality
39823,suddenly,оказывается,no_equality
39824,starts,начинается,commence
39825,starts,начинается,démarre
39826,starts,начинается,débute
39827,starts,начинается,début
39828,starts,начинается,commencent
39829,starts,начинается,commencera
39830,starts,начинает,démarre
39831,starts,начинает,débute
39832,starts,начинает,lance
39833,starts,начинает,entame
39834,starts,начинает,se met à
39835,starts,начинает,commencer
39836,starts,начнет,commencer
39837,starts,начнется,commence
39838,starts,начнется,débute
39839,starts,начнется,début
39840,starts,начнется,commencent
39841,starts,начнется,commencera
39842,starts,начала,début
39843,starts,начала,démarrage
39844,starts,начал,début
39845,starts,начинаются,commence
39846,starts,начинаются,démarre
39847,starts,начинаются,commencent
39848,starts,начинаются,commencer
39849,starts,начинают,commencer
39850,starts,началось,commencer
39851,starts,начало,début
39852,starts,начало,départ
39853,starts,начало,démarrage
39854,starts,начнутся,commence
39855,starts,начнутся,commencent
39856,starts,начнутся,commencera
39857,starts,началась,no_equality
39858,starts,стал,no_equality
39859,starts,начнут,commencera
39860,starts,пойдет,no_equality
39861,blow_out,задуть,no_equality
39862,blow_out,задувать,no_equality
39863,blow_out,разнести,no_equality
39864,blow_out,сдувать,no_equality
39865,blow_out,выдуть,no_equality
39866,blow_out,задуешь,no_equality
39867,blow_out,задую,no_equality
39868,blow_out,задуваешь,no_equality
39869,blow_out,вылетит,no_equality
39870,blow_out,лопнут,no_equality
39871,blow_out,задуйте,no_equality
39872,blow_out,взорваться,no_equality
39873,blow_out,задула,no_equality
39874,rusher,предприимчивый человек,no_equality
39875,rusher,атакующий игрок,no_equality
39876,nuisances,неудобств,no_equality
39877,obscurity,безвестность,no_equality
39878,obscurity,тьма,obscurité
39879,obscurity,тьма,ombre
39880,obscurity,тьма,ténèbre
39881,obscurity,неясность,no_equality
39882,obscurity,незаметность,no_equality
39883,obscurity,забвение,oubli
39884,obscurity,невыясненность,no_equality
39885,obscurity,маскировка,no_equality
39886,obscurity,сокрытие,no_equality
39887,helpless,беспомощный,sans défense
39888,helpless,беспомощный,impuissant
39889,helpless,беззащитный,sans défense
39890,helpless,беспомощность,no_equality
39891,helpless,бессильны,no_equality
39892,wirers,вайресс,no_equality
39893,delimited,делимитация,no_equality
39894,delimited,делимитирована,no_equality
39895,delimited,делимитированной,no_equality
39896,delimited,делимитированы,no_equality
39897,delimited,делимитированных,no_equality
39898,delimited,разграничены,no_equality
39899,delimited,делимитировать,no_equality
39900,delimited,разграниченной,no_equality
39901,delimited,делимитированная,no_equality
39902,delimited,ограниченном,no_equality
39903,delimited,очерченного,no_equality
39904,delimited,намеченной,no_equality
39905,blithe,жизнерадостный,no_equality
39906,blithe,весёлый,no_equality
39907,blithe,несерьёзный,no_equality
39908,blithe,блайт,blithe
39909,Tunisian,тунисский,tunisien
39910,Tunisian,туниса,tunisien
39911,Tunisian,туниса,tunisie
39912,Tunisian,тунисе,tunisien
39913,Tunisian,тунисе,tunisie
39914,Tunisian,тунисец,tunisien
39915,Tunisian,тунисом,tunisie
39916,submersion,погружение,immersion
39917,submersion,затопление,immersion
39918,submersion,затопление,submersion
39919,defeateds,поражение,no_equality
39920,defeateds,победил,a battu
39921,defeateds,победить,no_equality
39922,defeateds,побежден,no_equality
39923,defeateds,победили,no_equality
39924,defeateds,победила,a battu
39925,defeateds,побеждены,vaincu
39926,defeateds,повержен,vaincu
39927,defeateds,побежденным,no_equality
39928,defeateds,разбиты,vaincu
39929,defeateds,отклонено,rejeté
39930,defeateds,побежденных,vaincu
39931,defeateds,разгромили,no_equality
39932,defeateds,побежденные,vaincu
39933,defeateds,повержены,vaincu
39934,wash,мыть,laver
39935,wash,мыть,nettoyer
39936,wash,помыть,laver
39937,wash,помыть,nettoyer
39938,wash,помыть,rincer
39939,wash,вымыть,laver
39940,wash,вымыть,nettoyer
39941,wash,постирать,laver
39942,wash,постирать,nettoyer
39943,wash,стирать,laver
39944,wash,умыться,no_equality
39945,wash,помыться,se laver
39946,wash,мыться,se laver
39947,wash,отмыть,laver
39948,wash,отмыть,nettoyer
39949,wash,запить,no_equality
39950,wash,промыть,laver
39951,wash,промыть,rincer
39952,wash,умываться,se laver
39953,wash,умыть,no_equality
39954,wash,санитарии и гигиены,no_equality
39955,wash,уош,no_equality
39956,wash,промывка,lavage
39957,wash,промывка,rinçage
39958,wash,выстирать,laver
39959,wash,омывать,no_equality
39960,wash,отмывать,laver
39961,wash,отмывать,nettoyer
39962,wash,промывать,laver
39963,wash,умывать,laver
39964,wash,перестирать,no_equality
39965,wash,стирать белье,laver
39966,tankards,кружки,chope
39967,racial,расовый,racial
39968,racial,расовый,raciste
39969,racial,расовый,race
39970,inheriting,наследование,héritage
39971,inheriting,наследование,hériter
39972,inheriting,наследовать,no_equality
39973,inheriting,наследство,héritage
39974,inheriting,наследство,hériter
39975,inheriting,наследство,héritent
39976,inheriting,унаследовал,a hérité
39977,inheriting,унаследовать,no_equality
39978,inheriting,унаследовав,no_equality
39979,inheriting,наследует,no_equality
39980,inheriting,унаследовали,héritent
39981,inheriting,унаследовали,hérite de
39982,inheriting,унаследовали,héritez
39983,inheriting,унаследовала,a hérité
39984,inheriting,унаследует,hérite de
39985,inheriting,унаследую,hérite de
39986,inheriting,наследуешь,no_equality
39987,fury,ярость,fureur
39988,fury,ярость,furie
39989,fury,ярость,colère
39990,fury,ярость,rage
39991,fury,ярость,furieux
39992,fury,фурия,fureur
39993,fury,фурия,furie
39994,fury,гнев,fureur
39995,fury,гнев,furie
39996,fury,гнев,colère
39997,fury,гнев,rage
39998,fury,гнев,courroux
39999,fury,фьюри,furie
40000,fury,фурию,no_equality
40001,fury,бешенство,rage
40002,fury,неистовство,fureur
40003,fury,неистовство,déchaînement
40004,fury,ьюри,no_equality
40005,fury,неистового,no_equality
40006,fury,неистовый,no_equality
40007,emitted,выбросов,no_equality
40008,emitted,выбросы,émission
40009,emitted,излучаемый,no_equality
40010,emitted,излучаемого,no_equality
40011,emitted,выбрасываемых,émission
40012,emitted,выбрасывается,rejeté
40013,emitted,выбрасываются,no_equality
40014,emitted,выбросах,émission
40015,emitted,излучается,no_equality
40016,emitted,выброса,émission
40017,emitted,выброшенного,no_equality
40018,emitted,выбрасываемой,no_equality
40019,emitted,выделяемого,no_equality
40020,emitted,производимого,produit
40021,emitted,выбрасываемые,no_equality
40022,humiliated,униженный,humilié
40023,humiliated,унижение,no_equality
40024,humiliated,унизил,no_equality
40025,humiliated,унизили,no_equality
40026,humiliated,унизила,no_equality
40027,humiliated,унижали,no_equality
40028,humiliated,унижена,humilié
40029,humiliated,унижал,humilié
40030,humiliated,унижал,humiliait
40031,humiliated,стыдно,no_equality
40032,humiliated,унизить,no_equality
40033,humiliated,унизительно,humilié
40034,humiliated,унизительно,humiliation
40035,humiliated,унизительно,humiliant
40036,humiliated,унижает,no_equality
40037,humiliated,оскорбил,no_equality
40038,humiliated,унижать,no_equality
40039,humiliated,оскорблена,humilié
40040,inexpedience,неопытность,no_equality
40041,inexpedience,отсутствие опыта,no_equality
40042,inexpedience,отсутствия опыта,no_equality
40043,inexpedience,отсутствием опыта,no_equality
40044,disassociation,диссоциация,dissociation
40045,disassociation,отмежевание,no_equality
40046,disassociation,разъединение,no_equality
40047,disassociation,отмежевания,no_equality
40048,disassociation,дистанцирования,no_equality
40049,disassociation,невмешательства,no_equality
40050,disassociation,дистанцирование,no_equality
40051,Internationales,международных,international
40052,Internationales,международных,internationale
40053,mosses,во мхах,no_equality
40054,mosses,мхов,mousse
40055,mosses,мхи,no_equality
40056,mosses,мха,mousse
40057,arranging,организация,organisation
40058,arranging,проведение,organisation
40059,arranging,налаживание,no_equality
40060,arranging,компоновка,no_equality
40061,arranging,организовать,no_equality
40062,arranging,организует,organise
40063,arranging,размещения,placement
40064,arranging,организуя,no_equality
40065,arranging,организовав,no_equality
40066,arranging,организовывать,no_equality
40067,elevators,лифты,ascenseur
40068,elevators,лифтов,ascenseur
40069,elevators,лифтах,ascenseur
40070,elevators,лифта,ascenseur
40071,elevators,лифта,monte-charge
40072,elevators,лифте,ascenseur
40073,elevators,лифтами,no_equality
40074,elevators,лифт,ascenseur
40075,elevators,лифт,monte-charge
40076,elevators,лифтам,ascenseur
40077,elevators,лифтом,ascenseur
40078,elevators,элеваторы,no_equality
40079,elevators,подъемники,no_equality
40080,elevators,подъемных устройств,no_equality
40081,elevators,элеваторов,no_equality
40082,clangors,частоты,no_equality
40083,arterial,артериальный,artériel
40084,arterial,артерий,artériel
40085,arterial,артериальные,no_equality
40086,arterial,артериальным,no_equality
40087,arterial,задета артерия,artériel
40088,arterial,задета артерия,artère
40089,arterial,артериальную,no_equality
40090,arterial,артериальном,no_equality
40091,arterial,магистральные,no_equality
40092,arterial,закупорки,no_equality
40093,conflicts,конфликтов,no_equality
40094,conflicts,конфликты,conflit
40095,conflicts,конфликты,différend
40096,conflicts,конфликтах,conflit
40097,conflicts,конфликтах,différend
40098,conflicts,конфликтами,conflit
40099,conflicts,конфликтами,guerre
40100,conflicts,конфликтам,conflit
40101,conflicts,конфликтам,lutte
40102,conflicts,коллизии,conflit
40103,conflicts,конфликта,conflit
40104,conflicts,конфликта,différend
40105,conflicts,конфликта,lutte
40106,conflicts,конфликта,guerre
40107,conflicts,конфликта,combat
40108,conflicts,конфликте,conflit
40109,conflicts,конфликте,différend
40110,conflicts,конфликт,conflit
40111,conflicts,конфликт,différend
40112,conflicts,конфликт,contradiction
40113,conflicts,конфликт,guerre
40114,conflicts,споров,conflit
40115,conflicts,споров,différend
40116,conflicts,споров,litige
40117,conflicts,противоречит,no_equality
40118,conflicts,противоречий,différend
40119,conflicts,противоречий,contradiction
40120,conflicts,конфликтных ситуаций,conflit
40121,conflicts,противоречия,contradiction
40122,conflicts,распри,différend
40123,musicals,мюзиклы,comédies musicales
40124,musicals,мюзиклов,comédies musicales
40125,musicals,мюзиклов,comédie musicale
40126,musicals,мюзиклах,no_equality
40127,pins,булавки,broche
40128,pins,булавки,épingle
40129,pins,булавок,broche
40130,pins,булавок,épingle
40131,pins,кегли,quille
40132,pins,значки,pin
40133,pins,булавками,épingle
40134,pins,штифтов,no_equality
40135,pins,значков,no_equality
40136,pins,штыри,no_equality
40137,pins,штифты,broche
40138,pins,pins,no_equality
40139,pins,шпильки,no_equality
40140,pins,заколки,no_equality
40141,pins,пин,no_equality
40142,secreting,укрытие,no_equality
40143,secreting,вырабатывает,sécrète
40144,creatures,мобы,no_equality
40145,lordly,барский,no_equality
40146,lordly,величественный,majestueux
40147,boric,борной,borique
40148,boric,борная,no_equality
40149,suppliers,поставщики компании,fournisseur
40150,suppliers,поставщики компании,prestataire
40151,suppliers,поставщики компании,entreprise
40152,Freudians,фрейдистов,no_equality
40153,court,суд,cour
40154,court,суд,tribunal
40155,court,суд,justice
40156,court,суд,juridiction
40157,court,суд,juge
40158,court,суд,procès
40159,court,суд,audience
40160,court,суд,instance
40161,court,суд,jugement
40162,court,суд,cour de justice
40163,court,двор,cour
40164,court,палата,cour
40165,court,судья,tribunal
40166,court,судья,juge
40167,court,корт,terrain
40168,court,судьи,cour
40169,court,судьи,tribunal
40170,court,судьи,juge
40171,court,придворный,no_equality
40172,court,судебный,judiciaire
40173,court,ухаживать,courtiser
40174,court,судебных,justice
40175,court,судебных,juridiction
40176,court,судебных,audience
40177,court,судебных,instance
40178,court,судебного,judiciaire
40179,court,судебной,judiciaire
40180,court,судебные,judiciaire
40181,court,инстанции,no_equality
40182,court,судебном,cour
40183,court,судебном,juridiction
40184,court,судебном,audience
40185,court,судебном,instance
40186,court,делам,tribunal
40187,court,делам,procès
40188,court,судами,cour
40189,court,судами,tribunal
40190,court,судами,justice
40191,court,судами,juridiction
40192,court,судилище,no_equality
40193,Russia,россия,russie
40194,Russia,россия,russe
40195,Russia,российская сторона,russie
40196,Russia,русь,russie
40197,Russia,россии,russie
40198,Russia,россии,russe
40199,Russia,россии,poutine
40200,Russia,россией,russie
40201,Russia,россией,russe
40202,Russia,россию,russie
40203,Russia,руси,no_equality
40204,Russia,российской федерации,russe
40205,Russia,рф,no_equality
40206,Russia,российском,no_equality
40207,Russia,russia,no_equality
40208,Russia,русских,russie
40209,Russia,русских,russe
40210,Russia,русской,russe
40211,Russia,русью,no_equality
40212,Russia,русские,russie
40213,Russia,русские,russe
40214,nominator,номинатор,no_equality
40215,nominator,номинант,no_equality
40216,rutted,купались мы,roulions
40217,flavor,вкус,saveur
40218,flavor,вкус,goût
40219,flavor,вкус,parfum
40220,flavor,аромат,saveur
40221,flavor,аромат,goût
40222,flavor,аромат,arôme
40223,flavor,аромат,parfum
40224,flavor,аромат,odeur
40225,flavor,за сорт,no_equality
40226,consensus,консенсус,consensus
40227,consensus,консенсус,accord
40228,consensus,консенсус,unanimité
40229,consensus,согласие,consensus
40230,consensus,согласие,accord
40231,consensus,согласие,consentement
40232,consensus,единодушие,consensus
40233,consensus,единодушие,unanimité
40234,consensus,единодушие,unanime
40235,consensus,общее согласие,accorde
40236,consensus,консенсусный,consensus
40237,consensus,единое мнение,consensus
40238,consensus,единому мнению,consensus
40239,consensus,единодушное мнение,consensus
40240,consensus,единство мнений,no_equality
40241,consensus,соглашение,accord
40242,consensus,согласованное мнение,no_equality
40243,consensus,согласованность,no_equality
40244,consensus,всеобщее согласие,no_equality
40245,consensus,согласованного,no_equality
40246,consensus,единства мнений,no_equality
40247,overlooks,с видом на,surplombant
40248,overlooks,выходит на,donne sur
40249,overlooks,игнорируется,ne tient pas compte
40250,overlooks,игнорируется,méconnaît
40251,overlooks,игнорируется,fait abstraction
40252,overlooks,игнорируются,néglige
40253,overlooks,игнорируются,ignore
40254,overlooks,игнорируются,méconnaît
40255,overlooks,игнорирует,néglige
40256,overlooks,игнорирует,ignore
40257,overlooks,игнорирует,ne tient pas compte
40258,overlooks,игнорирует,méconnaît
40259,overlooks,выходят,no_equality
40260,overlooks,упускается из виду,no_equality
40261,overlooks,упускает из виду,no_equality
40262,overlooks,возвышается над,no_equality
40263,overlooks,расположен,no_equality
40264,overlooks,из него открывается вид на,no_equality
40265,overlooks,обходит вниманием,no_equality
40266,overlooks,оставляет без внимания,no_equality
40267,overlooks,не учитывает,ne tient pas compte
40268,overlooks,не учитывает,fait fi
40269,overlooks,не учитывается,ne tient pas compte
40270,dance,танцевать,danser
40271,dance,потанцевать,no_equality
40272,dance,станцевать,danser
40273,dance,плясать,danser
40274,dance,танец,danse
40275,dance,танец,dance
40276,dance,танец,bal
40277,dance,танец,chorégraphie
40278,dance,танцы,danse
40279,dance,танцы,dance
40280,dance,танцы,bal
40281,dance,танцы,soirée
40282,dance,танцы,soirée dansante
40283,dance,танцы,dancer
40284,dance,бал,no_equality
40285,dance,танцевальный,no_equality
40286,dance,dance,no_equality
40287,dance,пригласить,no_equality
40288,dance,сплясать,danser
40289,dance,поплясать,danser
40290,dance,исполнять,no_equality
40291,dance,пляс,no_equality
40292,dance,пляски,danse
40293,dance,дискотеку,bal
40294,Baches,пляжи,no_equality
40295,Baches,пляжей,no_equality
40296,Baches,пляжах,no_equality
40297,Baches,пляжами,no_equality
40298,Baches,пляжам,no_equality
40299,Baches,пляжа,no_equality
40300,Baches,пляж,no_equality
40301,Baches,"""на пляже""",no_equality
40302,Baches,побережье,no_equality
40303,Baches,берегах,no_equality
40304,Baches,берега,no_equality
40305,vegetation,растительность,végétation
40306,vegetation,растений,végétation
40307,vegetation,растений,flore
40308,vegetation,растений,végétaux
40309,vegetation,растений,végétale
40310,vegetation,растений,plante
40311,vegetation,растительного покрова,végétation
40312,vegetation,растительного покрова,couvert végétal
40313,vegetation,растительный покров,no_equality
40314,vegetation,вегетация,no_equality
40315,vegetation,прозябание,no_equality
40316,vegetation,растения,végétaux
40317,vegetation,растения,plante
40318,vegetation,вегетационного,végétation
40319,vegetation,растительному покрову,no_equality
40320,vegetation,растительном покрове,végétation
40321,vegetation,растительным покровом,no_equality
40322,lost,потерянный,perdu
40323,lost,потерянный,égaré
40324,lost,заблудиться,no_equality
40325,lost,потерял,no_equality
40326,lost,потеряли,no_equality
40327,lost,потеряла,no_equality
40328,lost,проиграл,no_equality
40329,lost,проиграли,no_equality
40330,lost,погибли,no_equality
40331,lost,лишился,no_equality
40332,lost,потерялся,égaré
40333,lost,потеряно,no_equality
40334,lost,лишились,no_equality
40335,lost,потеря,no_equality
40336,lost,потери,no_equality
40337,lost,заблудился,paumé
40338,lost,заблудившийся,perdu
40339,lost,пропащий,no_equality
40340,isles,айлс,isles
40341,isles,айлз,isles
40342,isles,островов,île
40343,isles,острова,île
40344,isles,островах,no_equality
40345,dreadful,ужасный,terrible
40346,dreadful,ужасный,épouvantable
40347,dreadful,ужасный,affreux
40348,dreadful,ужасный,horrible
40349,dreadful,ужасный,effroyable
40350,dreadful,ужасный,atroce
40351,dreadful,ужасный,abominable
40352,dreadful,ужасно,terrible
40353,dreadful,ужасно,épouvantable
40354,dreadful,ужасно,affreux
40355,dreadful,ужасно,horrible
40356,dreadful,ужасно,terrifiant
40357,dreadful,кошмарный,terrible
40358,dreadful,кошмарный,horrible
40359,dreadful,страшное,no_equality
40360,dreadful,страшной,terrible
40361,dreadful,страшной,redoutable
40362,dreadful,страшной,effroyable
40363,dreadful,страшной,effrayant
40364,dreadful,страшной,sinistre
40365,pollination,опыление,pollinisation
40366,absorber,абсорбер,no_equality
40367,absorber,поглотитель,no_equality
40368,absorber,абсорбера,no_equality
40369,absorber,энергопоглощающее,no_equality
40370,absorber,аппарата,no_equality
40371,absorber,поглотителя,no_equality
40372,hallucinogen,галлюциноген,hallucinogène
40373,hallucinogen,галлюциногена,no_equality
40374,hallucinogen,галлюциногенным,no_equality
40375,firecrackers,петарды,pétard
40376,firecrackers,петарды,feux d'artifice
40377,firecrackers,фейерверки,pétard
40378,firecrackers,фейерверки,feux d'artifice
40379,firecrackers,петардами,no_equality
40380,firecrackers,фейерверков,pétard
40381,firecrackers,фейерверков,feux d'artifice
40382,firecrackers,петард,no_equality
40383,firecrackers,хлопушками,no_equality
40384,play,играть,jouer
40385,play,играть,faire
40386,play,играть,contribuer
40387,play,играть,participer
40388,play,играть,amuser
40389,play,играть,assumer
40390,play,воспроизводить,no_equality
40391,play,проигрывать,jouer
40392,play,отыграть,no_equality
40393,play,слушать,écouter
40394,play,заиграть,no_equality
40395,play,разыграться,no_equality
40396,play,спектакль,pièce
40397,play,воспроизведение,lecture
40398,play,игра,jeu
40399,play,игра,pièce
40400,play,игра,partie
40401,play,игровой,ludique
40402,accessibility,доступность,no_equality
40403,accessibility,общедоступность,accessibilité
40404,accessibility,специальные возможности,no_equality
40405,accessibility,обеспечение доступности,accessibilité
40406,accessibility,удобство,no_equality
40407,accessibility,транспортная доступность,accessibilité
40408,accessibility,транспортная доступность,accessible
40409,accessibility,транспортная доступность,disponibilité
40410,accessibility,достижимость,accessibilité
40411,accessibility,досягаемость,no_equality
40412,accessibility,обеспечение доступа,disponibilité
40413,accessibility,обеспечение доступа,accéder
40414,accessibility,удобство доступа,disponibilité
40415,accessibility,удобство доступа,accéder
40416,accessibility,усвояемость,no_equality
40417,mother,мать,mère
40418,mother,мать,maman
40419,mother,мать,parent
40420,mother,мамаша,mère
40421,mother,мамаша,maman
40422,mother,материнский,no_equality
40423,mother,родной,no_equality
40424,mother,мамин,no_equality
40425,uncritically,слепо,aveuglément
40426,uncritically,некритически,no_equality
40427,uncritically,некритического,no_equality
40428,likable,милый,sympa
40429,likable,милый,adorable
40430,likable,симпатичный,sympathique
40431,likable,симпатичный,sympa
40432,likable,привлекателен,no_equality
40433,likable,приятной,sympathique
40434,likable,приятной,aimable
40435,likable,приятной,agréable
40436,likable,приятным,sympathique
40437,likable,приятным,sympa
40438,likable,приятным,agréable
40439,likable,привлекательным,no_equality
40440,likable,приятнее,no_equality
40441,servile,подневольный,no_equality
40442,servile,рабский,servile
40443,servile,угодливый,no_equality
40444,servile,раболепный,no_equality
40445,servile,подневольных,no_equality
40446,servile,подневольные,no_equality
40447,servile,раболепствующий,no_equality
40448,proms,суп,no_equality
40449,proms,выпускные,no_equality
40450,proms,срп,no_equality
40451,proms,системе управления программами,no_equality
40452,proms,скп,no_equality
40453,proms,выпускных,bals de promo
40454,proms,proms,no_equality
40455,proms,системе управления стандартами,no_equality
40456,socked,затянуло,no_equality
40457,socked,врезал,ai frappé
40458,socked,врезал,a cogné
40459,socked,врезал,a frappé
40460,George,Джордж,george
40461,George,Джордж,jorge
40462,George,Георгий,no_equality
40463,George,Георгиевский,no_equality
40464,segregates,изолирует,isole
40465,minerals,полезных ископаемых,minéraux
40466,minerals,полезных ископаемых,minerai
40467,minerals,полезных ископаемых,ressources minérales
40468,minerals,полезных ископаемых,minière
40469,minerals,минералов,minéraux
40470,minerals,минералов,minerai
40471,minerals,минералов,ressources minérales
40472,minerals,минералы,minéraux
40473,minerals,минералы,minerai
40474,minerals,минерального сырья,minerai
40475,minerals,минерального сырья,ressources minérales
40476,minerals,полезные ископаемые,minéraux
40477,minerals,полезные ископаемые,minerai
40478,minerals,полезные ископаемые,ressources minérales
40479,minerals,полезные ископаемые,substances minérales
40480,minerals,полезные ископаемые,ressources minières
40481,minerals,минеральное сырье,minéraux
40482,minerals,минеральное сырье,minerai
40483,minerals,минеральных ресурсов,minéraux
40484,minerals,минеральных ресурсов,minerai
40485,minerals,минеральных ресурсов,ressources minérales
40486,minerals,минеральных ресурсов,minéral
40487,minerals,минеральных ресурсов,ressources minières
40488,minerals,минералами,minéraux
40489,minerals,минералами,minerai
40490,minerals,полезными ископаемыми,minerai
40491,minerals,минеральные ресурсы,minerai
40492,minerals,минеральные ресурсы,ressources minérales
40493,minerals,минеральные ресурсы,ressources minières
40494,minerals,минералам,minéraux
40495,minerals,минералз,minerals
40496,minerals,полезным ископаемым,minéraux
40497,minerals,полезным ископаемым,ressources minérales
40498,minerals,природных ресурсов,ressources minières
40499,minerals,горнодобывающей,no_equality
40500,basking,гигантских,no_equality
40501,basking,гигантские,no_equality
40502,basking,греется,no_equality
40503,basking,гигантская,no_equality
40504,basking,греюсь,no_equality
40505,basking,нежась,no_equality
40506,basking,гигантской,no_equality
40507,basking,купаются,no_equality
40508,basking,купается,no_equality
40509,basking,нежился,no_equality
40510,disconcertion,сбивает с толку,no_equality
40511,disconcertion,обескураживает,no_equality
40512,disconcertion,дезориентирует,no_equality
40513,disconcertion,тревожной,no_equality
40514,disconcertion,приводит в замешательство,no_equality
40515,disconcertion,вызывает разочарование,no_equality
40516,disconcertion,озабоченностью,no_equality
40517,disconcertion,обеспокоенность вызывает,no_equality
40518,disconcertion,удручает,no_equality
40519,disconcertion,тревожную,no_equality
40520,disconcertion,сожаление вызывает,no_equality
40521,disconcertion,вызывает беспокойство,no_equality
40522,disconcertion,обескураживают,no_equality
40523,disconcertion,сожалением,no_equality
40524,disconcertion,вызывает сожаление тот факт,no_equality
40525,spherical,сферический,sphérique
40526,spherical,сферические,no_equality
40527,spherical,сферическими,no_equality
40528,spherical,сферическая,no_equality
40529,spherical,шаровой,no_equality
40530,spherical,шаровых,no_equality
40531,spherical,сферическим,no_equality
40532,spherical,шарообразным,no_equality
40533,alleged,предполагаемых,prétendu
40534,alleged,предполагаемого,présumé
40535,alleged,предполагаемого,prétendu
40536,alleged,предполагаемого,allégué
40537,alleged,предполагаемого,supposé
40538,alleged,предполагаемые,présumé
40539,alleged,утверждается,no_equality
40540,alleged,предполагаемой,no_equality
40541,alleged,предполагаемым,présumé
40542,alleged,предполагаемым,prétendu
40543,alleged,утверждалось,no_equality
40544,alleged,предполагаемое,présumé
40545,alleged,предполагаемое,prétendu
40546,alleged,предполагаемое,allégué
40547,alleged,предполагаемыми,prétendu
40548,alleged,предполагаемый,présumé
40549,alleged,предполагаемый,supposé
40550,alleged,утверждает,no_equality
40551,alleged,утверждал,no_equality
40552,alleged,предполагаемая,no_equality
40553,alleged,предполагаемом,présumé
40554,alleged,предполагаемом,prétendu
40555,alleged,предполагаемом,allégué
40556,alleged,утверждениям,allégué
40557,leisurely,неторопливый,no_equality
40558,leisurely,не спеша,no_equality
40559,leisurely,неспешно,no_equality
40560,derivings,получение,obtention
40561,derivings,полученных,provenant
40562,derivings,получаемых,provenant
40563,derivings,получаемых,dérivé
40564,derivings,вытекающее,qui découle
40565,derivings,вытекает,no_equality
40566,derivings,проистекающие,qui découlent
40567,derivings,основанных,no_equality
40568,derivings,возникающих в связи,no_equality
40569,derivings,расчета,calcul
40570,derivings,извлечения,tirer
40571,derivings,связанными,no_equality
40572,captivity,плен,captivité
40573,captivity,пленение,captivité
40574,captivity,пленные,prisonnier
40575,captivity,заточение,no_equality
40576,captivity,пребывание в плену,prisonnier
40577,rutabagas,брюкву,no_equality
40578,commission,комиссия,commission
40579,commission,комиссия,conseil
40580,commission,комиссия,cdi
40581,commission,поручение,commission
40582,commission,совершение,commission
40583,commission,совершение,perpétration
40584,commission,комиссионные,commission
40585,commission,поручать,charger
40586,commission,заказать,commander
40587,commission,ввести в эксплуатацию,no_equality
40588,commission,уполномочить,autoriser
40589,commission,комиссионный,no_equality
40590,terminations,прекращенных мероприятий,produits éliminés
40591,terminations,отмененных мероприятий,produits éliminés
40592,terminations,отмененных мероприятий,produits supprimés
40593,terminations,увольнения,no_equality
40594,terminations,увольнений,cessation
40595,terminations,прерывание,interruption
40596,terminations,прекращение беременности,interruption
40597,terminations,прекращение беременности,cessation
40598,terminations,прекращение беременности,résiliation
40599,terminations,отмены мероприятий,no_equality
40600,terminations,случаев прекращения,cessation
40601,terminations,прерывания беременности,no_equality
40602,terminations,добровольного прерывания,no_equality
40603,terminations,прерыванием,interruption
40604,terminations,дпб,no_equality
40605,quarterly,ежеквартальный,trimestriel
40606,quarterly,квартальный,trimestriel
40607,quarterly,ежеквартально,trimestriellement
40608,quarterly,ежеквартально,tous les trois mois
40609,quarterly,ежеквартальное периодическое издание,no_equality
40610,quarterly,поквартально,no_equality
40611,quarterly,раз в квартал,no_equality
40612,quarterly,поквартальные,no_equality
40613,celebrities,знаменитостей,no_equality
40614,celebrities,знаменитости,célébrité
40615,celebrities,знаменитости,star
40616,celebrities,знаменитости,personnalité
40617,celebrities,знаменитостями,no_equality
40618,celebrities,звезды,star
40619,celebrities,звезды,vedette
40620,celebrities,звезд,star
40621,celebrities,звезд,vedette
40622,celebrities,знаменитостях,célébrité
40623,celebrities,знаменитостям,célébrité
40624,celebrities,знаменитых людей,célèbres
40625,celebrities,видными деятелями,personnalité
40626,celebrities,известных людей,célébrité
40627,celebrities,известных людей,personnalité
40628,celebrities,видные деятели,no_equality
40629,celebrities,знаменитость,célébrité
40630,celebrities,знаменитость,star
40631,celebrities,знаменитость,vedette
40632,Americas,америки,amérique
40633,Americas,северной и южной америке,amériques
40634,Americas,северной и южной америке,continent américain
40635,Americas,американском континенте,amériques
40636,Americas,американском континенте,continent américain
40637,Americas,стран американского континента,amériques
40638,Americas,американских государств,amériques
40639,Americas,американский континент,amériques
40640,Americas,американский континент,continent américain
40641,Americas,всеамериканской,amériques
40642,Americas,северную и южную америку,no_equality
40643,Americas,америк,amériques
40644,Americas,северная и южная америка,amériques
40645,Americas,американской,no_equality
40646,Americas,американских стран,no_equality
40647,Americas,панамериканской,no_equality
40648,Americas,америкас,no_equality
40649,Americas,americas,no_equality
40650,disappeared,исчез,a disparu
40651,disappeared,исчез,disparut
40652,disappeared,исчез,disparaître
40653,disappeared,исчез,disparaît
40654,disappeared,исчез,disparaissait
40655,disappeared,исчезли,a disparu
40656,disappeared,исчезли,disparition
40657,disappeared,исчезли,disparaître
40658,disappeared,исчезли,disparaissent
40659,disappeared,исчезли,disparurent
40660,disappeared,исчезла,a disparu
40661,disappeared,исчезла,disparut
40662,disappeared,исчезла,disparaître
40663,disappeared,исчезла,disparaît
40664,disappeared,исчезнувших,no_equality
40665,disappeared,исчезновения,a disparu
40666,disappeared,исчезновения,disparition
40667,disappeared,исчезновения,disparaître
40668,disappeared,исчезновения,ne disparaisse
40669,disappeared,пропал,a disparu
40670,disappeared,пропал,disparaître
40671,disappeared,пропал,disparaît
40672,disappeared,пропала,a disparu
40673,disappeared,пропала,disparaître
40674,disappeared,пропала,disparaît
40675,disappeared,исчезло,a disparu
40676,disappeared,исчезло,disparaître
40677,disappeared,исчезло,disparaît
40678,disappeared,исчезло,disparaissait
40679,disappeared,исчезло,envolé
40680,disappeared,пропавших без вести,disparition
40681,disappeared,пропавших без вести,disparu
40682,disappeared,исчезнувшего,disparu
40683,disappeared,исчезновение,disparition
40684,disappeared,исчезнуть,disparition
40685,disappeared,исчезнуть,disparaître
40686,disappeared,исчезали,disparaissent
40687,disappeared,исчезали,disparaissaient
40688,disappeared,исчезновением,disparition
40689,disappeared,исчезновением,disparaître
40690,disappeared,исчезновением,ne disparaisse
40691,disappeared,исчезнувшие,disparu
40692,wagging,виляет,no_equality
40693,wagging,виляя,no_equality
40694,wagging,грозить,no_equality
40695,wagging,вилял,no_equality
40696,wagging,виляешь,no_equality
40697,wagging,вилять,remuer
40698,wagging,покачивание,no_equality
40699,wagging,виляю,no_equality
40700,wagging,виляющий,no_equality
40701,serologist,невролог,no_equality
40702,serologist,невропатолог,no_equality
40703,serologist,к невропатологу,no_equality
40704,poster,плакат,affiche
40705,poster,плакат,poster
40706,poster,плакат,panneau
40707,poster,плакат,pancarte
40708,poster,постер,affiche
40709,poster,постер,poster
40710,poster,афиша,affiche
40711,poster,плакаты,affiche
40712,poster,объявление,affiche
40713,poster,объявление,avis
40714,poster,объявление,panneau
40715,poster,объявление,pancarte
40716,poster,объявление,pub
40717,poster,плакатный,no_equality
40718,auroral,авроральных,no_equality
40719,auroral,полярных сияний,no_equality
40720,auroral,авроральный,no_equality
40721,auroral,полярного сияния,no_equality
40722,auroral,сияющий,no_equality
40723,auroral,румяный,no_equality
40724,auroral,аврорального,no_equality
40725,auroral,авроральной зоне,no_equality
40726,landslides,оползни,glissements de terrain
40727,landslides,оползней,glissements de terrain
40728,landslides,оползней,éboulement
40729,landslides,оползней,glissement de terrain
40730,landslides,оползням,glissements de terrain
40731,landslides,оползнями,glissements de terrain
40732,landslides,оползнях,glissements de terrain
40733,landslides,селевые потоки,no_equality
40734,landslides,селями,no_equality
40735,landslides,селей,no_equality
40736,intermarry,вступать в брак,se marier
40737,intermarry,вступать в брак друг с другом,no_equality
40738,climate,климат,climat
40739,climate,климат,environnement
40740,climate,климат,climatique
40741,climate,климатический,no_equality
40742,anecdotes,анекдоты,no_equality
40743,anecdotes,историй,anecdote
40744,anecdotes,анекдотов,anecdote
40745,anecdotes,анекдотами,no_equality
40746,anecdotes,историями,no_equality
40747,anecdotes,забавные истории,anecdote
40748,anecdotes,анекдотах,no_equality
40749,thumbscrews,тиски,no_equality
40750,separators,сепараторы,no_equality
40751,separators,сепараторов,no_equality
40752,separators,разделителей,no_equality
40753,separators,разделители,séparateur
40754,separators,сепараторами,no_equality
40755,separators,сепараторах,séparateur
40756,separators,разделителями,no_equality
40757,separators,разделителя,séparateur
40758,separators,отделители,séparateur
40759,domiciled,проживающий,résidant
40760,confessing,исповедующийся,no_equality
40761,confessing,исповедующий,no_equality
40762,confessing,признающийся,no_equality
40763,confessing,признание,confession
40764,confessing,признание,aveu
40765,raveling,роспуск переплетения,no_equality
40766,raveling,разрушение дорожного покрытия,no_equality
40767,interment,погребение,inhumation
40768,interment,погребение,enterrement
40769,grossed,валовую основу путем,no_equality
40770,gainfully,оплачиваемым,no_equality
40771,gainfully,за вознаграждение,contre rémunération
40772,gainfully,найму,no_equality
40773,gainfully,экономически,no_equality
40774,gainfully,приносящей доход деятельностью,activité rémunérée
40775,gainfully,выгодой,no_equality
40776,gainfully,самодеятельного,no_equality
40777,gainfully,занимающихся приносящей доход,no_equality
40778,gainfully,имели доходного,no_equality
40779,gainfully,занимались приносящей доход трудовой деятельностью,no_equality
40780,gainfully,бизнес-школы,no_equality
40781,gainfully,выгодной,no_equality
40782,mounds,холмы,no_equality
40783,mounds,курганы,no_equality
40784,mounds,холмов,monticule
40785,mounds,курганов,no_equality
40786,mounds,"""могильный холм""",butte
40787,mounds,"""могильный холм""",tertre
40788,mounds,собой насыпи,remblai
40789,mounds,холмики,no_equality
40790,Yerevans,ереван,erevan
40791,Yerevans,ереван,yerevan
40792,Yerevans,ереване,no_equality
40793,Yerevans,еревана,erevan
40794,Yerevans,еревана,yerevan
40795,Yerevans,ереванского,erevan
40796,Yerevans,ереванский,no_equality
40797,Yerevans,армении,no_equality
40798,Yerevans,ереваном,no_equality
40799,Yerevans,ереванском,no_equality
40800,Yerevans,ереванской,no_equality
40801,whipper,виппер,whipper
40802,whipper,смеситель с билами,no_equality
40803,whipper,взбивалка,no_equality
40804,whipper,вал с билами,no_equality
40805,strata,порода,no_equality
40806,strata,круги,milieu
40807,demobilize,демобилизовать,démobiliser
40808,demobilize,демобилизовать,démobilisation
40809,demobilize,демобилизовать,démobilisé
40810,demobilize,демобилизации,no_equality
40811,demobilize,демобилизацию,no_equality
40812,demobilize,демобилизоваться,no_equality
40813,demobilize,демобилизовывать,no_equality
40814,demobilize,демобилизовались,no_equality
40815,demobilize,роспуску,no_equality
40816,helical,винтовой,no_equality
40817,helical,винтовые,no_equality
40818,helical,винтовая,no_equality
40819,helical,спиральных,no_equality
40820,helical,конических,no_equality
40821,helical,спиральным,no_equality
40822,helical,спиралевидной,no_equality
40823,restored,восстановление,no_equality
40824,restored,восстановить,no_equality
40825,restored,восстановлены,no_equality
40826,restored,восстановлена,restauré
40827,restored,восстановлена,rétabli
40828,restored,восстановлена,reconstitué
40829,restored,восстановлена,rétablissement
40830,restored,восстановлена,reconstruite
40831,restored,восстановлена,réparée
40832,restored,восстановлен,restauré
40833,restored,восстановлен,rétabli
40834,restored,восстановлен,restitué
40835,restored,восстановлен,reconstitué
40836,restored,восстановлен,rétablissement
40837,restored,восстановлено,restauré
40838,restored,восстановлено,rétabli
40839,restored,восстановлено,reconstruite
40840,restored,восстановил,rétablir
40841,restored,восстановила,rénové
40842,restored,восстановила,retrouvé
40843,restored,восстановила,reconstitué
40844,restored,вновь,no_equality
40845,restored,восстанавливается,no_equality
40846,restored,восстанавливаются,no_equality
40847,restored,восстановленных,no_equality
40848,restored,вернуть,no_equality
40849,restored,возвращены,restitué
40850,restored,возвращены,rendu
40851,restored,восстанавливать,no_equality
40852,barking,лай,aboiement
40853,barking,лай,aboyer
40854,barking,лай,qui aboie
40855,barking,лай,aboyait
40856,barking,лает,no_equality
40857,barking,лаять,no_equality
40858,barking,лаяла,aboyait
40859,barking,лаял,no_equality
40860,barking,лаешь,no_equality
40861,barking,лают,no_equality
40862,barking,лающая,no_equality
40863,barking,гавкает,no_equality
40864,barking,лающую,no_equality
40865,barking,лающие,no_equality
40866,barking,лающей,no_equality
40867,eviction,выселение,expulsion
40868,eviction,выселение,éviction
40869,eviction,изгнание,expulsion
40870,eviction,изгнание,éviction
40871,eviction,выдворение,expulsion
40872,fending,отбиваться,no_equality
40873,fending,отражение,no_equality
40874,fending,отбивалась,no_equality
40875,reefs,рифы,récif
40876,reefs,рифы,coraux
40877,reefs,рифам,récif
40878,reefs,рифами,no_equality
40879,reefs,рифах,no_equality
40880,reefs,рифов,récif
40881,vertically,вертикально,verticalement
40882,vertically,вертикально,vertical
40883,vertically,по вертикали,verticalement
40884,vertically,по вертикали,vertical
40885,vertically,вертикальной,no_equality
40886,vertically,вертикального,no_equality
40887,vertically,вертикальном направлении,verticalement
40888,vertically,вертикальную,no_equality
40889,vertically,вертикальных связей,verticale
40890,vertically,вертикальных связей,verticaux
40891,vertically,вертикальная,verticale
40892,vertically,вертикальная,vertical
40893,extrusive,широкий,no_equality
40894,extrusive,обширный,no_equality
40895,extrusive,большой,no_equality
40896,extrusive,значительный,no_equality
40897,extrusive,обстоятельный,no_equality
40898,extrusive,подробный,no_equality
40899,extrusive,масштабный,no_equality
40900,extrusive,богатый,no_equality
40901,extrusive,огромный,no_equality
40902,extrusive,широко,no_equality
40903,extrusive,активные,no_equality
40904,extrusive,широкомасштабные,no_equality
40905,extrusive,многочисленные,no_equality
40906,extrusive,активное,no_equality
40907,cartographical,картографических,cartographie
40908,cartographical,картографическое,no_equality
40909,Indonesians,индонезийцев,indonésien
40910,Indonesians,индонезийцы,indonésien
40911,Indonesians,индонезийцам,indonésien
40912,Indonesians,граждан индонезии,no_equality
40913,Indonesians,индонезийских граждан,no_equality
40914,Indonesians,индонезийцами,indonésien
40915,Elbes,эльфы,elfe
40916,Elbes,эльфы,lutin
40917,Elbes,эльфов,elfe
40918,Elbes,эльфами,elfe
40919,Elbes,эльфах,no_equality
40920,Elbes,эльфам,no_equality
40921,defenselessness,беззащитность,no_equality
40922,ventricles,желудочки,no_equality
40923,ventricles,желудочкам,no_equality
40924,ventricles,выстилке желудочков,no_equality
40925,characteristically,характерно,d'une manière caractéristique
40926,shaver,бритва,no_equality
40927,shaver,электробритва,rasoir électrique
40928,shaver,шейвер,no_equality
40929,hardihoods,твердой древесины,no_equality
40930,hardihoods,древесины лиственных пород,no_equality
40931,hardihoods,хардвудз,no_equality
40932,leaver,выпускник,no_equality
40933,leaver,убегающий трус,no_equality
40934,sluggishnesses,медлительность,lenteur
40935,sluggishnesses,инертность,no_equality
40936,sluggishnesses,вялость,langueur
40937,sluggishnesses,вялость,léthargie
40938,sluggishnesses,инерционность,no_equality
40939,sluggishnesses,косность,no_equality
40940,sluggishnesses,вялостью,no_equality
40941,sluggishnesses,вялости,atonie
40942,hoisted,подняли,hissé
40943,hoisted,поднят,soulevé
40944,hoisted,подорвался,no_equality
40945,hoisted,подвесили,no_equality
40946,unreality,нереальности,irréalité
40947,unreality,нереальность,no_equality
40948,risking,рисковать,risquer
40949,risking,рисковать,compromettre
40950,risking,рисковать,mettre en danger
40951,risking,рискую,risquer
40952,risking,рискую,risque
40953,risking,рискуешь,no_equality
40954,risking,рискует,risquer
40955,risking,рискует,risque
40956,risking,рискует,risquait
40957,risking,рискует,risquaient
40958,risking,рискуем,no_equality
40959,risking,риск,risquer
40960,risking,риск,risque
40961,risking,риск,risquent
40962,risking,риск,risquez
40963,risking,риск,risquerait
40964,risking,рискуете,risquer
40965,risking,рисковал,risque
40966,risking,рисковал,risquait
40967,risking,рисковал,risquais
40968,risking,рискуя,risquer
40969,risking,рискуя,au péril
40970,risking,рискуя,risquerait
40971,risking,рискуют,risquer
40972,risking,рискуют,risque
40973,risking,рискуют,risquent
40974,risking,рискуют,risquaient
40975,risking,рисковали,risquer
40976,risking,рисковали,risquez
40977,risking,рисковали,risquaient
40978,risking,риском для,no_equality
40979,risking,рискнуть,risquer
40980,risking,под угрозу,compromettre
40981,mutate,мутировать,muter
40982,mutate,видоизменяться,no_equality
40983,mutate,мутации,no_equality
40984,mutate,мутируешь,no_equality
40985,reliably,надёжно,no_equality
40986,reliably,достоверно,no_equality
40987,reliably,надежной,no_equality
40988,reliably,надежного,no_equality
40989,reliably,надежную,no_equality
40990,reliably,надежное,no_equality
40991,reliably,достоверное,no_equality
40992,reliably,надежным образом,no_equality
40993,reliably,надежный,no_equality
40994,susceptibilities,чувствам,no_equality
40995,redly,красновато,no_equality
40996,impacting,влияющий,no_equality
40997,impacting,влияние,conséquence
40998,impacting,удар,impact
40999,impacting,удар,choc
41000,impacting,столкновение,collision
41001,Siouans,лозунги,no_equality
41002,Siouans,лозунгов,no_equality
41003,Siouans,лозунгами,no_equality
41004,Siouans,слоганы,no_equality
41005,Siouans,лозунгам,no_equality
41006,Siouans,призывы,no_equality
41007,Siouans,лозунгах,no_equality
41008,Siouans,слоганами,no_equality
41009,Siouans,слоган,no_equality
41010,Siouans,девизы,no_equality
41011,Siouans,девизов,no_equality
41012,execrated,казнены,no_equality
41013,execrated,казнен,no_equality
41014,execrated,казнили,no_equality
41015,execrated,исполнение,no_equality
41016,execrated,казненных,no_equality
41017,execrated,осуществляется,no_equality
41018,execrated,казнят,no_equality
41019,execrated,казни,no_equality
41020,execrated,осуществляться,no_equality
41021,execrated,казнено,no_equality
41022,execrated,казнить,no_equality
41023,execrated,осуществляемых,no_equality
41024,execrated,осуществляются,no_equality
41025,execrated,исполняемых,no_equality
41026,execrated,казнил,no_equality
41027,execrated,казнённый,no_equality
41028,wingmen,напарниками,no_equality
41029,cowardly,трусливый,lâche
41030,cowardly,трусливый,peureux
41031,cowardly,трусливый,poltron
41032,cowardly,трусливый,couard
41033,cowardly,трусливый,froussard
41034,cowardly,подло,no_equality
41035,cowardly,подлое,lâche
41036,cowardly,трусость,no_equality
41037,cowardly,трусом,lâche
41038,cowardly,подлым,no_equality
41039,cowardly,малодушным,no_equality
41040,cowardly,подлые,no_equality
41041,self-determinations,самоопределение,no_equality
41042,ambitions,амбиции,ambition
41043,ambitions,амбициями,ambition
41044,ambitions,амбициями,ambitieux
41045,ambitions,устремления,aspiration
41046,ambitions,амбициям,ambition
41047,ambitions,целей,objectif
41048,ambitions,устремлений,aspiration
41049,ambitions,амбициях,ambition
41050,ambitions,стремления,no_equality
41051,ambitions,планы,no_equality
41052,ambitions,стремлений,ambition
41053,ambitions,стремлений,aspiration
41054,ambitions,устремлениям,ambition
41055,ambitions,чаяния,ambition
41056,ambitions,чаяния,aspiration
41057,ambitions,притязания,no_equality
41058,ambitions,чаяний,aspiration
41059,ambitions,чаяний,attente
41060,ambitions,устремлениях,ambition
41061,ambitions,устремлениях,aspiration
41062,forwarding,препровождение,transmission
41063,forwarding,передача,transfert
41064,forwarding,передача,transmission
41065,forwarding,передача,renvoi
41066,forwarding,передача,transférer
41067,forwarding,направления,transmission
41068,forwarding,направления,envoi
41069,forwarding,экспедиторских,no_equality
41070,forwarding,транспортно-экспедиторских,no_equality
41071,forwarding,отправка,expédition
41072,forwarding,отправка,envoi
41073,forwarding,отправка,envoyer
41074,forwarding,препроводить,no_equality
41075,forwarding,пересылку,envoi
41076,forwarding,экспедиции,expédition
41077,forwarding,экспедиторские,no_equality
41078,forwarding,экспедированию,no_equality
41079,forwarding,транспортно-экспедиторские,no_equality
41080,filtration,фильтрация,filtration
41081,filtration,фильтрация,filtrage
41082,filtration,фильтрация,filtre
41083,filtration,фильтрационных,no_equality
41084,filtration,фильтрационные,no_equality
41085,filtration,фильтрующее,no_equality
41086,filtration,фильтрационный,no_equality
41087,filtration,фильтровальную,no_equality
41088,filtration,фильтровальной,no_equality
41089,filtration,фильтрационном,no_equality
41090,filtration,фильтрующая,no_equality
41091,filtration,очистной,no_equality
41092,accomplishable,выполнимый,no_equality
41093,freshly,свежий,no_equality
41094,freshly,свеже,no_equality
41095,freshly,недавно,fraîchement
41096,freshly,недавно,récemment
41097,freshly,недавно,nouvellement
41098,freshly,свежевыжатый,jus
41099,freshly,свежесваренный,no_equality
41100,freshly,свежевыжатые,no_equality
41101,freshly,свежескошенной,no_equality
41102,freshly,свежевымолоченных,no_equality
41103,freshly,свежезаваренный,no_equality
41104,freshly,свежевыглаженная,no_equality
41105,freshly,только что,no_equality
41106,generics,генериков,générique
41107,generics,немарочные лекарства,no_equality
41108,basters,"без удовлетворения поданную общиной ""бастеров",no_equality
41109,biographies,биографии,biographie
41110,biographies,биографиями,no_equality
41111,biographies,биографиях,no_equality
41112,biographies,биографию,biographie
41113,biographies,биография,biographie
41114,hid,спрятал,no_equality
41115,hid,спрятала,no_equality
41116,hid,спрятался,no_equality
41117,hid,спрятали,cacher
41118,hid,спрятали,a cachée
41119,hid,спряталась,me suis cachée
41120,hid,спряталась,se cacha
41121,hid,прятался,se cachait
41122,hid,прятал,no_equality
41123,hid,скрывал,no_equality
41124,hid,скрыл,no_equality
41125,hid,скрывала,cacher
41126,hid,скрывала,cachais
41127,hid,скрывала,ai cachée
41128,hid,скрывала,cachant
41129,hid,спрятались,no_equality
41130,hid,прятала,no_equality
41131,hid,прятались,no_equality
41132,hid,пряталась,se cachait
41133,hid,скрыла,no_equality
41134,hermits,отшельники,no_equality
41135,hermits,рода отшельников,no_equality
41136,adventurous,безрассудный,téméraire
41137,adventurous,авантюрный,no_equality
41138,adventurous,предприимчивый,no_equality
41139,adventurous,смелый,audacieux
41140,adventurous,смелый,courageux
41141,adventurous,смелый,téméraire
41142,adventurous,авантюристический,aventuriste
41143,adventurous,приключений,aventureux
41144,adventurous,приключений,aventurier
41145,adventurous,приключений,aventure
41146,adventurous,авантюристка,no_equality
41147,adventurous,авантюристической,no_equality
41148,adventurous,авантюрной,no_equality
41149,adventurous,отважная,courageux
41150,adventurous,любишь приключения,aventure
41151,adventurous,приключенческого,no_equality
41152,adventurous,к приключениям,no_equality
41153,adventurous,приключениях,aventure
41154,adventurous,и безрассудной,téméraire
41155,intercostals,межреберные мышцы,no_equality
41156,intercostals,межреберных,intercostaux
41157,vibrator,вибратор,vibrateur
41158,vibrator,вибратор,vibreur
41159,vibrator,вибратор,vibromasseur
41160,vibrator,вибратор,vibro
41161,vibrator,вибратор,gode
41162,vibrator,вибромашина,no_equality
41163,vibrator,вибрационный,no_equality
41164,thievery,воровство,vol
41165,thievery,краже,vol
41166,thievery,кражу,vol
41167,thievery,кражи,vol
41168,emplacements,с размещением,no_equality
41169,Utopias,утопии,utopie
41170,frigidity,фригидность,frigidité
41171,frigidity,мерзлота,no_equality
41172,frigidity,фригидности,no_equality
41173,absorbent,абсорбирующий,no_equality
41174,absorbent,всасывающий,no_equality
41175,absorbent,абсорбент,absorbant
41176,absorbent,впитываемость,no_equality
41177,absorbent,звукопоглощающий,no_equality
41178,concretized,конкретизировать,no_equality
41179,concretized,конкретизирована,no_equality
41180,concretized,конкретизировано,no_equality
41181,concretized,конкретизируются,no_equality
41182,concretized,конкретизируется,no_equality
41183,concretized,были конкретизированы,no_equality
41184,ogres,огров,ogre
41185,ogres,огры,no_equality
41186,ogres,людоедов,ogre
41187,ogres,людоеды,no_equality
41188,ogres,с ограми,no_equality
41189,ogres,чудовища,no_equality
41190,ogres,великаны,no_equality
41191,steeples,шпили,clocher
41192,steeples,шпили,flèche
41193,superabundance,изобилие,no_equality
41194,smugness,самодовольство,suffisance
41195,smugness,самодовольство,complaisance
41196,Tyrols,тироль,no_equality
41197,Tyrols,тироле,no_equality
41198,Tyrols,тироля,no_equality
41199,Tyrols,тирольской,no_equality
41200,Tyrols,tyrol,no_equality
41201,Tyrols,тиролю,no_equality
41202,Tyrols,тиролем,no_equality
41203,contiguous,прилегающих,limitrophes
41204,contiguous,прилегающих,voisin
41205,contiguous,сопредельного,contigu
41206,contiguous,сопредельных,voisin
41207,contiguous,смежных,voisin
41208,contiguous,смежными,voisin
41209,contiguous,прилегающими,no_equality
41210,contiguous,прилегающей,no_equality
41211,contiguous,сопредельными,no_equality
41212,contiguous,прилежащих,limitrophes
41213,contiguous,соседними,voisin
41214,contiguous,смежные,no_equality
41215,contiguous,жизнеспособного,no_equality
41216,sponge,губка,éponge
41217,sponge,бисквит,génoise
41218,sponge,бисквит,biscuit
41219,sponge,губковых,no_equality
41220,sponge,губке,no_equality
41221,sponge,губковые,no_equality
41222,sponge,мочалкой,no_equality
41223,symmetries,симметрии,symétrie
41224,broadsides,целый град упреков,no_equality
41225,insulation,изоляция,isolation
41226,insulation,изоляция,isolement
41227,insulation,изоляция,isoler
41228,insulation,изоляционный материал,isolant
41229,insulation,изолятор,isolant
41230,insulation,изолятор,isolement
41231,insulation,изолятор,isoler
41232,insulation,изоляционный,no_equality
41233,insulation,изолирующий,no_equality
41234,workforces,рабочей силы,effectif
41235,workforces,рабочей силы,population active
41236,workforces,рабочей силы,main d'œuvre
41237,workforces,рабочую силу,no_equality
41238,workforces,трудовых ресурсов,main-d'œuvre
41239,workforces,трудовых ресурсов,population active
41240,workforces,трудовых ресурсов,main d'œuvre
41241,workforces,рабочая сила,main d'œuvre
41242,workforces,трудовые ресурсы,main-d'œuvre
41243,workforces,трудовые ресурсы,population active
41244,workforces,трудовых коллективах,no_equality
41245,workforces,рабочей силе,population active
41246,workforces,трудовые коллективы,no_equality
41247,workforces,рабочей силой,main-d'œuvre
41248,workforces,двухуровневых должностей,no_equality
41249,pharmaceuticss,фармацевтический,pharmaceutique
41250,pharmaceuticss,фармацевтика,pharmacie
41251,pharmaceuticss,лекарств,médicament
41252,pharmaceuticss,фармасьютикал,pharmaceutique
41253,pharmaceuticss,лекарства,médicament
41254,pharmaceuticss,медикаментов,médicament
41255,tragedy,трагедия,tragédie
41256,tragedy,трагедия,drame
41257,tragedy,трагедия,tragique
41258,tragedy,трагические события,tragédie
41259,tragedy,трагично,no_equality
41260,tragedy,трагических событий,no_equality
41261,tragedy,несчастье,no_equality
41262,tragedy,драма,drame
41263,tragedy,драма,dramatique
41264,tragedy,беда,catastrophe
41265,tragedy,беда,malheur
41266,tragedy,трагичность,tragique
41267,tragedy,трагическими событиями,tragédie
41268,tragedy,трагического,no_equality
41269,tragedy,трагической,no_equality
41270,tragedy,трагическое,no_equality
41271,denounced,осудили,no_equality
41272,denounced,осудил,no_equality
41273,denounced,осуждает,no_equality
41274,denounced,осудила,no_equality
41275,denounced,осуждены,no_equality
41276,denounced,осудило,no_equality
41277,denounced,осудить,no_equality
41278,denounced,осуждал,no_equality
41279,denounced,осуждению,no_equality
41280,denounced,осуждается,no_equality
41281,denounced,осуждена,no_equality
41282,denounced,осуждением,no_equality
41283,denounced,осужден,no_equality
41284,denounced,осуждено,dénoncé
41285,denounced,осуждения,no_equality
41286,interactive,интерактивный,no_equality
41287,interactive,взаимодействующий,no_equality
41288,interactive,интерактивный режим,interactif
41289,interactive,интерактивное взаимодействие,interaction
41290,interactive,интерактивное взаимодействие,échange
41291,pretor,претор,no_equality
41292,heaths,эрики,no_equality
41293,heaths,вересковых пустошей,no_equality
41294,bluing,синька,no_equality
41295,bluing,воронение,no_equality
41296,bluing,расточительность,no_equality
41297,devotions,молитвы,prière
41298,chillies,перец чили,piment
41299,chillies,перец чили,chili
41300,chillies,перец чили,poivron
41301,chillies,перцев стручковых острых,poivron
41302,chillies,перцах стручковых острых,no_equality
41303,chillies,арболь,no_equality
41304,unquietly,тихо,tranquillement
41305,unquietly,тихо,discrètement
41306,unquietly,тихо,calmement
41307,unquietly,тихо,doucement
41308,unquietly,тихо,silencieusement
41309,unquietly,тихо,sans bruit
41310,unquietly,тихо,sagement
41311,unquietly,спокойно,tranquillement
41312,unquietly,спокойно,calmement
41313,unquietly,спокойно,doucement
41314,unquietly,спокойно,paisiblement
41315,unquietly,спокойно,en douceur
41316,unquietly,тихонько,tranquillement
41317,unquietly,тихонько,discrètement
41318,unquietly,тихонько,calmement
41319,unquietly,тихонько,doucement
41320,unquietly,незаметно,discrètement
41321,unquietly,молча,tranquillement
41322,unquietly,молча,silencieusement
41323,unquietly,молча,en silence
41324,unquietly,молча,silencieux
41325,unquietly,потихоньку,tranquillement
41326,unquietly,потихоньку,discrètement
41327,unquietly,потихоньку,doucement
41328,unquietly,потихоньку,gentiment
41329,unquietly,потихоньку,en douce
41330,unquietly,потихоньку,en douceur
41331,unquietly,по-тихому,tranquillement
41332,unquietly,по-тихому,discrètement
41333,unquietly,по-тихому,calmement
41334,unquietly,по-тихому,doucement
41335,unquietly,по-тихому,silencieusement
41336,unquietly,по-тихому,en silence
41337,unquietly,по-тихому,en douce
41338,unquietly,по-тихому,en douceur
41339,unquietly,тише,doucement
41340,unquietly,бесшумно,silencieusement
41341,unquietly,бесшумно,sans bruit
41342,unquietly,бесшумно,silencieux
41343,unquietly,без шума,discrètement
41344,unquietly,без шума,silencieusement
41345,unquietly,без шума,gentiment
41346,unquietly,тишине,calme
41347,unquietly,тишине,silencieux
41348,unquietly,без лишнего шума,discrètement
41349,unquietly,тихонечко,tranquillement
41350,unquietly,по-хорошему,gentiment
41351,unquietly,спокойный,no_equality
41352,respirations,дыхание,no_equality
41353,respirations,дыхания,respiration
41354,jellifies,сводит на нет,no_equality
41355,jellifies,аннулирует,no_equality
41356,jellifies,сводят на нет,no_equality
41357,jellifies,сводящее,no_equality
41358,jellifies,перечеркивает,no_equality
41359,dosage,доза,dosage
41360,dosage,доза,dose
41361,dosage,дозировка,dosage
41362,dosage,дозировкой,no_equality
41363,dosage,лекарственная,no_equality
41364,egoistic,эгоистические,no_equality
41365,potters,гончаров,no_equality
41366,potters,гончары,no_equality
41367,potters,поттеров,no_equality
41368,potters,поттерс,no_equality
41369,communions,причастия,communion
41370,extremes,крайние точки,extrême
41371,Elli,элли,no_equality
41372,bidder,кто больше заплатит,no_equality
41373,bidder,участник торгов,soumissionnaire
41374,bidder,покупатель,acheteur
41375,bidder,покупатель,acquéreur
41376,bidder,претендент,candidat
41377,bidder,участник процедур,soumissionnaire
41378,bidder,участником торгов,no_equality
41379,bidder,участника процедур,soumissionnaire
41380,bidder,участников торгов,soumissionnaire
41381,bidder,участников торгов,enchérisseur
41382,bidder,участником процедур,soumissionnaire
41383,bidder,участника торгов,soumissionnaire
41384,bidder,участнику процедур,soumissionnaire
41385,bidder,участнику торгов,soumissionnaire
41386,bidder,низкую цену,moins-disant
41387,bidder,кто больше предложит,no_equality
41388,hold_out,продержаться,tenir
41389,hold_out,протянуть,tenir
41390,hold_out,держаться,tenir
41391,hold_out,держаться,garder
41392,hold_out,утаивай,no_equality
41393,hold_out,выдержу,no_equality
41394,hold_out,вытяни,no_equality
41395,desires,желания,souhaite
41396,desires,желания,envie
41397,desires,желания,volonté
41398,desires,желаний,aspiration
41399,desires,желаний,pulsion
41400,desires,желаниями,désir
41401,desires,желаниями,souhait
41402,desires,желаниями,aspiration
41403,desires,желаниями,pulsion
41404,desires,желаниям,désir
41405,desires,желаниям,envie
41406,desires,желаниям,souhait
41407,desires,хочет,souhaite
41408,desires,хочет,veut
41409,desires,хочет,envie
41410,desires,желание,désir
41411,desires,желание,souhait
41412,desires,желание,voeu
41413,desires,пожелания,désir
41414,desires,пожелания,souhait
41415,desires,пожелания,aspiration
41416,desires,пожелания,voeu
41417,desires,пожелания,desiderata
41418,desires,желаниях,envie
41419,desires,желаниях,souhait
41420,desires,пожеланий,désir
41421,desires,пожеланий,desiderata
41422,desires,пожеланиям,souhait
41423,desires,чаяния,aspiration
41424,desires,устремления,aspiration
41425,desires,стремится к,souhaite
41426,desires,жаждет,désire
41427,desires,жаждет,veut
41428,desires,устремлений,aspiration
41429,linguistic,языковой,linguistique
41430,linguistic,языковой,langue
41431,linguistic,языковой,langage
41432,linguistic,лингвистический,linguistique
41433,linguistic,языков,linguistique
41434,linguistic,языков,langue
41435,linguistic,языков,langage
41436,linguistic,языка,no_equality
41437,linguistic,язык,no_equality
41438,linguistic,лингвистики,no_equality
41439,adoptable,приемлемый,no_equality
41440,fumigants,фумигантов,no_equality
41441,fumigants,фумиганты,no_equality
41442,fumigants,фумигантах,no_equality
41443,fumigants,фумигантами,no_equality
41444,lumping,смешивать,amalgame entre
41445,terrifies,пугает,terrifie
41446,terrifies,пугает,effraie
41447,terrifies,пугает,fait peur
41448,terrifies,ужасает,terrifie
41449,terrifies,ужасает,effraie
41450,ruffles,раффлс,no_equality
41451,ruffles,оборки,no_equality
41452,ruffles,оборками,no_equality
41453,swim,плавать,nager
41454,swim,поплавать,nager
41455,swim,поплавать,se baigner
41456,swim,плыть,nager
41457,swim,купаться,nager
41458,swim,купаться,se baigner
41459,swim,искупаться,se baigner
41460,swim,доплыть,no_equality
41461,swim,проплыть,nager
41462,swim,плавание,natation
41463,swim,плавание,piscine
41464,swim,заплыв,nager
41465,swim,поплыть,nager
41466,swim,купание,no_equality
41467,swim,по плаванью,no_equality
41468,swim,заплыва,no_equality
41469,swim,плавай,nager
41470,swim,сплавать,no_equality
41471,cooked,приготовила,ai fait
41472,cooked,готовила,no_equality
41473,cooked,приготовил,no_equality
41474,cooked,готовил,no_equality
41475,cooked,готовили,no_equality
41476,cooked,приготовили,no_equality
41477,cooked,приготовить,no_equality
41478,cooked,готовить,no_equality
41479,cooked,приготовленные,no_equality
41480,cooked,готовят,no_equality
41481,cooked,приготовленная,no_equality
41482,cooked,приготовлена,no_equality
41483,cooked,приготовлено,cuit
41484,cooked,приготовлено,préparé
41485,cooked,приготовлен,no_equality
41486,cooked,готовит,cuisiner
41487,cooked,сваренное,no_equality
41488,balsamic,бальзамический,balsamique
41489,balsamic,успокаивающий,no_equality
41490,UVS,увс-нуур,no_equality
41491,UVS,очками uvs,no_equality
41492,motors,двигатели,moteur
41493,motors,двигателей,moteur
41494,motors,моторов,moteur
41495,motors,моторы,moteur
41496,motors,motors,no_equality
41497,motors,электродвигателей,no_equality
41498,motors,двигателями,moteur
41499,motors,моторз,no_equality
41500,motors,моторах,no_equality
41501,motors,моторами,moteur
41502,motors,электродвигателями,no_equality
41503,motors,электромоторы,no_equality
41504,motors,электродвигатели,no_equality
41505,motors,двигателях,moteur
41506,cross-fertilizations,взаимного обогащения,no_equality
41507,cross-fertilizations,взаимообогащение,no_equality
41508,cross-fertilizations,взаимный обмен,no_equality
41509,cross-fertilizations,взаимному обогащению,no_equality
41510,cross-fertilizations,взаимное обогащение,no_equality
41511,cross-fertilizations,обмена опытом,no_equality
41512,cross-fertilizations,плодотворное взаимодействие,no_equality
41513,cross-fertilizations,взаимному обмену,no_equality
41514,cross-fertilizations,взаимообмена,no_equality
41515,cross-fertilizations,плодотворных,no_equality
41516,cross-fertilizations,обмен идеями,no_equality
41517,cross-fertilizations,плодотворный обмен,no_equality
41518,luxating,размещение,no_equality
41519,luxating,обнаружение,no_equality
41520,luxating,поиск,no_equality
41521,luxating,выявление,no_equality
41522,luxating,найти,no_equality
41523,luxating,локализации,no_equality
41524,luxating,нахождение,no_equality
41525,luxating,установлении местонахождения,no_equality
41526,luxating,установления местонахождения,no_equality
41527,luxating,определения местонахождения,no_equality
41528,luxating,установление местонахождения,no_equality
41529,luxating,местоопределения,no_equality
41530,luxating,обнаружить,no_equality
41531,luxating,местонахождение,no_equality
41532,luxating,расположение,no_equality
41533,sew,шить,coudre
41534,sew,шить,recoudre
41535,sew,зашить,coudre
41536,sew,зашить,recoudre
41537,sew,зашить,suturer
41538,sew,пришить,coudre
41539,sew,пришить,recoudre
41540,sew,сшить,coudre
41541,sew,сшить,recoudre
41542,sew,зашивать,recoudre
41543,sew,пришивать,coudre
41544,sew,пришивать,recoudre
41545,sew,вышивать,broder
41546,sew,зашьем,no_equality
41547,sew,зашиваешь,no_equality
41548,sew,зашьёт,no_equality
41549,Camelots,камелот,no_equality
41550,Camelots,камелота,no_equality
41551,Camelots,камелоте,no_equality
41552,Camelots,камелоту,no_equality
41553,Camelots,камелотом,no_equality
41554,cherishes,дорожит,no_equality
41555,cherishes,высоко ценит,no_equality
41556,cherishes,чтит,no_equality
41557,cherishes,лелеет,no_equality
41558,cherishes,высоко ценим,no_equality
41559,hospitalizing,госпитализация,no_equality
41560,ratifies,ратифицирует,ratifie
41561,ratifies,ратифицирует,ratifier
41562,ratifies,ратифицирует,ratifiera
41563,ratifies,ратифицирует,aura ratifié
41564,ratifies,ратифицирует,ratifieront
41565,ratifies,ратифицирует,ratification
41566,ratifies,ратифицирует,ratifient
41567,ratifies,ратификации,ratifier
41568,ratifies,ратификации,ratification
41569,ratifies,ратифицирующее,no_equality
41570,ratifies,ратифицируемые,no_equality
41571,congeners,однородные вещества,no_equality
41572,looming,угрожающий,qui menace
41573,looming,угрожающий,menaçant
41574,looming,угроза,no_equality
41575,looming,смутное очертание,no_equality
41576,looming,надвигающегося,imminente
41577,looming,нависшей,imminente
41578,looming,надвигающийся,imminente
41579,looming,надвигающейся,imminente
41580,looming,надвигающейся,imminent
41581,looming,надвигающуюся,imminent
41582,looming,надвигающимся,no_equality
41583,looming,нависшую,no_equality
41584,looming,надвигается,imminente
41585,looming,грозящей,imminente
41586,looming,надвигающихся,no_equality
41587,looming,за горами,no_equality
41588,looming,горизонте,no_equality
41589,looming,надвигающаяся,no_equality
41590,terrorise,терроризировать,terroriser
41591,terrorise,устрашения,no_equality
41592,setups,настройки,configuration
41593,setups,настройки,réglage
41594,custards,заварного крема,no_equality
41595,motivates,мотивирует,motive
41596,motivates,мотивирует,motiver
41597,motivates,мотивирует,motivation
41598,motivates,мотивирует,motivant
41599,motivates,побуждает,motive
41600,motivates,побуждает,encourage
41601,motivates,движет,anime
41602,motivates,движет,pousse
41603,motivates,стимулирует,incite
41604,motivates,стимулирует,encourage
41605,motivates,мотивируют,no_equality
41606,motivates,толкает,pousse
41607,motivates,служит стимулом,incite
41608,motivates,мотивации,motiver
41609,motivates,мотивации,motivation
41610,motivates,мотивация,motivation
41611,fattened,откармливают,no_equality
41612,fattened,откормили,no_equality
41613,fattened,откормленная,no_equality
41614,throbbing,пульсирует,no_equality
41615,throbbing,пульсирующая,no_equality
41616,throbbing,пульсирующий,no_equality
41617,throbbing,болит,no_equality
41618,throbbing,пульсирующей,no_equality
41619,throbbing,пульсирующую,no_equality
41620,throbbing,пульсирующих,no_equality
41621,throbbing,раскалывается,no_equality
41622,throbbing,пульсирующие,no_equality
41623,throbbing,пульсацию,no_equality
41624,throbbing,пульсирующим,no_equality
41625,throbbing,пульсировать,no_equality
41626,throbbing,гудит,no_equality
41627,throbbing,стучит,no_equality
41628,thwarters,хартии,charte
41629,thwarters,хартии,charter
41630,thwarters,уставов,charte
41631,thwarters,уставы,statut
41632,thwarters,уставах,charte
41633,thwarters,уставах,statut
41634,thwarters,уставами,statut
41635,thwarters,хартиях,no_equality
41636,thwarters,чартеры,no_equality
41637,thwarters,чартерных перевозок,charter
41638,thwarters,уставам,charte
41639,thwarters,уставам,statut
41640,thwarters,чартеров,no_equality
41641,thwarters,хартиями,no_equality
41642,thwarters,хартиям,no_equality
41643,thwarters,устава,charte
41644,thwarters,устава,statut
41645,subtractions,вычеты,soustraction
41646,winterize,подготавливать к зиме,no_equality
41647,kites,воздушных змеев,no_equality
41648,kites,воздушные змеи,no_equality
41649,kites,змеями,cerf-volant
41650,kites,запустить змея,no_equality
41651,flatly,категорически,catégoriquement
41652,flatly,категорически,sans ambages
41653,flatly,категорически,absolument
41654,flatly,наотрез,no_equality
41655,flatly,безапелляционно,catégoriquement
41656,tourist,туристический,touristique
41657,tourist,туристский,touristique
41658,tourist,турист,touriste
41659,tourist,туризма,tourisme
41660,tourist,туризма,touriste
41661,tourist,туризму,tourisme
41662,tourist,достопримечательностей,no_equality
41663,tourist,туристскими,no_equality
41664,tourist,туристском,no_equality
41665,tourist,туристку,no_equality
41666,tourist,туристкой,no_equality
41667,tourist,путешественница,no_equality
41668,blasted,проклятый,fichu
41669,blasted,проклятый,maudit
41670,blasted,проклятый,satané
41671,blasted,проклятый,sacré
41672,blasted,чертов,maudit
41673,blasted,взорванный,no_equality
41674,blasted,выстрелил,no_equality
41675,blasted,нажрусь,no_equality
41676,blasted,расстрелял,no_equality
41677,blasted,взлетел,no_equality
41678,blasted,освобождающая,no_equality
41679,blasted,выстрелила,no_equality
41680,blasted,этой проклятой,no_equality
41681,abrogated,отменены,abrogé
41682,abrogated,отменены,abrogation
41683,abrogated,отменены,abroger
41684,abrogated,отменены,aboli
41685,abrogated,аннулированы,no_equality
41686,abrogated,отменено,annulée
41687,abrogated,отменено,aboli
41688,abrogated,отменена,abrogé
41689,abrogated,отменена,annulée
41690,abrogated,отменена,supprimée
41691,abrogated,отменена,aboli
41692,abrogated,аннулируются,no_equality
41693,abrogated,отменил,no_equality
41694,abrogated,аннулирован,abrogé
41695,abrogated,аннулировано,no_equality
41696,abrogated,отменяются,annulée
41697,abrogated,упраздненный,no_equality
41698,abrogated,аннулирует,no_equality
41699,abrogated,отменен,no_equality
41700,abrogated,отменило,no_equality
41701,abrogated,отменяет,no_equality
41702,abrogated,отменили,no_equality
41703,reinstated,восстановлены,no_equality
41704,reinstated,восстановлен,rétabli
41705,reinstated,восстановлен,réintégré
41706,reinstated,восстановлен,réintégration
41707,reinstated,восстановлен,rétablissement
41708,reinstated,восстановлен,restauré
41709,reinstated,восстановить,no_equality
41710,reinstated,восстановлена,rétabli
41711,reinstated,восстановлена,rétablissement
41712,reinstated,восстановлена,restauré
41713,reinstated,восстановлено,rétabli
41714,reinstated,восстановлено,restauré
41715,reinstated,восстановил,rétablir
41716,reinstated,восстановила,no_equality
41717,reinstated,восстановило,no_equality
41718,reinstated,восстановлении,no_equality
41719,reinstated,восстановления,no_equality
41720,reinstated,возобновлена,rétabli
41721,reinstated,возобновлена,repris
41722,reinstated,восстанавливаются,no_equality
41723,reinstated,возобновлено,repris
41724,reinstated,восстановили в должности,no_equality
41725,terrorizing,терроризирует,terroriser
41726,terrorizing,терроризирует,terrorise
41727,terrorizing,терроризирует,terrorisent
41728,terrorizing,терроризирует,terrorisés
41729,terrorizing,терроризируя,terroriser
41730,terrorizing,терроризируя,terrorisant
41731,terrorizing,терроризировать,terroriser
41732,terrorizing,терроризируют,terroriser
41733,terrorizing,терроризируют,terrorise
41734,terrorizing,терроризируют,terrorisent
41735,terrorizing,запугивание,no_equality
41736,terrorizing,терроризирование,no_equality
41737,terrorizing,устрашения,terroriser
41738,terrorizing,устрашения,terreur
41739,terrorizing,терроризировали,terrorisaient
41740,terrorizing,терроризировании,no_equality
41741,terrorizing,запугать,terroriser
41742,terrorizing,терроризирующих,no_equality
41743,terrorizing,террор,terreur
41744,terrorizing,терроризируешь,no_equality
41745,terrorizing,терроризировал,terrorise
41746,terrorizing,терроризировал,terrorisait
41747,individualism,индивидуализм,individualisme
41748,individualism,индивидуальность,individualité
41749,Campbells,кэмпбеллов,no_equality
41750,Campbells,кемпбеллов,no_equality
41751,Campbells,кэмпбеллы,no_equality
41752,Campbells,кэмпбелл,no_equality
41753,Campbells,кэмпбеллами,no_equality
41754,Campbells,кэмпбеллам,no_equality
41755,assessing,оценивающий,no_equality
41756,assessing,оценка,évaluation
41757,assessing,оценка,appréciation
41758,assessing,оценка,examen
41759,assessing,оценка,estimation
41760,assessing,оценка,analyse
41761,elaboration,разработка,élaboration
41762,elaboration,разработка,établissement
41763,elaboration,разработка,définition
41764,elaboration,разработка,préparation
41765,elaboration,разработка,élaboré
41766,elaboration,разработка,formulation
41767,elaboration,разработка,mise au point
41768,elaboration,разработка,rédaction
41769,elaboration,подготовка,élaboration
41770,elaboration,подготовка,établissement
41771,elaboration,подготовка,préparation
41772,elaboration,подготовка,mise au point
41773,elaboration,подготовка,rédaction
41774,elaboration,выработка,formulation
41775,elaboration,выработка,définir
41776,elaboration,выработки,élaboration
41777,elaboration,выработки,définition
41778,elaboration,выработки,élaborer
41779,elaboration,выработки,formulation
41780,elaboration,выработки,développer
41781,elaboration,выработки,définir
41782,elaboration,проработка,no_equality
41783,elaboration,доработка,mise au point
41784,elaboration,развитие,élaboration
41785,elaboration,над,no_equality
41786,elaboration,составления,élaboration
41787,elaboration,составления,établissement
41788,elaboration,составления,élaborer
41789,elaboration,составления,rédaction
41790,elaboration,составления,définir
41791,elaboration,составлении,élaboration
41792,elaboration,составлении,établissement
41793,elaboration,составлении,élaborer
41794,elaboration,составлении,rédaction
41795,elaboration,уточнения,précision
41796,elaboration,уточнения,définir
41797,ills,беды,mal
41798,ills,беды,fléau
41799,ills,беды,malheur
41800,ills,бед,mal
41801,ills,бед,fléau
41802,ills,бед,malheur
41803,ills,бед,malaise
41804,ills,проблем,problème
41805,ills,проблемы,mal
41806,ills,проблемы,problème
41807,ills,недугов,mal
41808,ills,недугов,maladie
41809,ills,зол,mal
41810,ills,зол,fléau
41811,ills,бедствий,mal
41812,ills,бедствий,fléau
41813,ills,недуги,mal
41814,ills,недуги,maladie
41815,ills,болезней,mal
41816,ills,болезней,maladie
41817,ills,пороков,mal
41818,ills,пороков,fléau
41819,ills,проблемами,problème
41820,ills,болезни,mal
41821,ills,болезни,maladie
41822,ills,бедами,no_equality
41823,ills,пороки,mal
41824,ills,зло,mal
41825,ills,зло,fléau
41826,entices,соблазняет,no_equality
41827,entices,вовлекает,no_equality
41828,unavailable,недоступный,no_equality
41829,unavailable,недействительный,no_equality
41830,assaulted,напал на,a agressé
41831,assaulted,напал на,a attaqué
41832,assaulted,напал на,a agressée
41833,assaulted,напал на,agresser
41834,assaulted,напал на,a attaquée
41835,assaulted,напали на,a attaqué
41836,assaulted,напали на,agresser
41837,assaulted,насилию,no_equality
41838,assaulted,напала на,a agressé
41839,assaulted,напала на,a attaqué
41840,assaulted,напала на,a agressée
41841,assaulted,напала на,a attaquée
41842,assaulted,изнасиловали,no_equality
41843,assaulted,нападение на,no_equality
41844,assaulted,избили,no_equality
41845,assaulted,подверглись нападению,no_equality
41846,assaulted,изнасилована,violentée
41847,assaulted,избит,no_equality
41848,assaulted,совершено нападение,été agressée
41849,assaulted,избил,no_equality
41850,assaulted,подверглись нападениям,no_equality
41851,assaulted,нападения на,no_equality
41852,assaulted,нападали на,no_equality
41853,ambivalence,амбивалентность,ambivalence
41854,ambivalence,двойственное отношение,no_equality
41855,ambivalence,неопределенность,ambiguïté
41856,ambivalence,двойственная позиция,no_equality
41857,ambivalence,двойственный подход,no_equality
41858,ambassadors,послов,ambassadeur
41859,ambassadors,послами,ambassadeur
41860,ambassadors,послы,ambassadeur
41861,ambassadors,послам,ambassadeur
41862,ambassadors,посла,ambassadeur
41863,ambassadors,посланников,ambassadeur
41864,ambassadors,посланников,messager
41865,ambassadors,посол,ambassadeur
41866,ambassadors,посланники,messager
41867,ambassadors,посланцы,messager
41868,ambassadors,женщины-послы,no_equality
41869,ambassadors,послу,ambassadeur
41870,ambassadors,послов-женщин,ambassadeur
41871,ambassadors,посланниками,ambassadeur
41872,ambassadors,посланниками,messager
41873,precipitating,осаждение,no_equality
41874,precipitating,ускорение,no_equality
41875,precipitating,осаждающий,no_equality
41876,precipitating,ускоряющий,no_equality
41877,misdirect,запутать,no_equality
41878,misdirect,неверно направлять,no_equality
41879,misdirect,ложным следом,no_equality
41880,misdirect,дезинформация,no_equality
41881,epitomize,олицетворять,incarner
41882,epitomize,составлять компендиум,no_equality
41883,epitomize,резюмировать содержание,no_equality
41884,epitomize,конспектировать,no_equality
41885,epitomize,сокращать,no_equality
41886,epitomize,воплощать,incarner
41887,epitomize,кратко излагать,no_equality
41888,epitomize,являются воплощением,no_equality
41889,airworthinesses,летной годности,no_equality
41890,airworthinesses,полетопригодности,no_equality
41891,airworthinesses,пригодности к эксплуатации,no_equality
41892,airworthinesses,авиационного транспорта,no_equality
41893,airworthinesses,пригодность к полету,no_equality
41894,airworthinesses,летная годность,navigabilité
41895,airworthinesses,полетопригодность,no_equality
41896,laxnesses,аркан,harnais
41897,laxnesses,арканов,harnais
41898,laxnesses,жгуты,no_equality
41899,laxnesses,ремни безопасности,no_equality
41900,laxnesses,жгутов,no_equality
41901,laxnesses,арканы,no_equality
41902,Venice,венеция,venise
41903,Venice,венеция,venice
41904,Venice,венеции,venise
41905,Venice,венеции,vénitien
41906,Venice,венеции,venice
41907,Venice,венецию,no_equality
41908,Venice,венецианской,venise
41909,Venice,венецианская,no_equality
41910,Venice,венис,venice
41911,Venice,венецией,venise
41912,Venice,венисе,no_equality
41913,Venice,венецианский,no_equality
41914,Venice,венецианскую,no_equality
41915,Venice,венецианском,no_equality
41916,Venice,venice,no_equality
41917,Venice,венис-бич,venice
41918,Venice,венецианского,no_equality
41919,vaporization,испарение,vaporisation
41920,vaporization,испарение,évaporation
41921,vaporization,вапоризация,no_equality
41922,arks,ковчегов,no_equality
41923,arks,ковчеги,arche
41924,arks,ковчегах,no_equality
41925,crumpled,мятая,froissé
41926,crumpled,помялась,no_equality
41927,crumpled,скомкал,no_equality
41928,crumpled,мятые,no_equality
41929,crumpled,смятый,no_equality
41930,crumpled,скомканным,no_equality
41931,crumpled,смятой,no_equality
41932,crumpled,сжалась,no_equality
41933,crumpled,помятое,no_equality
41934,infinity,бесконечность,infini
41935,infinity,бесконечность,infinité
41936,infinity,бесконечность,éternité
41937,infinity,вечности,éternité
41938,infinity,бесконечное,no_equality
41939,infinity,бесконечном,no_equality
41940,infinity,infiniti,no_equality
41941,infinity,infinity,no_equality
41942,infinity,бесконечно,no_equality
41943,infinity,вечность,éternité
41944,appear,появиться,apparaître
41945,appear,появиться,paraître
41946,appear,появиться,se montrer
41947,appear,появляться,no_equality
41948,appear,представляться,sembler
41949,appear,представляться,apparaître
41950,appear,представляться,paraître
41951,appear,представляться,présenter
41952,appear,представляться,se présenter
41953,appear,показаться,sembler
41954,appear,показаться,paraître
41955,appear,показаться,se montrer
41956,appear,фигурировать,apparaître
41957,appear,фигурировать,figurer
41958,appear,явиться,se présenter
41959,appear,выглядеть,sembler
41960,appear,выглядеть,paraître
41961,appear,выглядеть,avoir l'air
41962,appear,казаться,sembler
41963,appear,казаться,apparaître
41964,appear,казаться,paraître
41965,appear,казаться,avoir l'air
41966,appear,предстать,comparaître
41967,appear,предстать,se présenter
41968,appear,являться,no_equality
41969,appear,выступать,présenter
41970,appear,содержаться,figurer
41971,appear,возникать,apparaître
41972,appear,возникать,se présenter
41973,appear,возникать,surgir
41974,appear,присутствовать,comparaître
41975,appear,присутствовать,se présenter
41976,appear,отображаться,s'afficher
41977,appear,оказываться,no_equality
41978,appear,всей видимости,no_equality
41979,appear,возникнуть,apparaître
41980,appear,возникнуть,se présenter
41981,appear,возникнуть,surgir
41982,appear,возникнуть,émerger
41983,appear,представать,apparaître
41984,appear,выйти,no_equality
41985,appear,вырисовываться,no_equality
41986,outed,сдал,no_equality
41987,outed,выдал,no_equality
41988,outed,разоблачил,no_equality
41989,outed,раскрыт,no_equality
41990,outed,раскрыла,no_equality
41991,outed,проучить,no_equality
41992,outed,брошен,no_equality
41993,outed,рассказал про,no_equality
41994,outed,выдала,no_equality
41995,outed,раскрыли,no_equality
41996,outed,выставил,no_equality
41997,outed,разоблачат,no_equality
41998,uppercases,верхний регистр,no_equality
41999,uppercases,прописные буквы,no_equality
42000,uppercases,прописной,no_equality
42001,uppercases,верхнем регистре,no_equality
42002,uppercases,прописная,no_equality
42003,uppercases,заглавные,no_equality
42004,chaste,целомудренный,chaste
42005,chaste,девственник,no_equality
42006,chaste,целомудренно,no_equality
42007,chaste,непорочна,no_equality
42008,chaste,целомудренными,no_equality
42009,chaste,непорочности,no_equality
42010,chaste,чиста,no_equality
42011,chaste,непорочной,no_equality
42012,chaste,невинных,no_equality
42013,chaste,непорочность,no_equality
42014,chaste,невинно,no_equality
42015,chaste,демонстрировать целомудрие,chasteté
42016,Belarusians,белорусов,bélarussiens
42017,Belarusians,белорусов,biélorusse
42018,Belarusians,белорусов,bélarusses
42019,Belarusians,белорусы,biélorusse
42020,Belarusians,белорусам,no_equality
42021,Belarusians,белорусских граждан,bélarussiens
42022,trucked,на грузовиках,no_equality
42023,trucked,перевозились грузовиками,no_equality
42024,unclasping,расстегивание,no_equality
42025,exhaled,выдыхаемого,no_equality
42026,exhaled,выдохнула,no_equality
42027,unionists,членов профсоюзов,syndicaliste
42028,unionists,членов профсоюза,syndicaliste
42029,witnessed,стал свидетелем,a vu
42030,witnessed,стал свидетелем,a été témoin
42031,witnessed,стал свидетелем,été le théâtre
42032,witnessed,был свидетелем,a vu
42033,witnessed,был свидетелем,a été témoin
42034,witnessed,был свидетелем,été le témoin
42035,witnessed,видел,a vu
42036,witnessed,видели,a vu
42037,witnessed,произошло,no_equality
42038,witnessed,наблюдался,no_equality
42039,witnessed,видела,a vu
42040,witnessed,свидетельствует,no_equality
42041,witnessed,наблюдал,no_equality
42042,witnessed,отмечалось,no_equality
42043,witnessed,было отмечено,no_equality
42044,witnessed,был отмечен,no_equality
42045,witnessed,свидетельствуют,no_equality
42046,witnessed,глазах,no_equality
42047,witnessed,увидел,no_equality
42048,freight,фрахт,fret
42049,freight,фрахт,affrètement
42050,freight,груз,fret
42051,freight,груз,marchandise
42052,freight,груз,cargaison
42053,freight,грузоперевозки,fret
42054,freight,грузовой,no_equality
42055,freight,перевозку,fret
42056,freight,перевозку,transport
42057,freight,перевозку,expédition
42058,freight,транспортных,fret
42059,freight,транспортных,transport
42060,freight,фрахтовых,no_equality
42061,freight,доставку,fret
42062,freight,доставку,transport
42063,freight,фрахтовые,fret
42064,freight,транспортировку,transport
42065,freight,транспортировку,expédition
42066,freight,перевозке,transport
42067,freight,товарных,no_equality
42068,freight,провозных,no_equality
42069,freight,перевозках,transport
42070,freight,перевозка,transport
42071,freight,перевозка грузов,no_equality
42072,toothsomeness,всякую мерзость оправдать,no_equality
42073,grafted,привитых,no_equality
42074,grafted,привил,no_equality
42075,grafted,пришили,no_equality
42076,grafted,привита,no_equality
42077,grafted,пересадили,no_equality
42078,coin,монета,pièce
42079,coin,монета,monnaie
42080,coin,монета,pièce de monnaie
42081,coin,деньги,monnaie
42082,coin,деньги,argent
42083,coin,деньги,numéraire
42084,coin,мелочь,pièce
42085,coin,мелочь,monnaie
42086,coin,разменная монета,no_equality
42087,coin,медяк,no_equality
42088,coin,чеканить,no_equality
42089,coin,придумать,inventer
42090,coin,монетный,no_equality
42091,coin,нумизматический,no_equality
42092,tomes,томов,tome
42093,tomes,томов,volume
42094,compulsive,принудительный,no_equality
42095,compulsive,компульсивный,compulsif
42096,compulsive,непреодолимый,no_equality
42097,compulsive,маньяк,no_equality
42098,compulsive,непреодолимое влечение,compulsif
42099,calender,каландр,no_equality
42100,calender,календарь,calendrier
42101,calender,каландровый,no_equality
42102,alchemistic,алхимик,no_equality
42103,alchemistic,алхимика,no_equality
42104,hourly,почасовой,no_equality
42105,hourly,часовой,horaire
42106,hourly,ежечасно,toutes les heures
42107,hourly,почасовая оплата,no_equality
42108,hourly,почасовая ставка,no_equality
42109,hourly,ежечасный,horaire
42110,hourly,каждый час,toutes les heures
42111,hourly,почасовом,no_equality
42112,hourly,ежечасные,no_equality
42113,endowing,наделение,no_equality
42114,endowing,вопрос о наделении,no_equality
42115,endowing,наделяя,no_equality
42116,endowing,обеспечение,no_equality
42117,orderer,заказчик,client
42118,charging,зарядка,chargeur
42119,charging,зарядка,charge
42120,charging,обвинение,accusation
42121,charging,начисление,no_equality
42122,charging,взимания платы,facturation
42123,charging,наполнение,remplissage
42124,charging,взимания сборов,no_equality
42125,charging,подзарядки,chargement
42126,charging,обвиняете,no_equality
42127,charging,обвиняем,no_equality
42128,charging,обвиняю,no_equality
42129,charging,предъявления обвинений,no_equality
42130,charging,взимание платы,facturation
42131,charging,взимание платы,taxation
42132,charging,заряжается,no_equality
42133,charging,зарядной,no_equality
42134,charging,заряжает,no_equality
42135,charging,взимать плату,no_equality
42136,sits,сидит,se trouve
42137,sits,сидит,s'assoit
42138,sits,сидит,est assis
42139,sits,сидит,assise
42140,sits,сидит,se tient
42141,sits,находится,se trouve
42142,sits,находится,se situe
42143,sits,находится,situé
42144,sits,заседает,siège
42145,sits,лежит,se trouve
42146,sits,садится,s'assoit
42147,sits,садится,assise
42148,sits,сядет,s'assoit
42149,sits,сидят,s'assoit
42150,sits,сидят,assise
42151,sits,сидят,siègent
42152,sits,расположен,se trouve
42153,sits,расположен,se situe
42154,sits,входит,no_equality
42155,sits,сидел,assise
42156,sits,будет сидеть,trône
42157,sits,восседает,trône
42158,sits,села,no_equality
42159,sits,является членом,fait partie
42160,recaped,пожинали,no_equality
42161,recaped,пожинаем,no_equality
42162,recaped,приносит плоды,no_equality
42163,recaped,пожинал,no_equality
42164,recaped,извлекли,profité
42165,recaped,пожинают,no_equality
42166,recaped,извлекать,no_equality
42167,recaped,столь широко реализовывали,no_equality
42168,recaped,скосила,no_equality
42169,recaped,скашивали,no_equality
42170,recaped,извлечены,no_equality
42171,plasticity,пластичность,plasticité
42172,plasticity,пластика,plastique
42173,plasticity,пластический,no_equality
42174,emotion,эмоция,émotion
42175,emotion,эмоция,sentiment
42176,emotion,волнение,émotion
42177,emotion,эмоциональность,no_equality
42178,emotion,умиление,no_equality
42179,emotion,аффект,no_equality
42180,emotion,эмоциональный,no_equality
42181,fill,заполнять,remplir
42182,fill,заполнять,combler
42183,fill,заполнять,pourvoir
42184,fill,заполнять,meubler
42185,fill,наполнять,remplir
42186,fill,заливать,no_equality
42187,fill,заправлять,no_equality
42188,fill,пополнить,compléter
42189,fill,восполнить,combler
42190,fill,восполнить,remédier
42191,fill,занять,occuper
42192,fill,засыпать,no_equality
42193,fill,набить,gonfler
42194,fill,набить,se remplir
42195,fill,заполонить,no_equality
42196,fill,заполнение,remplir
42197,fill,заполнение,remplissage
42198,liquidating,ликвидация,liquidation
42199,liquidating,ликвидационный,liquidation
42200,liquidating,ликвидирующий,no_equality
42201,enrapturing,восхищение,no_equality
42202,raging,бушует,no_equality
42203,raging,бушующих,no_equality
42204,raging,бушуют,no_equality
42205,raging,бушующие,no_equality
42206,raging,бушующего,no_equality
42207,raging,бушевала,no_equality
42208,raging,бешеная,enragé
42209,raging,яростного,no_equality
42210,raging,бушующая,no_equality
42211,raging,яростной,raging
42212,raging,яростной,violent
42213,raging,бушующий,no_equality
42214,raging,бушующее,no_equality
42215,raging,бушующими,no_equality
42216,raging,свирепствует,no_equality
42217,raging,бушевал,no_equality
42218,inquests,дознания,enquête
42219,inquests,дознаний,no_equality
42220,inquests,итогам расследований,no_equality
42221,inquests,коронерских расследований,no_equality
42222,supplicant,проситель,demandeur
42223,supplicant,запрашивающее устройство,no_equality
42224,supplicant,молящийся,no_equality
42225,unconsciousness,потеря сознания,perte de conscience
42226,unconsciousness,потеря сознания,perte de connaissance
42227,unconsciousness,потеря сознания,évanouissement
42228,unconsciousness,бессознательное состояние,inconscient
42229,unconsciousness,бессознательность,inconscience
42230,unconsciousness,беспамятство,no_equality
42231,unconsciousness,потери сознания,perte de conscience
42232,unconsciousness,потери сознания,évanouissement
42233,unconsciousness,потерю сознания,perte de conscience
42234,unconsciousness,без сознания,no_equality
42235,unconsciousness,подсознания,inconscient
42236,unconsciousness,терял сознание,no_equality
42237,unconsciousness,до беспамятства,no_equality
42238,unconsciousness,бессознательном состоянии,no_equality
42239,unconsciousness,бессознательного состояния,inconscience
42240,unconsciousness,непроизвольности,no_equality
42241,unconsciousness,сна,no_equality
42242,flags,флаги,drapeau
42243,flags,флагов,drapeau
42244,flags,флагов,pavillon
42245,flags,флагами,drapeau
42246,flags,флажки,drapeau
42247,flags,флажки,bannière
42248,flags,флагах,drapeau
42249,flags,флага,drapeau
42250,flags,флага,pavillon
42251,flags,флаг,drapeau
42252,flags,флаг,pavillon
42253,flags,флагом,drapeau
42254,flags,флажков,no_equality
42255,flags,знамена,no_equality
42256,flags,флажками,drapeau
42257,flags,flags,no_equality
42258,forges,подделывает,no_equality
42259,forges,мастерских,no_equality
42260,forges,шлет,no_equality
42261,forges,налаживает,no_equality
42262,Sardinia,сардиния,sardaigne
42263,Sardinia,сардинии,no_equality
42264,Sardinia,сардинию,no_equality
42265,snowmobiles,снегоходы,no_equality
42266,snowmobiles,снегоходов,no_equality
42267,snowmobiles,снегоходах,no_equality
42268,exportation,экспорт,exportation
42269,exportation,вывоз,exportation
42270,observed,отметил,a constaté
42271,observed,отметил,a noté
42272,observed,отметил,a relevé
42273,observed,отметил,a fait remarquer
42274,observed,отметила,a constaté
42275,observed,отметила,a noté
42276,observed,отметила,a relevé
42277,observed,отметила,a fait remarquer
42278,observed,отмечает,fait observer
42279,observed,отмечает,a noté
42280,observed,отметили,no_equality
42281,observed,отмечалось,no_equality
42282,observed,наблюдается,no_equality
42283,observed,заметил,no_equality
42284,observed,отмечается,no_equality
42285,observed,отметило,a constaté
42286,observed,отметило,a noté
42287,observed,отметило,a relevé
42288,observed,указано,fait observer
42289,observed,соблюдаются,no_equality
42290,observed,соблюдать,no_equality
42291,observed,соблюдается,no_equality
42292,observed,наблюдалось,no_equality
42293,observed,наблюдаемых,no_equality
42294,zitis,прыщи,no_equality
42295,zitis,прыщей,no_equality
42296,zitis,прыщах,no_equality
42297,zitis,"сисечки""",no_equality
42298,departmental,департаментский,no_equality
42299,departmental,ведомственный,no_equality
42300,departmental,департамента,no_equality
42301,departmental,департаментах,département
42302,departmental,департаментами,département
42303,departmental,ведомств,ministère
42304,departmental,ведомств,département
42305,departmental,ведомств,organisme
42306,departmental,уровне департаментов,no_equality
42307,departmental,департаменте,no_equality
42308,departmental,департаментским,no_equality
42309,departmental,департаментом,no_equality
42310,departmental,департаментскую,no_equality
42311,departmental,департаментам,no_equality
42312,departmental,окружных,no_equality
42313,departmental,ведомства,no_equality
42314,Afghanistan,афганистан,pays
42315,Afghanistan,афганистан,afghan
42316,Afghanistan,афганистан,afghanistan
42317,Afghanistan,афганистане,pays
42318,Afghanistan,афганистане,afghan
42319,Afghanistan,афганистане,afghanistan
42320,Afghanistan,афганистана,pays
42321,Afghanistan,афганистана,afghan
42322,Afghanistan,афганистана,afghanistan
42323,Afghanistan,афганистану,afghanistan
42324,Afghanistan,афганистаном,afghanistan
42325,Afghanistan,афганский,no_equality
42326,Afghanistan,афганской,no_equality
42327,Afghanistan,афганского,no_equality
42328,Afghanistan,афганских,no_equality
42329,Afghanistan,стране,pays
42330,Afghanistan,страны,pays
42331,Afghanistan,афганцев,afghan
42332,Afghanistan,афганцев,afghanistan
42333,pithy,сжатый,concis
42334,pithy,ёмкий,no_equality
42335,pithy,содержательно,no_equality
42336,pithy,лаконично,no_equality
42337,spend,тратить,passer
42338,spend,тратить,dépenser
42339,spend,тратить,consacrer
42340,spend,тратить,utiliser
42341,spend,тратить,mettre
42342,spend,тратить,gaspiller
42343,spend,проводить,passer
42344,spend,проводить,rester
42345,spend,посвятить,consacrer
42346,spend,пробыть,rester
42347,spend,пробыть,séjourner
42348,spend,прожить,passer
42349,spend,прожить,vivre
42350,spend,направить,consacrer
42351,spend,уходить,passer
42352,spend,уходить,rester
42353,spend,растрачивать,gaspiller
42354,spend,растрачивать,épuiser
42355,trustworthinesses,надежность,fiabilité
42356,trustworthinesses,надежность,crédibilité
42357,trustworthinesses,добросовестность,no_equality
42358,trustworthinesses,доверие к,crédibilité
42359,trustworthinesses,кредитоспособность,crédibilité
42360,trustworthinesses,благонадёжность,no_equality
42361,trustworthinesses,достоверности,fiabilité
42362,trustworthinesses,достоверности,crédibilité
42363,trustworthinesses,достоверности,véracité
42364,trustworthinesses,доверия к,crédibilité
42365,outlines,излагаются,décrit
42366,outlines,излагаются,présente
42367,outlines,излагаются,énonce
42368,outlines,излагаются,expose
42369,outlines,излагаются,définit
42370,outlines,излагаются,indique
42371,outlines,изложены,décrit
42372,outlines,изложены,présente
42373,outlines,изложены,énonce
42374,outlines,изложены,expose
42375,outlines,изложены,définit
42376,outlines,излагается,décrit
42377,outlines,излагается,présente
42378,outlines,излагается,énonce
42379,outlines,излагается,expose
42380,outlines,излагается,définit
42381,outlines,излагается,résume
42382,outlines,описываются,présente
42383,outlines,описываются,expose
42384,outlines,описываются,fait état
42385,outlines,описывается,décrit
42386,outlines,описывается,présente
42387,outlines,описывается,expose
42388,outlines,описывается,définit
42389,outlines,говорится,décrit
42390,outlines,говорится,indique
42391,outlines,говорится,précise
42392,outlines,говорится,fait état
42393,outlines,излагает,décrit
42394,outlines,излагает,présente
42395,outlines,излагает,énonce
42396,outlines,излагает,expose
42397,outlines,излагает,définit
42398,outlines,излагает,esquisse
42399,outlines,излагает,résume
42400,outlines,намечены,énonce
42401,outlines,намечены,définit
42402,outlines,определяются,énonce
42403,outlines,определяются,définit
42404,outlines,определены,énonce
42405,outlines,определены,définit
42406,outlines,наброски,grandes lignes
42407,outlines,наброски,esquisse
42408,outlines,набросков,grandes lignes
42409,outlines,набросков,esquisse
42410,outlines,обозначены,définit
42411,outlines,освещается,décrit
42412,outlines,освещается,souligne
42413,outlines,освещается,fait état
42414,outlines,очертания,contour
42415,deport,депортировать,expulser
42416,deport,депортировать,déporter
42417,deport,депортировать,renvoyer
42418,deport,депортировать,expulsion
42419,deport,ссылать,no_equality
42420,deport,выселить,expulser
42421,signature,подпись,signature
42422,signature,подпись,signé
42423,signature,подпись,signer
42424,signature,подписание,signature
42425,signature,подписание,conclusion
42426,signature,автограф,no_equality
42427,signature,роспись,no_equality
42428,signature,почерк,signature
42429,signature,собственноручная подпись,signature
42430,signature,собственноручная подпись,signé
42431,signature,заметность,no_equality
42432,signature,фирменный,no_equality
42433,signature,сигнатурный,no_equality
42434,signature,подписывать,no_equality
42435,apparatchiks,аппаратчиков,no_equality
42436,consolidations,консолидация,consolidation
42437,consolidations,консолидация,regroupement
42438,consolidations,консолидации,consolidation
42439,consolidations,укрупнения,no_equality
42440,consolidations,объединение счетов,regroupement
42441,faithfuls,верный,fidèle
42442,faithfuls,преданный,fidèle
42443,faithfuls,верность,no_equality
42444,faithfuls,верующих,fidèle
42445,faithfuls,добросовестного,fidèle
42446,faithfuls,добросовестное,fidèle
42447,faithfuls,верующие,no_equality
42448,faithfuls,верующим,no_equality
42449,faithfuls,правоверных,no_equality
42450,faithfuls,добросовестному,no_equality
42451,faithfuls,добросовестным,no_equality
42452,faithfuls,добросовестном,fidèle
42453,faithfuls,добросовестно,no_equality
42454,es,эс,no_equality
42455,es,es,no_equality
42456,es,вв,no_equality
42457,es,ов,no_equality
42458,es,ы,no_equality
42459,es,уэ,no_equality
42460,es,с-з,no_equality
42461,es,классам,no_equality
42462,es,эксты,no_equality
42463,chronicle,хроника,chronique
42464,chronicle,летопись,no_equality
42465,chronicle,летописи,no_equality
42466,chronicle,"""кроникл""",no_equality
42467,chronicle,"""хроники""",no_equality
42468,chronicle,«хроники»,no_equality
42469,chronicle,"""хроникл""",no_equality
42470,chronicle,"""хронике""",no_equality
42471,chronicle,"""хроник""",no_equality
42472,chronicle,летописью,no_equality
42473,chronicle,chronicle,no_equality
42474,chronicle,хрониках,no_equality
42475,chronicle,газете,no_equality
42476,chronicle,хронологическом порядке,no_equality
42477,fowler,фаулер,fowler
42478,fowler,фаулера,fowler
42479,fowler,фоулер,fowler
42480,fowler,птицелов,no_equality
42481,fowler,фулер,fowler
42482,fowler,фаулеру,no_equality
42483,fowler,фаулером,no_equality
42484,fowler,флауэр,no_equality
42485,superintendences,управление,direction
42486,superintendences,наблюдение,supervision
42487,superintendences,до сведения главного,no_equality
42488,superintendences,главного управления,no_equality
42489,superintendences,главном управлении,no_equality
42490,superintendences,суперинтендантство,no_equality
42491,professorship,кафедра,chaire
42492,professorship,профессорство,no_equality
42493,professorship,профессура,no_equality
42494,professorship,должность профессора,poste de professeur
42495,professorship,профессорскую должность,no_equality
42496,professorship,преподавателя,no_equality
42497,professorship,профессорская должность,no_equality
42498,professorship,должности профессора,no_equality
42499,professorship,звание профессора,no_equality
42500,barbaric,варварский,no_equality
42501,barbaric,варварство,no_equality
42502,barbaric,варварском,no_equality
42503,barbaric,варварски,no_equality
42504,promulgated,провозглашенный,no_equality
42505,promulgated,промульгированный,no_equality
42506,promulgated,продвигавшийся,no_equality
42507,bounteous,обильный,no_equality
42508,bounteous,достаточный,no_equality
42509,bounteous,щедрое,généreux
42510,cover,охватывать,couvrir
42511,cover,охватывать,recouvrir
42512,cover,охватывать,porter sur
42513,cover,охватывать,englober
42514,cover,охватывать,inclure
42515,cover,охватывать,embrasser
42516,cover,охватить,couvrir
42517,cover,охватить,porter sur
42518,cover,охватить,englober
42519,cover,охватить,inclure
42520,cover,покрывать,couvrir
42521,cover,покрывать,recouvrir
42522,cover,покрывать,financer
42523,cover,покрывать,parcourir
42524,cover,прикрыть,couvrir
42525,cover,прикрыть,cacher
42526,cover,покрыть,couvrir
42527,cover,покрыть,recouvrir
42528,cover,покрыть,financer
42529,cover,включать,porter sur
42530,cover,включать,englober
42531,cover,включать,inclure
42532,cover,включать,contenir
42533,cover,скрыть,couvrir
42534,cover,скрыть,cacher
42535,cover,касаться,couvrir
42536,cover,касаться,porter sur
42537,cover,прикрытие,couverture
42538,cover,прикрытие,protection
42539,cover,покров,couverture
42540,cover,охват,couverture
42541,cover,обложка,couverture
42542,cover,покрытие,couverture
42543,cover,покрытие,revêtement
42544,cover,укрытие,abri
42545,cover,крышка,couvercle
42546,cover,прикрывать,couvrir
42547,cover,освещать,couvrir
42548,cover,накрыть,couvrir
42549,cover,осветить,couvrir
42550,cover,закрывать,couvrir
42551,cover,закрывать,cacher
42552,cover,покрывало,couverture
42553,cover,кавер,no_equality
42554,cover,застраховать,no_equality
42555,cover,защита,protection
42556,cover,защищать,no_equality
42557,Bengalis,бенгальцами,no_equality
42558,Bengalis,бенгальцы,no_equality
42559,Bengalis,совсем немного бенгальцев могут там,no_equality
42560,albinism,страдающих альбинизмом,no_equality
42561,albinism,альбинизм,albinisme
42562,albinism,альбинизма,no_equality
42563,albinism,альбиносов,albinos
42564,sneered,долгие годы насмехался над вами,no_equality
42565,sneered,ухмыльнулся,no_equality
42566,ironed,выглаженный,no_equality
42567,ironed,отглаженный,no_equality
42568,ironed,отутюженный,no_equality
42569,innovated,инновационные,innover
42570,innovated,инновационные,innovation
42571,innovated,инновационных,no_equality
42572,microscopically,микроскопически,no_equality
42573,microscopically,при помощи микроскопа,no_equality
42574,microscopically,микроскопический,no_equality
42575,vastly,значительно,considérablement
42576,vastly,значительно,largement
42577,vastly,значительно,beaucoup
42578,vastly,значительно,grandement
42579,vastly,значительно,bien
42580,vastly,значительно,nettement
42581,vastly,значительно,très
42582,vastly,гораздо,considérablement
42583,vastly,гораздо,largement
42584,vastly,гораздо,beaucoup
42585,vastly,гораздо,bien
42586,vastly,гораздо,nettement
42587,vastly,гораздо,infiniment
42588,vastly,существенно,considérablement
42589,vastly,существенно,largement
42590,vastly,существенно,beaucoup
42591,vastly,существенно,grandement
42592,vastly,существенно,bien
42593,vastly,существенно,énormément
42594,vastly,существенно,nettement
42595,vastly,существенно,très
42596,vastly,существенно,profondément
42597,vastly,намного,considérablement
42598,vastly,намного,largement
42599,vastly,намного,beaucoup
42600,vastly,намного,grandement
42601,vastly,намного,bien
42602,vastly,намного,nettement
42603,vastly,намного,très
42604,vastly,резко,considérablement
42605,vastly,резко,beaucoup
42606,vastly,резко,nettement
42607,vastly,резко,très
42608,vastly,сильно,considérablement
42609,vastly,сильно,beaucoup
42610,vastly,сильно,très
42611,vastly,сильно,profondément
42612,vastly,значительной мере,beaucoup
42613,vastly,значительной мере,énormément
42614,vastly,существенное,no_equality
42615,vastly,чрезвычайно,énormément
42616,vastly,чрезвычайно,extrêmement
42617,vastly,чрезвычайно,très
42618,vastly,значительному,no_equality
42619,satiating,насыщение,saturation
42620,actuaries,актуариев,no_equality
42621,actuaries,актуариями,actuaire
42622,actuaries,актуарии,no_equality
42623,actuaries,актуариям,actuaire
42624,manicure,маникюр,manucure
42625,manicure,делать маникюр,no_equality
42626,manicure,маникюрный,no_equality
42627,sciences,наук,science
42628,sciences,наук,informatique
42629,sciences,наук,scientifique
42630,sciences,науки,science
42631,sciences,науки,informatique
42632,sciences,науки,scientifique
42633,sciences,наукам,science
42634,sciences,науках,science
42635,sciences,науками,science
42636,sciences,науке,science
42637,sciences,науке,scientifique
42638,sciences,наука,science
42639,sciences,наука,scientifique
42640,sciences,исследований,no_equality
42641,sciences,криминологии,no_equality
42642,sciences,информатики,informatique
42643,sciences,факультета,no_equality
42644,sciences,криминологических,no_equality
42645,sciences,наукой,science
42646,sciences,наукой,scientifique
42647,sciences,криминалистики,criminalistique
42648,sciences,науку,science
42649,camped,разбили лагерь,no_equality
42650,camped,расположились,campaient
42651,camped,расположились,campent
42652,camped,расположившихся,no_equality
42653,camped,разбил лагерь,no_equality
42654,camped,лагеря,no_equality
42655,camped,ночевали,no_equality
42656,camped,останавливались,no_equality
42657,camped,сторожат,no_equality
42658,camped,стоят лагерем,no_equality
42659,camped,обустроились,no_equality
42660,camped,прятался,no_equality
42661,camped,поселились,no_equality
42662,camped,разбила лагерь,no_equality
42663,infielder,инфилдер,no_equality
42664,hallucinated,привиделся,no_equality
42665,hallucinated,галлюцинировал,no_equality
42666,hallucinated,галлюцинировала,no_equality
42667,hallucinated,была галлюцинация,no_equality
42668,hallucinated,галлюцинацией,no_equality
42669,hallucinated,меня были галлюцинации,halluciné
42670,hallucinated,меня были галлюцинации,ai eu des hallucinations
42671,hallucinated,тоже мерещились,no_equality
42672,hallucinated,галлюцинировали,no_equality
42673,dismissals,увольнения,licenciement
42674,dismissals,увольнения,renvoi
42675,dismissals,увольнений,licenciement
42676,dismissals,увольнений,renvoi
42677,dismissals,увольнениях,licenciement
42678,dismissals,увольнение,licenciement
42679,dismissals,увольнение,révocation
42680,dismissals,увольнение,renvoi
42681,dismissals,увольнение,congédiement
42682,dismissals,закрываемых,no_equality
42683,dismissals,отказы,rejet
42684,dismissals,увольнениями,licenciement
42685,dismissals,увольнениям,no_equality
42686,dismissals,об увольнении,renvoi
42687,multiply,умножать,multiplier
42688,multiply,размножаться,no_equality
42689,multiply,размножить,no_equality
42690,multiply,перемножать,no_equality
42691,multiply,плодить,no_equality
42692,multiply,мультиплицировать,no_equality
42693,multiply,многократно,plusieurs fois
42694,steadfastly,упорно,sans relâche
42695,steadfastly,упорно,obstinément
42696,steadfastly,непоколебимо,fermement
42697,steadfastly,стойко,no_equality
42698,transfigure,преобразовывать,no_equality
42699,scream,кричать,crier
42700,scream,кричать,hurler
42701,scream,кричать,gueuler
42702,scream,завизжать,no_equality
42703,scream,выть,hurler
42704,scream,вопль,cri
42705,scream,умора,hilarant
42706,females,женщин,femme
42707,females,женщин,fille
42708,females,женщин,sexe
42709,females,женщины,femme
42710,females,женщины,fille
42711,females,женщины,sexe féminin
42712,females,женщины,sexe
42713,females,девочек,femme
42714,females,девочек,fille
42715,females,девочек,sexe féminin
42716,females,девочек,sexe
42717,females,девочек,adolescent
42718,females,женщинами,femme
42719,females,женщинами,fille
42720,females,женщинами,sexe
42721,females,женщинам,femme
42722,females,девушек,femme
42723,females,девушек,fille
42724,females,девушек,adolescent
42725,females,девушек,étudiant
42726,females,самки,femelle
42727,females,самок,femelle
42728,females,девочки,femme
42729,females,девочки,fille
42730,females,лиц женского пола,femme
42731,females,лиц женского пола,fille
42732,females,лиц женского пола,population féminine
42733,females,девушки,no_equality
42734,females,женщина,femme
42735,females,женщина,femelle
42736,females,женщина,fille
42737,females,девочками,fille
42738,females,женщинах,no_equality
42739,females,женского населения,femme
42740,females,женского населения,population féminine
42741,wrestles,борется,se bat
42742,wrestles,борется,se débat
42743,wrestles,борется,combattait
42744,Rumanian,румынский,roumain
42745,Rumanian,румын,roumain
42746,Rumanian,по-румынски,no_equality
42747,outlays,расходов,dépense
42748,outlays,расходы,dépense
42749,outlays,затрат,dépense
42750,outlays,ассигнований,dépense
42751,outlays,затраты,investissement
42752,outlays,ассигнования,no_equality
42753,outlays,расходами,dépense
42754,outlays,издержек,dépense
42755,outlays,расходах,dépense
42756,revolted,восстали,se révoltèrent
42757,revolted,восстал,no_equality
42758,revolted,подняли мятеж,no_equality
42759,revolted,подняли восстание,no_equality
42760,sixthly,в-шестых,sixièmement
42761,sixthly,шестое,no_equality
42762,splints,шины,no_equality
42763,splints,шинам,no_equality
42764,dandling,ласки,no_equality
42765,redoing,сделать ремонт,refaire
42766,redoing,ремонтируют,no_equality
42767,redoing,переделывание,no_equality
42768,redoing,переделываю,refais
42769,redoing,переделать,refaire
42770,redoing,переделывает,no_equality
42771,redoing,переделываем,no_equality
42772,redoing,ремонте,no_equality
42773,disseminating,распространение,diffusion
42774,disseminating,распространять,diffusion
42775,disseminating,распространять,diffuser
42776,disseminating,распространять,faire connaître
42777,disseminating,распространять,disséminer
42778,disseminating,распространять,propager
42779,disseminating,распространяя,diffuser
42780,disseminating,распространяет,diffuser
42781,disseminating,распространяет,diffuse
42782,disseminating,распространяют,diffuser
42783,disseminating,распространяют,diffusent
42784,disseminating,пропаганды,diffusion
42785,disseminating,пропаганды,diffuser
42786,disseminating,пропаганды,faire connaître
42787,disseminating,пропаганды,vulgarisation
42788,disseminating,популяризации,diffusion
42789,disseminating,популяризации,diffuser
42790,disseminating,популяризации,faire connaître
42791,disseminating,популяризации,vulgarisation
42792,disseminating,популяризации,vulgariser
42793,disseminating,пропаганде,no_equality
42794,disseminating,распространить,diffuser
42795,disseminating,распространить,propager
42796,disseminating,распространяющих,no_equality
42797,disseminating,распространяли,no_equality
42798,quarantined,на карантине,no_equality
42799,quarantined,в карантин,no_equality
42800,quarantined,в карантине,no_equality
42801,quarantined,под карантином,no_equality
42802,quarantined,на карантин,no_equality
42803,quarantined,изолировали,no_equality
42804,quarantined,карантина,no_equality
42805,quarantined,изолированы,isolé
42806,quarantined,объявлен карантин,mis en quarantaine
42807,quarantined,помещенные,no_equality
42808,quarantined,изолирован,isolé
42809,quarantined,изолировал,no_equality
42810,quarantined,заперли,no_equality
42811,quarantined,изолировать,no_equality
42812,quarantined,в изоляции,isolé
42813,accent,акцент,accent
42814,accent,произношение,no_equality
42815,accent,упор,no_equality
42816,accent,ударение,accent
42817,accent,выговор,accent
42818,accent,accent,no_equality
42819,misconceptions,заблуждения,idées fausses
42820,misconceptions,заблуждения,malentendu
42821,misconceptions,заблуждения,conceptions erronées
42822,misconceptions,заблуждения,préjugé
42823,misconceptions,заблуждений,idées fausses
42824,misconceptions,заблуждений,malentendu
42825,misconceptions,ошибочных представлений,idées fausses
42826,misconceptions,ошибочных представлений,idées erronées
42827,misconceptions,ошибочные представления,no_equality
42828,misconceptions,неверных представлений,no_equality
42829,misconceptions,неправильных представлений,idées fausses
42830,misconceptions,неправильные представления,idées fausses
42831,misconceptions,неправильные представления,malentendu
42832,misconceptions,неверные представления,malentendu
42833,misconceptions,ложные представления,idées fausses
42834,misconceptions,заблуждениях,no_equality
42835,misconceptions,недоразумений,no_equality
42836,misconceptions,недопонимание,idées fausses
42837,misconceptions,недопонимание,malentendu
42838,misconceptions,заблуждениями,idées fausses
42839,misconceptions,ложных представлений,no_equality
42840,misconceptions,неправильное представление,idées fausses
42841,puffing,пыхтение,no_equality
42842,puffing,пыхтящий,no_equality
42843,amusing,забавный,amusant
42844,amusing,забавный,drôle
42845,amusing,забавный,divertissant
42846,amusing,забавный,rigolo
42847,amusing,забавный,marrant
42848,amusing,смешной,amusant
42849,amusing,смешной,drôle
42850,amusing,смешной,rigolo
42851,amusing,смешной,marrant
42852,amusing,забавно,rire
42853,amusing,забавно,rigolo
42854,amusing,занятный,no_equality
42855,amusing,забавляет,amuse
42856,amusing,весело,amusant
42857,amusing,весело,drôle
42858,amusing,весело,marrant
42859,amusing,занятно,no_equality
42860,giddiness,головокружение,vertige
42861,flop,переметнуться,no_equality
42862,flop,плюхнуться,no_equality
42863,flop,провалиться,no_equality
42864,flop,болтаться,no_equality
42865,flop,флоп,no_equality
42866,flop,фиаско,fiasco
42867,flop,триггер,no_equality
42868,flop,темповое сальто,no_equality
42869,flop,шлепанье,no_equality
42870,flop,шлеп,no_equality
42871,cabmen,извозчики,no_equality
42872,flake,хлопья,flocon
42873,flake,хлопья,paillette
42874,flake,трубочка,no_equality
42875,flake,осколок,éclat
42876,flake,слой,no_equality
42877,flake,чешуйчатого,no_equality
42878,flake,кокаина,no_equality
42879,flake,слоятся,no_equality
42880,flake,эксцентрична,no_equality
42881,flake,отслаиваюсь,no_equality
42882,fluctuating,флуктуирующий,no_equality
42883,fluctuating,изменяющийся,no_equality
42884,fluctuating,флюктуирующий,no_equality
42885,fluctuating,колебание,no_equality
42886,fluctuating,неустойчивый,instable
42887,fluctuating,флуктуационный,no_equality
42888,fluctuating,текучий,no_equality
42889,dramatically,резко,considérablement
42890,dramatically,резко,radicalement
42891,dramatically,резко,fortement
42892,dramatically,резко,sensiblement
42893,dramatically,резко,spectaculairement
42894,dramatically,резко,nettement
42895,dramatically,резко,gravement
42896,dramatically,резко,brutalement
42897,dramatically,кардинально,considérablement
42898,dramatically,кардинально,radicalement
42899,dramatically,кардинально,profondément
42900,dramatically,драматически,no_equality
42901,dramatically,наглядно,no_equality
42902,dramatically,совершенно,radicalement
42903,dramatically,театрально,no_equality
42904,dramatically,эффектно,no_equality
42905,dramatically,поразительно,no_equality
42906,dramatically,драматический,no_equality
42907,trafficker,торговец,trafiquant
42908,trafficker,торговца людьми,no_equality
42909,trafficker,торговцев людьми,trafiquant
42910,trafficker,контрабандистом,no_equality
42911,trafficker,контрабандистов,trafiquant
42912,trafficker,торговцем людьми,trafiquant
42913,trafficker,проводника,no_equality
42914,trafficker,наркодилер,no_equality
42915,trafficker,контрабандист,trafiquant
42916,trafficker,наркодельцами,no_equality
42917,trafficker,торговцу людьми,trafiquant
42918,trafficker,секс-работорговца,no_equality
42919,reappearing,повторное появление,no_equality
42920,reappearing,вновь появляющийся,no_equality
42921,reappearing,появившийся,no_equality
42922,windlessness,безземелье,no_equality
42923,windlessness,безземелья,no_equality
42924,windlessness,безземельность,no_equality
42925,windlessness,безземельности,no_equality
42926,windlessness,отсутствие земли,no_equality
42927,windlessness,обезземеливания,no_equality
42928,windlessness,безземельных крестьян,no_equality
42929,windlessness,безземельностью,no_equality
42930,windlessness,отсутствие земельной собственности,no_equality
42931,windlessness,безземельем,no_equality
42932,calling,зовущий,no_equality
42933,calling,вызывающий,no_equality
42934,calling,называющий,no_equality
42935,calling,звонящий,no_equality
42936,calling,требующий,no_equality
42937,calling,вызываемый,no_equality
42938,calling,ставящий,no_equality
42939,calling,вызывной,no_equality
42940,calling,вызов,appel
42941,calling,призвание,vocation
42942,calling,призвание,métier
42943,calling,созыв,no_equality
42944,calling,заход,no_equality
42945,calling,привлечение,no_equality
42946,calling,вызывание,no_equality
42947,calling,называние,no_equality
42948,calling,перекличка,appel
42949,calling,призванность,no_equality
42950,grantor,лицо,no_equality
42951,grantor,даритель,no_equality
42952,hissers,шипит,no_equality
42953,evaluation,оценка,évaluation
42954,evaluation,оценка,appréciation
42955,evaluation,оценка,bilan
42956,evaluation,оценка,estimation
42957,evaluation,оценка,examen
42958,evaluation,вычисление,no_equality
42959,evaluation,экспертиза,évaluation
42960,evaluation,экспертиза,expertise
42961,evaluation,аттестация,no_equality
42962,evaluation,оценочный,évaluation
42963,evaluation,оценочный,estimation
42964,evaluation,пробный,no_equality
42965,snails,улиток,escargot
42966,snails,улитки,escargot
42967,snails,улитками,no_equality
42968,snails,улиткам,no_equality
42969,snails,слизни,no_equality
42970,Fijians,фиджийцев,fidjiens
42971,Fijians,фиджийцев,fidjiennes
42972,Fijians,фиджийцы,fidjiens
42973,Fijians,фиджийцами,fidjiens
42974,Fijians,фиджийцам,no_equality
42975,Fijians,граждан фиджи,no_equality
42976,Fijians,жителей фиджи,no_equality
42977,Fijians,жители фиджи,no_equality
42978,feasibly,реально,no_equality
42979,feasibly,практически,no_equality
42980,rhymes,рифмуется,no_equality
42981,rhymes,рифмы,rimer
42982,rhymes,рифму,rimer
42983,rhymes,стихи,no_equality
42984,rhymes,рифм,no_equality
42985,rhymes,стишки,no_equality
42986,rhymes,рифмует,no_equality
42987,rhymes,песенки,no_equality
42988,rhymes,рифмами,no_equality
42989,rhymes,стиха,no_equality
42990,rhymes,рифма,rime
42991,farmyards,скотных дворов,no_equality
42992,softwoods,древесина хвойных пород,résineux
42993,robots,микророботы,no_equality
42994,extradited,выдан,extrader
42995,extradited,выданы,extradé
42996,extradited,выдано,extradé
42997,extradited,экстрадиции,no_equality
42998,extradited,выдаче,no_equality
42999,extradited,экстрадирован,extradé
43000,extradited,выдачи,no_equality
43001,extradited,экстрадированы,no_equality
43002,extradited,выдачу,no_equality
43003,extradited,выданных,no_equality
43004,extradited,выдаваться,no_equality
43005,extradited,экстрадированных,no_equality
43006,extradited,выслан,extradé
43007,extradited,выданного,no_equality
43008,extradited,выданное,no_equality
43009,quantitative,количественный,quantitatif
43010,quantitative,количественный,quantité
43011,quantitative,количественный,quantifier
43012,quantitative,качественный,no_equality
43013,quantitative,количества,no_equality
43014,linguistics,лингвистика,linguistique
43015,linguistics,лингвистикой,no_equality
43016,linguistics,языкам,no_equality
43017,linguistics,языковых,linguistique
43018,linguistics,лингвистическом,no_equality
43019,linguistics,лингвистического,no_equality
43020,linguistics,языкознания,no_equality
43021,linguistics,лингвиста,no_equality
43022,linguistics,лингвистические,linguistique
43023,despotic,деспотический,no_equality
43024,despotic,деспотичных,no_equality
43025,despotic,деспотичной,no_equality
43026,despotic,диктаторскими,no_equality
43027,despotic,деспотичными,no_equality
43028,despotic,деспотичного,no_equality
43029,despotic,деспотичном,no_equality
43030,relatively,относительно,relativement
43031,relatively,относительно,assez
43032,relatively,сравнительно,relativement
43033,relatively,сравнительно,assez
43034,relatively,сравнительно,comparativement
43035,relatively,сравнительно,relative
43036,relatively,довольно,relativement
43037,relatively,довольно,assez
43038,relatively,довольно,peu
43039,relatively,довольно,plutôt
43040,relatively,довольно,très
43041,relatively,относительной,no_equality
43042,relatively,относительную,no_equality
43043,relatively,относительное,no_equality
43044,relatively,относительная,no_equality
43045,relatively,относительном,no_equality
43046,relatively,относительного,no_equality
43047,relatively,целом,no_equality
43048,relatively,практически,très
43049,relatively,практически,pratiquement
43050,relatively,практически,guère
43051,relatively,весьма,relativement
43052,relatively,весьма,assez
43053,relatively,весьма,plutôt
43054,relatively,весьма,très
43055,relatively,весьма,guère
43056,relatively,примерно,sensiblement
43057,relatively,менее,peu
43058,relatively,менее,moins
43059,relatively,менее,faible
43060,relatively,относительным,no_equality
43061,accessibilities,уровня доступности,accessibilité
43062,effervescing,вспенивание,no_equality
43063,monolingually,одноязычный,no_equality
43064,monolingually,моноязычный,no_equality
43065,monolingually,одноязычные,no_equality
43066,monolingually,одноязычными,no_equality
43067,monolingually,владеют только одним языком,no_equality
43068,monolingually,одноязычным,no_equality
43069,monolingually,обучением на одном языке,no_equality
43070,monolingually,одноязычную,no_equality
43071,monolingually,моноязычными,no_equality
43072,conical,конический,conique
43073,conical,коническая,no_equality
43074,conical,коническими,no_equality
43075,conical,конусной,no_equality
43076,conical,конусообразной,no_equality
43077,conical,коническим,no_equality
43078,conical,коническую,no_equality
43079,conical,конусообразную,no_equality
43080,conical,конусная,no_equality
43081,conical,коническое,no_equality
43082,conical,конусных,no_equality
43083,overpaid,переплатил,no_equality
43084,overpaid,переплатила,no_equality
43085,overpaid,переплаченных,trop-perçu
43086,overpaid,переплатили,no_equality
43087,overpaid,переплаченные,no_equality
43088,overpaid,переплата,no_equality
43089,overpaid,переплаченную,no_equality
43090,overpaid,переплачивают,no_equality
43091,overpaid,переплачено,no_equality
43092,overpaid,переплаченными,no_equality
43093,overpaid,переплаченного,no_equality
43094,overpaid,переплату,no_equality
43095,dedicates,посвящает,consacre
43096,dedicates,посвящает,dédie
43097,dedicates,посвятил,no_equality
43098,held,проведены,eu lieu
43099,held,провел,no_equality
43100,held,проведено,eu lieu
43101,held,состоявшейся,no_equality
43102,held,провела,no_equality
43103,held,проведен,no_equality
43104,held,состоявшемся,no_equality
43105,held,состоится,no_equality
43106,held,проведена,no_equality
43107,held,состоявшегося,no_equality
43108,held,провели,no_equality
43109,held,проводятся,no_equality
43110,held,состоявшихся,no_equality
43111,held,проводились,no_equality
43112,held,проведение,no_equality
43113,marketer,маркетолог,no_equality
43114,molding,литье,moulage
43115,molding,формование,no_equality
43116,molding,молдинг,no_equality
43117,molding,воспитываю,no_equality
43118,molding,молдинге,no_equality
43119,molding,формовки,no_equality
43120,molding,рубленого,no_equality
43121,molding,пояска над карнизом,no_equality
43122,molding,литьем под давлением,no_equality
43123,molding,формовочная,no_equality
43124,cross_section,круг,no_equality
43125,cross_section,поперечное сечение,coupe transversale
43126,cross_section,срез,no_equality
43127,cross_section,поперечный разрез,coupe transversale
43128,cross_section,поперечный,transversal
43129,cross_section,поперечного сечения,section transversale
43130,cross_section,поперечном сечении,section transversale
43131,cross_section,сечением,no_equality
43132,cross_section,всех слоев,no_equality
43133,cross_section,слои,no_equality
43134,cross_section,различных слоев,no_equality
43135,cross_section,разрезе,no_equality
43136,cross_section,спектр,no_equality
43137,cross_section,слоями,no_equality
43138,repulsed,оттолкнутый,no_equality
43139,resume,возобновить,reprendre
43140,resume,возобновить,relancer
43141,resume,возобновить,recommencer
43142,resume,возобновить,renouer
43143,resume,возобновить,revenir
43144,resume,возобновить,rétablir
43145,resume,возобновить,rouvrir
43146,resume,возобновиться,reprendre
43147,resume,продолжить,reprendre
43148,resume,продолжить,poursuivre
43149,resume,возобновлять,reprendre
43150,resume,возобновлять,renouer
43151,resume,возобновлять,rouvrir
43152,resume,восстановить,reprendre
43153,resume,восстановить,relancer
43154,resume,восстановить,retrouver
43155,resume,восстановить,rétablir
43156,resume,восстановить,regagner
43157,resume,вернуться к,reprendre
43158,resume,вернуться к,retrouver
43159,resume,возобновление,reprise
43160,resume,резюме,curriculum vitae
43161,resume,резюме,résumé
43162,resume,резюме,cv
43163,resume,вновь,reprendre
43164,resume,вновь,rétablir
43165,resume,возобновляться,reprendre
43166,resume,продолжать,poursuivre
43167,resume,продолжать,continuer
43168,resume,приступить,poursuivre
43169,resume,занять,reprendre
43170,Muncies,закуска,en-cas
43171,Muncies,жор,no_equality
43172,Muncies,голод,no_equality
43173,Muncies,перекусить,no_equality
43174,totals,составляет,total
43175,totals,составляет,compte
43176,totals,составляет,atteint
43177,totals,общие показатели,no_equality
43178,totals,итоговые показатели,no_equality
43179,totals,составляют,atteint
43180,totals,составляют,s'élèvent
43181,totals,итоговые данные,no_equality
43182,totals,итогов,no_equality
43183,totals,общих показателей,no_equality
43184,totals,итоги,no_equality
43185,totals,насчитывает,compte
43186,totals,итоговых показателей,total
43187,totals,итоговых данных,total
43188,totals,итоговых показателях,no_equality
43189,totals,общей сложности,total
43190,totals,итого,total
43191,dramatization,инсценировка,mise en scène
43192,dramatization,инсценировка,reconstitution
43193,disciple,ученик,disciple
43194,disciple,ученик,élève
43195,disciple,последователь,disciple
43196,disciple,апостол,disciple
43197,disciple,апостол,apôtre
43198,disciple,ученица,disciple
43199,disciple,ученица,élève
43200,disciple,последовательница,disciple
43201,disciple,сторонник,no_equality
43202,disciple,апостолом,no_equality
43203,disciple,подражатель,no_equality
43204,disciple,ученики,disciple
43205,disciple,ученики,élève
43206,disciple,апостола с 22-ой,disciple
43207,disciple,апостола с 22-ой,apôtre
43208,disciple,шана,no_equality
43209,immense,огромный,immense
43210,immense,огромный,énorme
43211,immense,огромный,grand
43212,immense,огромный,considérable
43213,immense,огромный,vaste
43214,immense,огромный,gigantesque
43215,immense,огромный,énormément
43216,immense,огромный,beaucoup
43217,immense,огромный,formidable
43218,immense,колоссальный,immense
43219,immense,колоссальный,énorme
43220,immense,колоссальный,énormément
43221,immense,колоссальный,formidable
43222,immense,колоссальный,colossal
43223,immense,огромную,immense
43224,immense,огромную,énorme
43225,immense,огромную,grand
43226,immense,огромную,considérable
43227,immense,огромную,vaste
43228,immense,огромную,gigantesque
43229,immense,огромную,très
43230,immense,огромную,extrêmement
43231,immense,огромную,énormément
43232,immense,огромную,beaucoup
43233,immense,гигантский,immense
43234,immense,гигантский,énorme
43235,immense,гигантский,gigantesque
43236,immense,необъятный,immense
43237,immense,исключительно,no_equality
43238,immense,неимоверных,no_equality
43239,ceremonies,церемонии,cérémonie
43240,ceremonies,церемонии,funéraille
43241,ceremonies,церемонии,célébration
43242,ceremonies,церемонии,inauguration
43243,ceremonies,церемониях,cérémonie
43244,ceremonies,обрядов,cérémonie
43245,ceremonies,обрядов,rite
43246,ceremonies,обрядов,culte
43247,ceremonies,обряды,cérémonie
43248,ceremonies,обряды,rite
43249,ceremonies,обряды,rituel
43250,ceremonies,обряды,culte
43251,ceremonies,церемонию,cérémonie
43252,ceremonies,церемонию,inauguration
43253,ceremonies,церемониями,cérémonie
43254,ceremonies,церемония,cérémonie
43255,ceremonies,церемония,inauguration
43256,ceremonies,обрядах,cérémonie
43257,ceremonies,обрядах,rite
43258,ceremonies,обрядах,rituel
43259,ceremonies,церемониям,no_equality
43260,ceremonies,обрядами,rite
43261,ceremonies,торжественные мероприятия,célébrer
43262,ceremonies,торжественные мероприятия,célébration
43263,ceremonies,обрядам,rite
43264,ceremonies,торжественных мероприятий,cérémonie
43265,ceremonies,торжественных мероприятий,célébrer
43266,ceremonies,торжественных мероприятий,célébration
43267,ceremonies,ритуалов,cérémonie
43268,ceremonies,ритуалов,rite
43269,ceremonies,ритуалов,rituel
43270,locally,на месте,localement
43271,locally,на месте,sur place
43272,locally,на месте,sur le terrain
43273,locally,локально,localement
43274,locally,локально,local
43275,locally,локально,localisé
43276,locally,внутри страны,dans le pays
43277,locally,на местах,localement
43278,locally,на местах,sur place
43279,locally,на местах,sur le terrain
43280,locally,на местном уровне,localement
43281,locally,на местном уровне,sur place
43282,locally,на местном уровне,au niveau local
43283,locally,на местном уровне,sur le terrain
43284,locally,на местном уровне,proximité
43285,locally,местных,no_equality
43286,locally,на местной основе,localement
43287,locally,местным,no_equality
43288,locally,местный,no_equality
43289,locally,местного,no_equality
43290,locally,местные,no_equality
43291,locally,стране,no_equality
43292,locally,поблизости,dans le coin
43293,diverged,разошлись,divergent
43294,diverged,разошлись,divergeaient
43295,diverged,расходятся,no_equality
43296,diverged,отличаются,divergent
43297,diverged,разделилась,no_equality
43298,diverged,расходились,no_equality
43299,diverged,отклонилась,no_equality
43300,diverged,имеются расхождения,divergence
43301,diverged,отличалась,no_equality
43302,diverged,разделились,divergeaient
43303,diverged,различаются,divergent
43304,diverged,были высказаны различные,no_equality
43305,diverged,существуют различия,no_equality
43306,strayed,отклонился,égaré
43307,strayed,заблудился,no_equality
43308,strayed,отклонились,no_equality
43309,strayed,отошла,s'est écartée
43310,strayed,сбился с пути,égaré
43311,strayed,отбилась,no_equality
43312,strayed,сбилась с пути,no_equality
43313,strayed,случайно оказались,no_equality
43314,strayed,отошел,s'est écarté
43315,strayed,отошел,s'est éloigné
43316,strayed,забрел,no_equality
43317,strayed,отошли,no_equality
43318,strayed,сбился с истинного пути,no_equality
43319,strayed,поплутав,no_equality
43320,strayed,отклонилась,no_equality
43321,bicyclists,велосипедистов,cycliste
43322,bicyclists,велосипедисты,cycliste
43323,luncher,обеды,no_equality
43324,luncher,обедов,no_equality
43325,luncher,ланчи,no_equality
43326,luncher,обед,no_equality
43327,luncher,ланчей,no_equality
43328,luncher,завтраки,no_equality
43329,luncher,обедами,no_equality
43330,luncher,обеда,no_equality
43331,luncher,обедает,no_equality
43332,luncher,обедам,no_equality
43333,luncher,обедах,no_equality
43334,luncher,обедали,no_equality
43335,luncher,завтраков,no_equality
43336,hydrating,увлажняющий,no_equality
43337,hydrating,гидратирующий,no_equality
43338,hydrating,гидратирование,no_equality
43339,cite,привести,citer
43340,cite,привести,donner
43341,cite,ссылаться на,citer
43342,cite,ссылаться на,invoquer
43343,cite,ссылаться на,évoquer
43344,cite,процитировать,citer
43345,cite,сослаться на,citer
43346,cite,сослаться на,invoquer
43347,cite,сослаться на,évoquer
43348,cite,назвать,citer
43349,cite,назвать,mentionner
43350,cite,назвать,donner
43351,cite,назвать,indiquer
43352,cite,цитировать,citer
43353,cite,упомянуть,citer
43354,cite,упомянуть,mentionner
43355,cite,упомянуть,indiquer
43356,cite,приводят,no_equality
43357,cite,называют,no_equality
43358,cite,указывают на,font état
43359,cite,кртз,no_equality
43360,cite,крвтз,no_equality
43361,cite,указать,citer
43362,cite,указать,mentionner
43363,cite,указать,indiquer
43364,babble,лепетать,no_equality
43365,babble,тарабарщина,charabia
43366,babble,болтовни,bavardage
43367,babble,лепечешь,no_equality
43368,babble,болтаю,no_equality
43369,babble,babble,no_equality
43370,babble,болтовню,bavardage
43371,babble,болтовню,babillage
43372,babble,болтать,bavarder
43373,babble,болтать,jaser
43374,babble,балаболишь,no_equality
43375,babble,болтовне,bavardage
43376,pinched,ущипнул,no_equality
43377,pinched,украл,ai piqué
43378,pinched,стащил,ai piqué
43379,pinched,прижали,coincé
43380,pinched,ущипнула,no_equality
43381,pinched,сцапали,no_equality
43382,pinched,стащила,no_equality
43383,pinched,спер,no_equality
43384,pinched,стащили,ont piqué
43385,pinched,защемил,no_equality
43386,pinched,ущипнули,no_equality
43387,pinched,арестовали,no_equality
43388,pinched,попался,no_equality
43389,pinched,прижмут,no_equality
43390,pinched,щипала,no_equality
43391,spiritize,духе мы,no_equality
43392,patriarchy,патриархальный,no_equality
43393,patriarchy,Патриархат,patriarcat
43394,patriarchy,патриархальность,patriarcat
43395,curvatures,искривлений позвоночника,no_equality
43396,libellous,клеветнический,diffamatoire
43397,libellous,клеветническими,no_equality
43398,libellous,клеветническим,no_equality
43399,libellous,клевета,no_equality
43400,baking,выпечка,cuisson
43401,baking,выпечка,pâtisserie
43402,baking,выпечка,cuit
43403,baking,спекание,no_equality
43404,baking,хлебопечение,no_equality
43405,baking,сушка,no_equality
43406,baking,печение,no_equality
43407,baking,хлебопекарное производство,no_equality
43408,baking,хлебопекарный,no_equality
43409,baking,пекущий,no_equality
43410,baking,палящий,no_equality
43411,baking,спекающий,no_equality
43412,oxidizers,окислителей,oxydant
43413,oxidizers,окислители,no_equality
43414,devisees,разрабатывает,no_equality
43415,devisees,устройств,no_equality
43416,notions,понятия,notion
43417,notions,понятий,notion
43418,notions,понятий,concept
43419,notions,концепции,concept
43420,notions,понятиями,no_equality
43421,notions,понятиям,notion
43422,notions,понятиям,concept
43423,notions,идеи,concept
43424,notions,идеи,idée
43425,notions,понятие,notion
43426,notions,понятие,concept
43427,notions,понятие,idée
43428,notions,понятиях,notion
43429,notions,понятиях,concept
43430,notions,представления о,stéréotype
43431,notions,представлений о,notion
43432,notions,представлениях,no_equality
43433,Dallass,даллас,dallas
43434,Dallass,далласе,dallas
43435,Dallass,далласа,dallas
43436,Dallass,далласом,no_equality
43437,Dallass,торговый центр,no_equality
43438,Dallass,далласский,no_equality
43439,Dallass,даллаский,no_equality
43440,Dallass,далласу,dallas
43441,Dallass,далласские,de dallas
43442,Dallass,dallas,no_equality
43443,immoral,аморальный,immoral
43444,immoral,аморальный,amoral
43445,immoral,распутный,no_equality
43446,immoral,распущенный,no_equality
43447,substantiality,прочность,solidité
43448,solicitations,торгов,appels d'offres
43449,solicitations,торгов,appels d'offre
43450,solicitations,торгов,soumission
43451,solicitations,торги,appels d'offres
43452,solicitations,торги,appels d'offre
43453,solicitations,торги,soumission
43454,solicitations,тендеров,appels d'offre
43455,solicitations,тендеров,soumission
43456,solicitations,торгах,appels d'offres
43457,solicitations,торгах,appels d'offre
43458,solicitations,торгах,soumission
43459,solicitations,направлять оферты,no_equality
43460,solicitations,приглашения о направлении заявок,no_equality
43461,solicitations,"запрос оферт, начатый",soumission
43462,solicitations,предложений,soumission
43463,dynamos,генераторов,no_equality
43464,activity,деятельность,activité
43465,activity,деятельность,action
43466,activity,деятельность,opération
43467,activity,деятельность,intervention
43468,activity,активность,activité
43469,activity,мероприятие,activité
43470,activity,мероприятие,action
43471,activity,мероприятие,opération
43472,activity,мероприятия,activité
43473,activity,мероприятия,action
43474,activity,мероприятия,opération
43475,activity,мероприятия,travaux
43476,activity,мероприятия,intervention
43477,activity,работа,activité
43478,activity,работа,action
43479,activity,работы,activité
43480,activity,работы,action
43481,activity,действия,action
43482,activity,действия,intervention
43483,activity,операции,opération
43484,activity,операции,intervention
43485,activity,жизни,vie
43486,activity,занятие,activité
43487,activity,занятие,occupation
43488,activity,действий,activité
43489,activity,действий,action
43490,activity,действий,opération
43491,activity,действий,intervention
43492,activity,действий,acte
43493,activity,жизнедеятельности,activité
43494,activity,жизнедеятельности,vie
43495,activity,действиях,activité
43496,activity,действиях,action
43497,activity,действиях,opération
43498,activity,действиях,agissement
43499,activity,действиях,acte
43500,activity,деяния,activité
43501,activity,деяния,action
43502,activity,деяния,agissement
43503,activity,деяния,acte
43504,activity,действиями,activité
43505,activity,действиями,action
43506,activity,действиями,acte
43507,activity,экономическая активность,no_equality
43508,technologies,технологий,technique
43509,technologies,технологий,technologique
43510,technologies,технологий,écotechnologies
43511,technologies,технологий,informatique
43512,technologies,технологий,méthode
43513,technologies,технологий,tic
43514,technologies,технологиям,technologie
43515,technologies,технологиям,technique
43516,technologies,технологиям,technologique
43517,technologies,технологиям,écotechnologies
43518,technologies,технологиям,informatique
43519,technologies,технологиям,tic
43520,technologies,технологиями,technologie
43521,technologies,технологиями,technique
43522,technologies,технологиями,technologique
43523,technologies,технологиями,informatique
43524,technologies,технологиях,technologie
43525,technologies,технологиях,technique
43526,technologies,технологиях,technologique
43527,technologies,техники,technologie
43528,technologies,техники,technique
43529,technologies,техники,technologique
43530,technologies,технология,technologie
43531,technologies,технология,technique
43532,technologies,технология,technologique
43533,technologies,технология,procédé
43534,technologies,технологию,technologie
43535,technologies,технологию,technique
43536,technologies,технологию,informatique
43537,technologies,технологию,procédé
43538,technologies,технических средств,no_equality
43539,technologies,технологией,technologie
43540,technologies,технологических,technologie
43541,technologies,технологических,technique
43542,technologies,технологических,technologique
43543,technologies,видов технологии,technologie
43544,technologies,видов технологии,technique
43545,technologies,видов технологии,technologique
43546,technologies,техно-логий,technique
43547,technologies,техно-логий,technologique
43548,technologies,техно-логий,écotechnologies
43549,technologies,техно-логий,informatique
43550,technologies,техно-логий,méthode
43551,technologies,техно-логий,tic
43552,technologies,technologies,no_equality
43553,technologies,методов,technique
43554,technologies,методов,méthode
43555,technologies,методов,procédé
43556,technologies,методов,moyen
43557,technologies,икт,technologie
43558,technologies,икт,informatique
43559,technologies,икт,tic
43560,subtly,незаметно,subtilement
43561,subtly,незаметно,subtil
43562,subtly,незаметно,discrètement
43563,subtly,тонко,subtilement
43564,subtly,тонко,finement
43565,subtly,искусно,subtilement
43566,subtly,неуловимо,no_equality
43567,subtly,утончённо,subtilement
43568,subtly,деликатно,délicatement
43569,subtly,подспудно,no_equality
43570,subtly,скрытые,no_equality
43571,subtly,неуловимым образом,no_equality
43572,subtly,передразнивала,no_equality
43573,subtly,аккуратно надавливать,délicatement
43574,resigning,отставка,no_equality
43575,resigning,уходящий,no_equality
43576,pausing,пауза,pause
43577,pausing,приостановка,no_equality
43578,literary,литературный,no_equality
43579,literary,литературы,no_equality
43580,literary,литература,no_equality
43581,literary,литераторов,écrivain
43582,descent,снижение,descente
43583,descent,снижение,chute
43584,descent,происхождение,ascendance
43585,descent,происхождение,origine
43586,descent,происхождение,descendance
43587,descent,происхождение,filiation
43588,descent,спуск,descente
43589,descent,десант,no_equality
43590,descent,нисхождение,no_equality
43591,descent,сход,no_equality
43592,descent,погружение,no_equality
43593,descent,съезд,no_equality
43594,descent,сползание,no_equality
43595,descent,опущение,no_equality
43596,descent,спускание,no_equality
43597,descent,спускаемый,no_equality
43598,hungers,жаждет,a soif
43599,hungers,искренне стремится,no_equality
43600,conjurer,фокусник,prestidigitateur
43601,conjurer,фокусник,magicien
43602,conjurer,волшебник,magicien
43603,conjurer,иллюзионист,illusionniste
43604,conjurer,иллюзионист,magicien
43605,Copenhagens,копенгаген,no_equality
43606,Copenhagens,копенгагенский,no_equality
43607,Copenhagens,копенгагене,no_equality
43608,Copenhagens,копенгагенской,no_equality
43609,Copenhagens,копенгагена,no_equality
43610,Copenhagens,копенгагенского,no_equality
43611,Copenhagens,копенгагенская,no_equality
43612,Copenhagens,копенгагенскую,no_equality
43613,Copenhagens,копенгагенском,no_equality
43614,Copenhagens,копенгагенское,no_equality
43615,Copenhagens,копенгагенским,no_equality
43616,Copenhagens,копенгагену,no_equality
43617,Copenhagens,копенгагеном,no_equality
43618,Copenhagens,копенгагенскому,no_equality
43619,Copenhagens,copenhagen,no_equality
43620,mystified,заинтригованный,no_equality
43621,complains,жалуется на то,no_equality
43622,complains,утверждает,fait valoir
43623,complains,заявляет,fait valoir
43624,complains,жалоб,plainte
43625,complains,выражает недовольство,no_equality
43626,complains,будет жаловаться,se plaint
43627,complains,жалобы,plainte
43628,complains,жалобы,se plaindre
43629,exponential,экспоненциального,no_equality
43630,exponential,экспоненциальный,exponentielle
43631,exponential,экспоненциальный,exponentiel
43632,exponential,экспоненциальный,exponentiellement
43633,exponential,экспоненциальное,exponentielle
43634,exponential,экспоненциальным,exponentielle
43635,exponential,экспоненциальному,no_equality
43636,exponential,экспоненциальном,no_equality
43637,exponential,экспоненциальных,no_equality
43638,exponential,экспоненциальная,no_equality
43639,exponential,геометрической прогрессии,no_equality
43640,exponential,стремительный,no_equality
43641,exponential,экспоненциально,no_equality
43642,exponential,резкое,no_equality
43643,discontinuation,прекращение,arrêt
43644,discontinuation,прекращение,suppression
43645,discontinuation,прекращение,interruption
43646,discontinuation,прекращение,abandon
43647,discontinuation,прекращение,cessation
43648,discontinuation,прекращение,suspension
43649,miseries,несчастья,malheur
43650,miseries,страданий,souffrance
43651,miseries,страданий,détresse
43652,miseries,страданиям,misère
43653,miseries,страданиям,souffrance
43654,miseries,бед,misère
43655,miseries,бед,souffrance
43656,miseries,бед,malheur
43657,miseries,несчастий,misère
43658,miseries,несчастий,malheur
43659,miseries,невзгод,no_equality
43660,miseries,страданиями,misère
43661,miseries,страданиями,souffrance
43662,miseries,страданиями,détresse
43663,miseries,мучениям,no_equality
43664,administering,управление,administration
43665,administering,управление,gestion
43666,administering,руководство,administration
43667,administering,руководство,gestion
43668,administering,управляющей,no_equality
43669,administering,отправления,no_equality
43670,administering,распоряжения,administration
43671,administering,распоряжения,gestion
43672,administering,управлять,no_equality
43673,administering,распоряжение,gestion
43674,administering,введение,application
43675,administering,распоряжаться,no_equality
43676,humiliations,унижений,humiliation
43677,humiliations,унижения,humiliation
43678,humiliations,унижениям,humiliation
43679,humiliations,унижениях,humiliation
43680,humiliations,унижение,humiliation
43681,humiliations,унижениями,humiliation
43682,humiliations,унижению,humiliation
43683,colloid,коллоидной,no_equality
43684,fourth,четвертый,quatrième
43685,fourth,четвертый,4e
43686,fourth,четвертый,quatre
43687,fourth,четвертый,cm1
43688,fourth,четвертый,iv
43689,fourth,четверть,quart
43690,fourth,в-четвертых,no_equality
43691,fourth,четыре,quatrième
43692,fourth,четыре,quatre
43693,fourth,4-й,no_equality
43694,fourth,4-го,no_equality
43695,fourth,4-м,no_equality
43696,fourth,4-ый,no_equality
43697,fourth,4-е,no_equality
43698,fourth,4й,no_equality
43699,fourth,4-ом,no_equality
43700,fourth,4-ой,no_equality
43701,fourth,4м,no_equality
43702,admitting,признание,admission
43703,admitting,признание,reconnaissant
43704,admitting,признание,aveu
43705,admitting,признать,no_equality
43706,admitting,прием,admission
43707,admitting,прием,accueil
43708,admitting,признает,admettre
43709,admitting,признает,admet
43710,admitting,признает,reconnaître
43711,admitting,признает,reconnaissant
43712,admitting,признает,reconnaît
43713,admitting,признавая,no_equality
43714,admitting,признав,no_equality
43715,admitting,признаешь,admettre
43716,admitting,признаешь,admet
43717,admitting,признаешь,admettez
43718,admitting,приема,admission
43719,admitting,признавать,admettre
43720,admitting,признавать,reconnaître
43721,admitting,признавать,avouer
43722,admitting,признал,admettre
43723,admitting,признал,admet
43724,admitting,признал,reconnaître
43725,admitting,признал,reconnaissant
43726,admitting,признал,avoue
43727,admitting,признал,reconnaît
43728,admitting,допуска,admission
43729,admitting,признается,admet
43730,admitting,признается,reconnaître
43731,admitting,признается,avouer
43732,admitting,признается,avoue
43733,admitting,признается,reconnaît
43734,admitting,признаться,admettre
43735,admitting,признаться,reconnaître
43736,admitting,признаться,avouer
43737,admitting,признаться,aveu
43738,admitting,принятие,admission
43739,zeroed,на прицеле,no_equality
43740,zeroed,нацелились,no_equality
43741,zeroed,выставленный,no_equality
43742,zeroed,устанавливают на ноль,no_equality
43743,zeroed,на нуле,no_equality
43744,zeroed,устанавливают на нулевое значение,no_equality
43745,zeroed,устанавливаются на нуль,no_equality
43746,reeved,ривз,no_equality
43747,reeved,ривза,no_equality
43748,reeved,ривзом,no_equality
43749,reeved,ривс,no_equality
43750,reeved,ривзу,no_equality
43751,reeved,ривзе,no_equality
43752,expostulation,уговаривание,no_equality
43753,expostulation,попытка усовестить,no_equality
43754,misbehaves,плохо себя ведет,no_equality
43755,acuminated,завершился,no_equality
43756,acuminated,завершились,no_equality
43757,acuminated,завершилась,no_equality
43758,acuminated,привели к,no_equality
43759,acuminated,увенчались,no_equality
43760,acuminated,завершилось,no_equality
43761,acuminated,привело к,no_equality
43762,acuminated,увенчалась,no_equality
43763,acuminated,увенчался,no_equality
43764,acuminated,явилось,no_equality
43765,acuminated,привел к,no_equality
43766,acuminated,увенчалось,no_equality
43767,acuminated,завершившихся,no_equality
43768,acuminated,кульминацией которых стало,no_equality
43769,acuminated,привела к,no_equality
43770,show,показать,montrer
43771,show,показать,démontrer
43772,show,показать,indiquer
43773,show,показать,présenter
43774,show,показать,afficher
43775,show,показать,voir
43776,show,показать,prouver
43777,show,показать,révéler
43778,show,показывать,montrer
43779,show,показывать,indiquer
43780,show,показывать,afficher
43781,show,показывать,faire apparaître
43782,show,показывать,exhiber
43783,show,продемонстрировать,montrer
43784,show,продемонстрировать,démontrer
43785,show,продемонстрировать,prouver
43786,show,продемонстрировать,faire preuve
43787,show,продемонстрировать,manifester
43788,show,продемонстрировать,témoigner
43789,show,продемонстрировать,exprimer
43790,show,продемонстрировать,faire montre
43791,show,продемонстрировать,marquer
43792,show,проявить,no_equality
43793,show,проявлять,montrer
43794,show,проявлять,faire preuve
43795,show,проявлять,manifester
43796,show,проявлять,faire montre
43797,show,доказать,montrer
43798,show,доказать,démontrer
43799,show,доказать,prouver
43800,show,демонстрировать,montrer
43801,show,демонстрировать,démontrer
43802,show,демонстрировать,présenter
43803,show,демонстрировать,afficher
43804,show,демонстрировать,faire preuve
43805,show,демонстрировать,manifester
43806,show,демонстрировать,faire montre
43807,show,демонстрировать,exhiber
43808,show,указывать,montrer
43809,show,указывать,indiquer
43810,show,шоу,spectacle
43811,show,шоу,show
43812,show,шоу,émission
43813,show,шоу,série
43814,show,сериал,spectacle
43815,show,сериал,show
43816,show,сериал,émission
43817,show,сериал,série
43818,show,выставка,salon
43819,show,выставка,exposition
43820,show,представление,spectacle
43821,show,показ,spectacle
43822,show,передача,émission
43823,show,спектакль,spectacle
43824,show,зрелище,spectacle
43825,show,свидетельствуют о том,no_equality
43826,show,показываться,se montrer
43827,show,предъявлять,présenter
43828,show,сеанс,no_equality
43829,show,выказывать,no_equality
43830,show,отображать,afficher
43831,show,выставлять,no_equality
43832,show,дело,no_equality
43833,show,салон,no_equality
43834,Monroes,монро,monroe
43835,paleontological,палеонтологических,no_equality
43836,fructify,плодоносить,no_equality
43837,fructify,оплодотворять,no_equality
43838,Sicilys,сицилия,sicile
43839,Sicilys,сицилии,sicilien
43840,Sicilys,сицилию,no_equality
43841,Sicilys,сицилиец,sicilien
43842,demolished,разрушили,no_equality
43843,demolished,разрушены,détruit
43844,demolished,разрушены,destruction
43845,demolished,снесено,no_equality
43846,demolished,снесли,détruit
43847,demolished,разрушено,démoli
43848,demolished,разрушено,détruit
43849,demolished,снесены,démoli
43850,demolished,снесены,démolition
43851,demolished,снос,no_equality
43852,demolished,разрушен,no_equality
43853,demolished,разрушенных,destruction
43854,demolished,разрушена,détruit
43855,demolished,уничтожены,détruit
43856,demolished,уничтожены,destruction
43857,demolished,снесен,démoli
43858,demolished,снесенных,no_equality
43859,demolished,уничтожили,no_equality
43860,demolished,разрушил,no_equality
43861,intersectant,пересекающихся,no_equality
43862,intersectant,пересекающимися,no_equality
43863,intersectant,пересекающиеся,no_equality
43864,intersectant,взаимосвязанных,no_equality
43865,intersectant,взаимопересекающихся,no_equality
43866,intersectant,взаимосвязанные,no_equality
43867,intersectant,перекрестных,no_equality
43868,intersectant,межсекторальное,no_equality
43869,intersectant,пересекаются,no_equality
43870,intersectant,пересечение,intersection
43871,intersectant,взаимосвязанными,no_equality
43872,intersectant,пересекающуюся,no_equality
43873,intersectant,пересекающей,no_equality
43874,explicitly,прямо,explicitement
43875,explicitly,прямо,expressément
43876,explicitly,прямо,clairement
43877,explicitly,прямо,directement
43878,explicitly,четко,explicitement
43879,explicitly,четко,expressément
43880,explicitly,четко,clairement
43881,explicitly,четко,précisément
43882,explicitly,непосредственно,explicitement
43883,explicitly,непосредственно,expressément
43884,explicitly,непосредственно,spécifiquement
43885,explicitly,непосредственно,précisément
43886,explicitly,непосредственно,directement
43887,explicitly,явно,explicitement
43888,explicitly,явно,expressément
43889,explicitly,явно,clairement
43890,explicitly,явно,ouvertement
43891,explicitly,открыто,explicitement
43892,explicitly,открыто,expressément
43893,explicitly,открыто,clairement
43894,explicitly,открыто,ouvertement
43895,explicitly,ясно,explicitement
43896,explicitly,ясно,expressément
43897,explicitly,ясно,clairement
43898,explicitly,ясно,de manière explicite
43899,explicitly,напрямую,explicitement
43900,explicitly,напрямую,expressément
43901,explicitly,напрямую,directement
43902,explicitly,специально,no_equality
43903,explicitly,явным образом,no_equality
43904,explicitly,особо,expressément
43905,explicitly,особо,spécifiquement
43906,explicitly,подробно,précisément
43907,explicitly,конкретно,explicitement
43908,explicitly,конкретно,expressément
43909,explicitly,конкретно,clairement
43910,explicitly,конкретно,spécifiquement
43911,explicitly,конкретно,précisément
43912,explicitly,конкретно,directement
43913,explicitly,недвусмысленно,no_equality
43914,explicitly,однозначно,explicitement
43915,explicitly,однозначно,expressément
43916,explicitly,однозначно,clairement
43917,explicitly,эксплицитно,explicitement
43918,explicitly,эксплицитно,expressément
43919,explicitly,эксплицитно,façon explicite
43920,lodgings,жильё,no_equality
43921,lodgings,жилище,logis
43922,lodgings,жилище,habitation
43923,lodgings,жилья,logement
43924,lodgings,жилья,hébergement
43925,lodgings,жилья,loger
43926,lodgings,комнаты,no_equality
43927,lodgings,ночлег,gîte
43928,lodgings,ночлег,loger
43929,lodgings,квартирой,no_equality
43930,lodgings,жильем,logement
43931,lodgings,жильем,hébergement
43932,lodgings,жильем,habitation
43933,lodgings,жильем,loger
43934,lodgings,комнату,no_equality
43935,lodgings,квартиру,logement
43936,lodgings,квартиры,logement
43937,lodgings,жилища,logement
43938,lodgings,жилища,habitation
43939,lodgings,жилищ,logement
43940,lodgings,жилищ,habitation
43941,lodgings,место для ночлега,no_equality
43942,lodgings,пансионов,no_equality
43943,lodgings,личные покои,no_equality
43944,senses,обостренные чувства,sens
43945,poops,какает,fait caca
43946,poops,какает,chie
43947,poops,какашки,caca
43948,poops,какашки,crotte
43949,poops,какашки,merde
43950,poops,какают,no_equality
43951,poops,какашек,crotte
43952,poops,покакала,no_equality
43953,poops,какашками,no_equality
43954,poops,срёт,chie
43955,poops,гадит,no_equality
43956,poops,гадят,fait caca
43957,offer,предлагать,offrir
43958,offer,предлагать,proposer
43959,offer,предлагать,soumettre
43960,offer,оказывать,offrir
43961,offer,оказывать,proposer
43962,offer,оказывать,donner
43963,offer,оказывать,apporter
43964,offer,оказывать,fournir
43965,offer,представлять,donner
43966,offer,представлять,présenter
43967,offer,представлять,fournir
43968,offer,представлять,formuler
43969,offer,представлять,soumettre
43970,offer,дать,offrir
43971,offer,дать,donner
43972,offer,дать,apporter
43973,offer,дать,fournir
43974,offer,обладать,présenter
43975,offer,приносить,apporter
43976,offer,предполагать,proposer
43977,offer,пожертвовать,no_equality
43978,offer,возносить,no_equality
43979,offer,вызваться,no_equality
43980,offer,предложение,offre
43981,offer,предложение,proposition
43982,offer,оферта,offre
43983,offer,скидка,no_equality
43984,cognizant,сознавая,conscient
43985,cognizant,сознавая,sachant
43986,cognizant,осознавая,conscient
43987,cognizant,осознавая,reconnaissant
43988,cognizant,осознаем,conscience
43989,cognizant,осознаем,savon
43990,cognizant,осознаем,reconnaissons
43991,cognizant,сознает,no_equality
43992,cognizant,понимаем,conscience
43993,cognizant,понимаем,savon
43994,cognizant,сознаем,conscience
43995,cognizant,признает,reconnaissant
43996,cognizant,понимая,conscient
43997,cognizant,помнить,no_equality
43998,cognizant,понимает,no_equality
43999,cognizant,осознавать,no_equality
44000,cognizant,сознают,no_equality
44001,cognizant,памятуя,no_equality
44002,cognizant,признаем,no_equality
44003,cognizant,осведомлен,no_equality
44004,bawdily,плохо,no_equality
44005,bawdily,сильно,no_equality
44006,bawdily,серьезно,no_equality
44007,bawdily,ужасно,no_equality
44008,bawdily,крайне,no_equality
44009,bawdily,остро,no_equality
44010,bawdily,жестоко,no_equality
44011,bawdily,тяжело,no_equality
44012,bawdily,плохой,no_equality
44013,bawdily,больно,no_equality
44014,bawdily,отчаянно,no_equality
44015,bawdily,неправильно,no_equality
44016,bawdily,скверно,no_equality
44017,bawdily,дурно,no_equality
44018,bawdily,серьезные,no_equality
44019,promisers,обещания,no_equality
44020,promisers,обещаний,no_equality
44021,promisers,обещает,no_equality
44022,promisers,обещаниями,no_equality
44023,promisers,обещаниям,no_equality
44024,promisers,обещание,no_equality
44025,promisers,обязательств,no_equality
44026,promisers,обязательства,no_equality
44027,promisers,обещал,no_equality
44028,promisers,обещаниях,no_equality
44029,promisers,слово,no_equality
44030,promisers,сулит,no_equality
44031,promisers,надежды,no_equality
44032,promisers,обещают,no_equality
44033,promisers,пообещает,no_equality
44034,accumulation,накопление,accumulation
44035,accumulation,накопление,accumuler
44036,accumulation,аккумуляция,accumulation
44037,accumulation,аккумулирование,no_equality
44038,accumulation,скопление,accumulation
44039,accumulation,скопление,amas
44040,accumulation,накапливание,accumulation
44041,accumulation,запасов,no_equality
44042,accumulation,наслоение,no_equality
44043,accumulation,увеличения,no_equality
44044,accumulation,накопленных,accumulé
44045,accumulation,скопления ув,accumulation
44046,Caribbeans,карибского бассейна,no_equality
44047,defiant,"""дефаент""",no_equality
44048,defiant,"""дефаента""",no_equality
44049,defiant,"""дефаенте""",no_equality
44050,defiant,дерзкий,provocateur
44051,defiant,дерзкий,arrogant
44052,defiant,вызывающий,no_equality
44053,defiant,"""дефаентом""",no_equality
44054,defiant,"""дефайнт""",no_equality
44055,defiant,непокорные,no_equality
44056,defiant,непокорного,no_equality
44057,deserving,заслуживает,méritant
44058,deserving,заслуживает,digne
44059,deserving,заслуживает,mérite
44060,deserving,заслуживает,méritent
44061,deserving,заслуживает,mériter
44062,deserving,заслуживает,méritait
44063,deserving,заслуживают,mérite
44064,deserving,заслуживают,méritent
44065,deserving,заслуживают,mériter
44066,deserving,заслуживающие,méritant
44067,deserving,заслуживающие,qui méritaient
44068,deserving,заслуживающим,méritant
44069,deserving,заслуживающим,digne
44070,deserving,заслуживающим,mérite
44071,deserving,достойным,digne
44072,deserving,достойным,mériter
44073,deserving,заслуживающих,no_equality
44074,deserving,достойных,digne
44075,deserving,заслуживающей,méritant
44076,deserving,заслуживающей,méritoire
44077,deserving,заслуживающими,no_equality
44078,deserving,заслуживающий,no_equality
44079,deserving,достоин,digne
44080,deserving,достоин,mérite
44081,deserving,достоин,méritait
44082,deserving,достоин,méritez
44083,deserving,заслуживаешь,digne
44084,deserving,заслуживаешь,mérite
44085,deserving,заслуживаешь,mériter
44086,deserving,заслуживаешь,méritez
44087,deserving,достойные,digne
44088,deserving,достойные,méritoire
44089,deserving,заслуживающую,no_equality
44090,deserving,получение,no_equality
44091,sacrifice,жертва,sacrifice
44092,sacrifice,жертва,offrande
44093,sacrifice,жертвы,no_equality
44094,sacrifice,жертвоприношение,sacrifice
44095,sacrifice,жертвоприношение,offrande
44096,sacrifice,самопожертвование,sacrifice
44097,sacrifice,самоотверженность,abnégation
44098,sacrifice,жертвенность,sacrifice
44099,sacrifice,пожертвовать,no_equality
44100,sacrifice,жертвовать,sacrifier
44101,sacrifice,пожертвование,offrande
44102,sacrifice,заклание,no_equality
44103,sacrifice,приносить в жертву,sacrifier
44104,sacrifice,пожертвуй,no_equality
44105,sacrifice,жертвоприношению,sacrifice
44106,sacrifice,жертвование,no_equality
44107,sacrifice,жертвования,no_equality
44108,heartily,сердечно,cordialement
44109,heartily,охотно,no_equality
44110,heartily,от всего сердца,chaleureusement
44111,heartily,усердно,no_equality
44112,heartily,искренне,chaleureusement
44113,heartily,искренне,vivement
44114,heartily,искренне,sincèrement
44115,heartily,искренне,vraiment
44116,heartily,с удовольствием,no_equality
44117,degenerating,не перерастали,no_equality
44118,degenerating,вырождение,no_equality
44119,degenerating,перерастания,dégénérer
44120,degenerating,перерастания,ne dégénère
44121,degenerating,превращается,no_equality
44122,degenerating,перерастание,dégénérer
44123,degenerating,перерастает,no_equality
44124,degenerating,распадаются,no_equality
44125,degenerating,перерасти,dégénérer
44126,defamed,диффамации,no_equality
44127,defamed,оклеветал,no_equality
44128,defamed,опорочена,no_equality
44129,defamed,опорочил,no_equality
44130,defamed,опорочен,no_equality
44131,defamed,порочит,no_equality
44132,vaccinates,делает прививки,no_equality
44133,emulator,эмулятор,émulateur
44134,extort,вымогать,extorquer
44135,extort,вымогать,extorsion
44136,extort,вымогательства,no_equality
44137,extort,шантажировать,extorquer
44138,extort,взимать,extorquer
44139,extort,вымогательством,no_equality
44140,extort,вымогают у,no_equality
44141,extort,вымогания,no_equality
44142,extort,целью добиться признаний,no_equality
44143,extort,получения свидетельских,no_equality
44144,extort,вымогательство,no_equality
44145,extort,вымогаешь,no_equality
44146,extort,вырвать,arracher
44147,extort,взимания,no_equality
44148,extort,принуждающие или понуждающие,no_equality
44149,digits,цифр,chiffre
44150,digits,цифры,chiffre
44151,digits,цифры,numéro
44152,digits,цифры,nombre
44153,digits,цифрами,chiffre
44154,digits,цифрами,numéro
44155,digits,цифрами,nombre
44156,digits,знаков,chiffre
44157,digits,знаков,caractère
44158,digits,знаков,décimale
44159,digits,знака,décimale
44160,digits,номерок,no_equality
44161,digits,телефончик,numéro
44162,digits,номер,chiffre
44163,digits,номер,numéro
44164,digits,номер,nombre
44165,did,ты,tu
44166,did,ты,il
44167,did,вы,tu
44168,did,вы,il
44169,did,сделал,a fait
44170,did,сделал,as fait
44171,did,сделал,faire
44172,did,он,il
44173,did,сделала,a fait
44174,did,сделала,as fait
44175,did,сделала,faisait
44176,did,сделала,faire
44177,did,сделали,a fait
44178,did,сделали,ont fait
44179,did,сделали,avez fait
44180,did,как,no_equality
44181,did,же,no_equality
44182,did,а,no_equality
44183,did,это,tu
44184,did,это,il
44185,did,почему,tu
44186,did,почему,il
44187,did,что,no_equality
44188,did,она,est
44189,did,она,il
44190,did,делал,a fait
44191,did,делал,faisait
44192,did,делал,faire
44193,did,было,est
44194,did,было,était
44195,seceding,отход,no_equality
44196,forwent,отказываются от,no_equality
44197,frustrate,сорвать,contrecarrer
44198,frustrate,сорвать,faire échouer
44199,frustrate,сорвать,compromettre
44200,frustrate,подрывать,entraver
44201,frustrate,подрывать,compromettre
44202,frustrate,подорвать,entraver
44203,frustrate,подорвать,compromettre
44204,frustrate,препятствовать,entraver
44205,frustrate,препятствовать,contrarier
44206,frustrate,препятствовать,empêcher
44207,frustrate,препятствовать,faire obstacle
44208,frustrate,препятствовать,compromettre
44209,frustrate,препятствовать,gêner
44210,frustrate,воспрепятствовать,entraver
44211,frustrate,воспрепятствовать,empêcher
44212,frustrate,воспрепятствовать,faire obstacle
44213,frustrate,воспрепятствовать,compromettre
44214,frustrate,помешать,entraver
44215,frustrate,помешать,empêcher
44216,frustrate,помешать,faire obstacle
44217,frustrate,помешать,compromettre
44218,frustrate,помешать,gêner
44219,frustrate,срывать,contrecarrer
44220,frustrate,срывать,faire échouer
44221,frustrate,срывать,compromettre
44222,frustrate,свести,no_equality
44223,frustrate,расстраивать,contrarier
44224,frustrate,расстраивать,décevoir
44225,frustrate,срыва,no_equality
44226,frustrate,наносить ущерба,no_equality
44227,frustrate,нанести ущерб,entraver
44228,frustrate,нанести ущерб,compromettre
44229,orientated,ориентированы,no_equality
44230,orientated,ориентированных,no_equality
44231,orientated,ориентирована,no_equality
44232,orientated,ориентировано,no_equality
44233,orientated,запад-восток,no_equality
44234,cozy,уютный,confortable
44235,cozy,уютный,douillet
44236,cozy,уютный,chaleureuse
44237,cozy,уютный,intime
44238,cozy,уютно,confortable
44239,cozy,уютно,douillet
44240,cozy,уютно,chaleureux
44241,cozy,уютно,accueillant
44242,cozy,уютно,confort
44243,cozy,уютная,no_equality
44244,cozy,удобно,confortable
44245,cozy,удобно,douillet
44246,cozy,уютные,no_equality
44247,cozy,уютной,confortable
44248,cozy,уютное,confortable
44249,cozy,уютное,douillet
44250,cozy,уютное,charmant
44251,cozy,уютном,douillet
44252,cozy,уютную,confortable
44253,cozy,уютную,douillet
44254,cozy,уютного,confortable
44255,cozy,уютным,confortable
44256,cozy,уютным,chaleureux
44257,cozy,уютных,no_equality
44258,cozy,уютными,no_equality
44259,cozy,уютненько,confortable
44260,cozy,мило,no_equality
44261,affirmative,утвердительный,affirmatif
44262,affirmative,антидискриминационные,no_equality
44263,affirmative,позитивного,no_equality
44264,affirmative,положительного,positive
44265,affirmative,положительного,positif
44266,affirmative,положительного,favorable
44267,affirmative,подтверждаю,affirmatif
44268,affirmative,положительных,positive
44269,affirmative,положительных,positif
44270,affirmative,утвердительно,no_equality
44271,affirmative,положительные,positive
44272,affirmative,положительные,positif
44273,affirmative,положительные,favorable
44274,affirmative,положительным,positive
44275,affirmative,положительным,affirmative
44276,affirmative,положительным,positif
44277,affirmative,положительным,favorable
44278,affirmative,активные,no_equality
44279,affirmative,специальных,no_equality
44280,affirmative,целенаправленные,no_equality
44281,affirmative,позитивным,positive
44282,affirmative,позитивным,positif
44283,affirmative,позитивным,favorable
44284,affirmative,интересах женщин,no_equality
44285,affirmative,позитивное,positive
44286,affirmative,позитивное,positif
44287,affirmative,позитивное,favorable
44288,wallets,бумажники,portefeuille
44289,wallets,кошельки,portefeuille
44290,wallets,кошельки,porte-monnaie
44291,wallets,кошельки,porte-feuille
44292,wallets,кошельков,portefeuille
44293,wallets,бумажников,portefeuille
44294,wallets,бумажниками,portefeuille
44295,wallets,бумажниках,porte-monnaie
44296,wallets,кошельках,no_equality
44297,wallets,кошелькам,no_equality
44298,adjudicates,выносит решения по,statue sur
44299,adjudicates,выносит решение,no_equality
44300,aerate,проветривать,aérer
44301,aerate,газировать,no_equality
44302,revisited,пересмотреть,no_equality
44303,revisited,пересмотрены,réexaminé
44304,revisited,пересмотрены,révisé
44305,revisited,пересмотрены,réviser
44306,revisited,пересмотрены,révision
44307,revisited,вновь рассмотреть,no_equality
44308,revisited,вновь рассмотрен,no_equality
44309,revisited,пересмотрена,réexaminé
44310,revisited,пересмотрена,revu
44311,revisited,пересмотрена,révisé
44312,revisited,пересмотрен,réexaminé
44313,revisited,пересмотрен,revu
44314,revisited,пересмотрен,révisé
44315,revisited,пересмотрен,révision
44316,revisited,пересмотре,no_equality
44317,revisited,пересматривать,no_equality
44318,revisited,вновь обсудить,revenir sur
44319,revisited,вновь рассмотрены,no_equality
44320,revisited,вернуться к рассмотрению,no_equality
44321,revisited,пересмотра,no_equality
44322,revisited,переосмыслить,no_equality
44323,revisited,пересматриваться,réexaminé
44324,revisited,пересматриваться,réexaminer
44325,revisited,пересмотр,no_equality
44326,three-fourthss,три четверти,trois quarts
44327,three-fourthss,три четверти,trois-quarts
44328,three-fourthss,три четверти,les 3/4
44329,three-fourthss,трех четвертей,trois quarts
44330,three-fourthss,трех четвертей,trois-quarts
44331,three-fourthss,тремя четвертями,trois quarts
44332,three-fourthss,трем четвертям,no_equality
44333,antithetically,противоположный,no_equality
44334,antithetically,противоречат друг другу,no_equality
44335,mortality,смертность,mortalité
44336,mortality,смертность,décès
44337,mortality,падеж,no_equality
44338,mortality,гибель,décès
44339,mortality,смертная жизнь,no_equality
44340,mortality,процент смертности,mortalité
44341,mortality,смертный,no_equality
44342,springiness,упругость,élasticité
44343,appointees,назначенцев,no_equality
44344,appointees,назначенцами,no_equality
44345,appointees,назначенцы,no_equality
44346,appointees,назначенных лиц,no_equality
44347,appointees,назначений,nomination
44348,appointees,назначенными,nommés par
44349,appointees,кандидаты,candidat
44350,appointees,кандидатов,candidat
44351,appointees,кандидатов,nomination
44352,appointees,назначенные лица,nommés par
44353,appointees,назначаемых,nommés par
44354,appointees,контрактами,no_equality
44355,activities,деятельности,activité
44356,activities,деятельности,action
44357,activities,деятельность,activité
44358,activities,деятельность,action
44359,activities,деятельность,opération
44360,activities,деятельность,tâche
44361,activities,деятельность,menée
44362,activities,деятельность,initiative
44363,activities,мероприятий,activité
44364,activities,мероприятий,action
44365,activities,мероприятий,opération
44366,activities,мероприятий,mesure
44367,activities,мероприятий,initiative
44368,activities,мероприятия,activité
44369,activities,мероприятия,action
44370,activities,мероприятия,travaux
44371,activities,мероприятия,opération
44372,activities,мероприятия,mesure
44373,activities,деятельностью,activité
44374,activities,деятельностью,action
44375,activities,мероприятиях,activité
44376,activities,мероприятиях,mesure
44377,activities,мероприятиях,initiative
44378,activities,виды деятельности,activité
44379,activities,виды деятельности,action
44380,activities,действий,activité
44381,activities,действий,action
44382,activities,действий,opération
44383,activities,действий,acte
44384,activities,действий,mesure
44385,activities,работы,travail
44386,activities,мероприятиям,activité
44387,activities,мероприятиям,action
44388,activities,мероприятиям,mesure
44389,activities,мероприятиям,initiative
44390,activities,действия,action
44391,activities,действия,mesure
44392,activities,мероприятиями,activité
44393,activities,мероприятиями,initiative
44394,activities,работе,travail
44395,activities,мер,action
44396,activities,работу,activité
44397,activities,работу,travaux
44398,activities,работу,travail
44399,sedition,подстрекательстве к мятежу,sédition
44400,sedition,подрывной деятельности,no_equality
44401,sedition,мятеж,sédition
44402,sedition,мятеж,révolte
44403,sedition,подстрекательство к мятежу,no_equality
44404,sedition,антиправительственной агитации,no_equality
44405,sedition,подстрекательством к мятежу,no_equality
44406,sedition,подстрекательства к мятежу,sédition
44407,sedition,борьбе с мятежниками,no_equality
44408,sedition,призыв к мятежу,no_equality
44409,sedition,подрывной деятельностью,no_equality
44410,sedition,подрывную деятельность,no_equality
44411,sedition,призыве к мятежу,no_equality
44412,sedition,антиправительственная агитация,no_equality
44413,railwaymen,железнодорожники,no_equality
44414,discotheques,дискотеки,discothèque
44415,discotheques,дискотеках,discothèque
44416,discotheques,дискотек,discothèque
44417,grumbling,ворчание,no_equality
44418,grumbling,ворчать,no_equality
44419,grumbling,ворчит,grognon
44420,grumbling,бурчит,no_equality
44421,grumbling,роптали,no_equality
44422,grumbling,возроптали,no_equality
44423,grumbling,ворчала,no_equality
44424,grumbling,ропшут,no_equality
44425,chunkings,отбрасывание,no_equality
44426,chunkings,обработка в зажиме,no_equality
44427,hemorrhaged,кровоизлияние,no_equality
44428,earrings,серьги,boucle d'oreille
44429,earrings,серьги,bijou
44430,earrings,серьги,anneau
44431,earrings,сережки,d'oreilles
44432,earrings,сережки,boucle d'oreille
44433,earrings,сережки,anneau
44434,earrings,сережек,no_equality
44435,earrings,серёг,no_equality
44436,earrings,серьгами,no_equality
44437,earrings,серьгах,no_equality
44438,earrings,сережках,no_equality
44439,earrings,серёжками,no_equality
44440,earrings,серьгой,boucle d'oreille
44441,earrings,серьгой,anneau
44442,earrings,эти серёжки,no_equality
44443,peals,двойную серию ударов,no_equality
44444,remands,возвращает,no_equality
44445,remands,повторного рассмотрения дела возвращаются,no_equality
44446,conscientious,добросовестный,no_equality
44447,conscientious,сознательный,consciencieux
44448,conscientious,сознательный,conscient
44449,womanizer,бабник,no_equality
44450,womanizer,ловелас,coureur de jupons
44451,womanizer,ловелас,homme à femmes
44452,womanizer,юбочник,no_equality
44453,womanizer,дамский угодник,séducteur
44454,womanizer,дамский угодник,homme à femmes
44455,womanizer,донжуан,no_equality
44456,womanizer,казанова,no_equality
44457,Soviet_Unions,советский союз,no_equality
44458,Soviet_Unions,ссср,union soviétique
44459,Soviet_Unions,ссср,urss
44460,Soviet_Unions,ссср,u.r.s.s
44461,Soviet_Unions,ссср,russie
44462,Soviet_Unions,советский союз,no_equality
44463,Soviet_Unions,советского союза,union soviétique
44464,Soviet_Unions,советского союза,urss
44465,Soviet_Unions,советском союзе,union soviétique
44466,Soviet_Unions,советском союзе,ex-urss
44467,Soviet_Unions,советским союзом,union soviétique
44468,Soviet_Unions,советскому союзу,union soviétique
44469,Soviet_Unions,союза советских социалистических республик,urss
44470,Soviet_Unions,союза советских социалистических республик,ex-urss
44471,Soviet_Unions,союзе советских социалистических республик,no_equality
44472,Soviet_Unions,бывшего союза,no_equality
44473,counsellorship,консультантов в,no_equality
44474,counsellorship,советников в,no_equality
44475,counsellorship,советников из,no_equality
44476,counsellorship,консультантам в,no_equality
44477,counsellorship,специалистов в,no_equality
44478,counsellorship,воспитателей,no_equality
44479,smile,улыбка,sourire
44480,smile,улыбаться,sourire
44481,smile,улыбаться,rire
44482,smile,улыбаться,sourir
44483,smile,улыбаться,souriante
44484,everydayness,повседневность,quotidien
44485,devaluation,девальвация,dévaluation
44486,devaluation,девальвация,dépréciation
44487,devaluation,обесценение,dévaluation
44488,devaluation,обесценение,dévalorisation
44489,devaluation,обесценение,dépréciation
44490,devaluation,обесценивание,dévaluation
44491,devaluation,обесценивание,dévalorisation
44492,devaluation,обесценивание,dépréciation
44493,devaluation,снижение курса,dévalorisation
44494,devaluation,снижение курса,dépréciation
44495,devaluation,недооценка,no_equality
44496,devaluation,пренебрежительное отношение,no_equality
44497,devaluation,снижения курса,dépréciation
44498,devaluation,снижения валютного курса,no_equality
44499,devaluation,курса валюты,no_equality
44500,bossing,командовать,no_equality
44501,bossing,командуешь,donnes des ordres
44502,bossing,командовал,no_equality
44503,bossing,командует,commandant
44504,bossing,командовала,no_equality
44505,bossing,командуя,no_equality
44506,bossing,командованию,no_equality
44507,pineapples,ананасы,ananas
44508,pineapples,ананасов,ananas
44509,pineapples,ананасам,no_equality
44510,pineapples,пайнэплы,pineapples
44511,pineapples,ананасами,ananas
44512,chronicling,ведение хроники,no_equality
44513,persevere,настойчиво продолжать,no_equality
44514,persevere,упорно продолжать,persévérer
44515,persevere,упорствовать,persévérer
44516,persevere,упорствовать,persister
44517,persevere,выстоять,no_equality
44518,persevere,добиваться,no_equality
44519,persevere,проявлять упорство,persévérer
44520,persevere,проявлять настойчивость,persévérer
44521,persevere,упорно работать,no_equality
44522,persevere,упорно стремиться,no_equality
44523,persevere,настойчиво добиваться,persévérer
44524,persevere,продолжению,no_equality
44525,persevere,проявим упорство,persévérance
44526,persevere,упорно добиваться,no_equality
44527,persevere,продолжения,no_equality
44528,reprovers,поправится,no_equality
44529,reprovers,восстанавливает,no_equality
44530,reprovers,выздоровеет,no_equality
44531,reprovers,восстанавливается,no_equality
44532,reprovers,выздоравливает,no_equality
44533,reprovers,не восстановится,no_equality
44534,reprovers,выздоровления,no_equality
44535,reprovers,покрывает,no_equality
44536,reprovers,возмещает,no_equality
44537,reprovers,оправляется,no_equality
44538,reprovers,мере восстановления,no_equality
44539,reprovers,придет в себя,no_equality
44540,reprovers,вылечится,no_equality
44541,reprovers,восстановился,no_equality
44542,reprovers,не оправится,no_equality
44543,evaporate,испаряться,s'évaporer
44544,evaporate,таять,no_equality
44545,evaporate,выпариться,no_equality
44546,evaporate,упаривать,no_equality
44547,transporter,транспортер,transporteur
44548,transporter,транспортер,téléporteur
44549,transporter,перевозчик,transporteur
44550,transporter,телепорт,téléporteur
44551,transporter,транспортник,no_equality
44552,transporter,транспортный,transport
44553,transporter,телепортатор,téléporteur
44554,transporter,транспортаторной,no_equality
44555,transporter,транспортатор,téléporteur
44556,transporter,телепортатора,no_equality
44557,transporter,transporter,no_equality
44558,transporter,транспортатора,no_equality
44559,discussing,обсуждение,examen
44560,discussing,обсуждать,discuter
44561,discussing,обсуждать,débattre
44562,discussing,обсуждать,examiner
44563,discussing,обсуждать,débat sur
44564,discussing,обсуждаем,discutons
44565,discussing,обсуждаем,débattre
44566,discussing,обсуждаем,parlons
44567,discussing,обсуждали,no_equality
44568,discussing,обсуждает,débattre
44569,discussing,обсуждает,examine
44570,discussing,обсуждает,parle
44571,discussing,обсуждению,examen
44572,discussing,обсудить,débattre
44573,discussing,обсудить,examiner
44574,discussing,обсуждают,discuter
44575,discussing,обсуждают,discutent
44576,discussing,обсуждая,discuter
44577,discussing,обсуждал,no_equality
44578,discussing,обсуждается,examen
44579,discussing,обсуждается,examine
44580,discussing,рассмотрении,examiner
44581,discussing,рассмотрении,examen
44582,discussing,обсуждаются,discuter
44583,discussing,обсуждаются,examen
44584,discussing,обсуждаются,examine
44585,discussing,дискуссии,débattre
44586,discussing,дискуссии,discussion
44587,discussing,рассмотрения,examen
44588,demolitions,сноса домов,no_equality
44589,demolitions,снос домов,no_equality
44590,demolitions,разрушения домов,no_equality
44591,demolitions,разрушений,destruction
44592,demolitions,сносу,démolition
44593,demolitions,сносов,no_equality
44594,demolitions,снос зданий,démolition
44595,demolitions,снесенных,démolies
44596,demolitions,сносом домов,démolition
44597,demolitions,сносом домов,habitation
44598,demolitions,сносы,no_equality
44599,eliciting,получения,obtenir
44600,eliciting,получении,obtenir
44601,eliciting,получить,obtenir
44602,eliciting,получение,obtenir
44603,eliciting,заручиться,no_equality
44604,laminator,ламинатор,no_equality
44605,laminator,ламинатора,no_equality
44606,palms,ладони,paume
44607,palms,ладони,main
44608,palms,ладонях,no_equality
44609,palms,пальмы,no_equality
44610,palms,ладонями,main
44611,palms,ладоней,paume
44612,palms,пальм,palmier
44613,palms,пальм,palme
44614,palms,пальм,cocotier
44615,palms,пальм,dattier
44616,palms,пальмами,palmier
44617,palms,пальмах,no_equality
44618,palms,ладоням,no_equality
44619,palms,ладонь,paume
44620,palms,ладонь,main
44621,polyps,полипов,polype
44622,polyps,полипы,no_equality
44623,Netherlandss,нидерланды,pays-bas
44624,Netherlandss,нидерланды,néerlandais
44625,Netherlandss,нидерланды,pays bas
44626,Netherlandss,нидерланды,hollande
44627,Netherlandss,голландия,hollande
44628,Netherlandss,нидерландов,pays-bas
44629,Netherlandss,нидерландов,néerlandais
44630,Netherlandss,нидерландов,pays bas
44631,Netherlandss,нидерландов,hollandais
44632,Netherlandss,нидерландах,néerlandais
44633,Netherlandss,нидерландах,hollande
44634,Netherlandss,нидерландами,no_equality
44635,Netherlandss,нидерландский,pays-bas
44636,Netherlandss,нидерландам,no_equality
44637,Netherlandss,нидерландским,no_equality
44638,Netherlandss,голландии,néerlandais
44639,Netherlandss,голландии,hollandais
44640,Netherlandss,нидерландская,no_equality
44641,Netherlandss,нидерландскими,néerlandais
44642,Netherlandss,голландских,no_equality
44643,Netherlandss,голландской,no_equality
44644,Netherlandss,голландского,no_equality
44645,enticement,вовлечение,incitation
44646,enticement,обольщение,séduction
44647,enticement,искушение,no_equality
44648,enticement,уловок,no_equality
44649,enticement,приманку,appât
44650,enticement,заманивания,no_equality
44651,enticement,психологической обработке,no_equality
44652,enticement,лживых обещаний,no_equality
44653,enticement,заманивать,no_equality
44654,enticement,обещания льгот,no_equality
44655,enticement,заманивание,no_equality
44656,wheelhouses,рулевых рубках,no_equality
44657,wheelhouses,рулевой рубке,timonerie
44658,wheelhouses,рулевых рубок,no_equality
44659,bleeders,кровотечений,hémorragie
44660,bleeders,кровососы,no_equality
44661,bleeders,остановил кровотечение,saignement
44662,bleeders,остановил кровотечение,hémorragie
44663,bleeders,источников кровотечения,saignement
44664,bleeders,источников кровотечения,hémorragie
44665,jaggedly,неровный,no_equality
44666,jaggedly,рваный,no_equality
44667,jaggedly,зубчатый,no_equality
44668,jaggedly,зазубренный,no_equality
44669,jaggedly,зазубренными,no_equality
44670,jaggedly,зазубринами,no_equality
44671,jaggedly,неровными краями,no_equality
44672,jaggedly,неровно,no_equality
44673,jaggedly,острые,no_equality
44674,jaggedly,зазубренные,no_equality
44675,jaggedly,шершавый,no_equality
44676,disburdening,признание,no_equality
44677,sparkly,сверкающий,no_equality
44678,sparkly,блестящий,brillant
44679,moderns,современные люди,moderne
44680,worshipped,обожаемый,no_equality
44681,errancy,поручение,no_equality
44682,errancy,на побегушках,no_equality
44683,errancy,задание,no_equality
44684,errancy,поручения,no_equality
44685,errancy,затеей,no_equality
44686,errancy,по делам,no_equality
44687,flourished,процветала,prospérer
44688,flourished,процветали,prospéraient
44689,flourished,расцвела,s'est épanouie
44690,flourished,процветал,prospérait
44691,flourished,расцвел,no_equality
44692,flourished,процветало,no_equality
44693,flourished,процветать,prospérer
44694,flourished,расцветали,no_equality
44695,flourished,процветают,prospèrent
44696,flourished,процветают,fleurissent
44697,flourished,процветают,prospérer
44698,flourished,процветает,fleurit
44699,flourished,процветает,s'épanouit
44700,flourished,процветает,prospèrent
44701,flourished,процветает,prospérer
44702,flourished,процветавшие,no_equality
44703,flourished,успешно развивается,no_equality
44704,flourished,процветавших,no_equality
44705,flourished,развивались,no_equality
44706,flourished,развивался,no_equality
44707,mercifully,к счастью,heureusement
44708,mercifully,к счастью,par chance
44709,mercifully,к счастью,par bonheur
44710,mercifully,к счастью,dieu merci
44711,mercifully,милосердно,no_equality
44712,mercifully,милостиво,no_equality
44713,sullies,пятнает,no_equality
44714,pronoun,местоимение,pronom
44715,pronoun,местоимением,no_equality
44716,pronoun,местоимению,no_equality
44717,overwhelmingly,преимущественно,essentiellement
44718,overwhelmingly,подавляющим большинством голосов,à une majorité écrasante
44719,overwhelmingly,подавляющим большинством голосов,à une écrasante majorité
44720,overwhelmingly,подавляющем большинстве случаев,no_equality
44721,overwhelmingly,подавляющее большинство,no_equality
44722,overwhelmingly,чрезвычайно,extrêmement
44723,overwhelmingly,чрезвычайно,extraordinairement
44724,overwhelmingly,чрезвычайно,incroyablement
44725,overwhelmingly,всецело,no_equality
44726,overwhelmingly,в основном,essentiellement
44727,overwhelmingly,большей части,no_equality
44728,overwhelmingly,большинстве своем,no_equality
44729,overwhelmingly,однозначно,no_equality
44730,overwhelmingly,чрезмерно,extrêmement
44731,snubbed,унизил,no_equality
44732,banishment,изгнание,bannissement
44733,banishment,изгнание,exil
44734,banishment,изгнание,expulsion
44735,banishment,ссылка,no_equality
44736,projector,проектор,projecteur
44737,projector,проектор,rétroprojecteur
44738,projector,прожектор,projecteur
44739,projector,кинопроектор,projecteur
44740,projector,диапроектор,rétroprojecteur
44741,giant,гигантский,géant
44742,giant,гигантский,énorme
44743,giant,гигантский,gigantesque
44744,giant,гигантский,immense
44745,giant,великанский,no_equality
44746,giant,гигант,géant
44747,giant,титан,no_equality
44748,giant,автогигант,no_equality
44749,giant,колосс,colosse
44750,giant,гидромонитор,no_equality
44751,greenness,зелень,verdure
44752,greenness,зеленость,no_equality
44753,preferences,преференций,préférence
44754,preferences,предпочтения,préférence
44755,preferences,предпочтений,préférence
44756,preferences,предпочтениях,préférence
44757,preferences,преференциями,préférence
44758,preferences,преференциям,préférence
44759,preferences,предпочтениями,préférence
44760,preferences,предпочтениям,no_equality
44761,preferences,настройки,paramètre
44762,preferences,преференциях,préférence
44763,preferences,льготы,avantage
44764,preferences,льготы,privilège
44765,preferences,льгот,avantage
44766,preferences,льгот,privilège
44767,preferences,настроек,no_equality
44768,preferences,пожеланий,no_equality
44769,preferences,преференциального режима,no_equality
44770,overstayed,просрочил,no_equality
44771,overstayed,просроченными,no_equality
44772,overstayed,истекла,no_equality
44773,chants,песнопения,chant
44774,chants,песнопений,no_equality
44775,chants,напевы,no_equality
44776,chants,лозунгов,slogan
44777,chants,восхваляет,no_equality
44778,chants,chants,no_equality
44779,chants,песен,chant
44780,chants,скандирований,no_equality
44781,chants,поет оркестр,chant
44782,chants,поет оркестр,chante
44783,rioted,учинили беспорядки,no_equality
44784,rioted,взбунтовались,no_equality
44785,rioted,устроили беспорядки,no_equality
44786,rioted,бунтовали,no_equality
44787,trend,тенденция,tendance
44788,trend,тенденция,évolution
44789,trend,тенденция,mouvement
44790,trend,тенденция,phénomène
44791,trend,тенденция,hausse
44792,trend,тенденции,tendance
44793,trend,тенденции,évolution
44794,trend,тенденции,phénomène
44795,trend,тенденции,trend
44796,trend,тренд,tendance
44797,trend,динамика,tendance
44798,trend,динамика,évolution
44799,trend,направление,tendance
44800,trend,наблюдается,tendance
44801,trend,trend,no_equality
44802,trend,веяние,no_equality
44803,trend,трендовый,no_equality
44804,trend,наметившуюся,no_equality
44805,trend,уменьшению,baisse
44806,replicated,скопированный,no_equality
44807,replicated,воспроизводимый,no_equality
44808,legible,разборчивой,no_equality
44809,legible,разборчивыми,no_equality
44810,legible,разборчив,no_equality
44811,legible,четкими,no_equality
44812,legible,удобочитаемым,no_equality
44813,legible,удобочитаемыми,no_equality
44814,legible,видны,no_equality
44815,legible,четким,no_equality
44816,legible,разобрать,no_equality
44817,legible,разборчивы,no_equality
44818,legible,разборчивым,no_equality
44819,legible,разборчивую,no_equality
44820,legible,разборчивом виде,no_equality
44821,withdrawers,снятий,no_equality
44822,withdrawers,снятия,no_equality
44823,withdrawers,забор,no_equality
44824,withdrawers,отзыва,no_equality
44825,withdrawers,забора,no_equality
44826,withdrawers,снятие средств,no_equality
44827,withdrawers,водозабора,no_equality
44828,withdrawers,выводе,no_equality
44829,withdrawers,изъятие,no_equality
44830,withdrawers,вывод сил,no_equality
44831,withdrawers,вывода войск,no_equality
44832,withdrawers,вывод войск,no_equality
44833,withdrawers,изъятий,no_equality
44834,flicked,бросил,no_equality
44835,flicked,отмахнулся от,no_equality
44836,diatoms,диатомовые водоросли,diatomée
44837,diatoms,диатомеи,no_equality
44838,diatoms,диатомовых водорослей,no_equality
44839,diatoms,диатомы,no_equality
44840,Polynesia,полинезия,polynésie
44841,Polynesia,полинезии,polynésie
44842,Polynesia,полинезию,polynésie
44843,Polynesia,полинезией,polynésie
44844,gamed,обошли правила,no_equality
44845,gamed,переиграли,no_equality
44846,gamed,лень,no_equality
44847,union,союз,union
44848,union,союз,syndicat
44849,union,союз,mariage
44850,union,союз,ue
44851,union,союз,association
44852,union,профсоюз,syndicat
44853,union,брак,union
44854,union,брак,mariage
44855,union,объединение,union
44856,union,объединение,réunion
44857,union,объединение,association
44858,union,союзных,union
44859,union,союзной,no_equality
44860,union,союзного,no_equality
44861,union,юнион,union
44862,union,union,no_equality
44863,union,единение,union
44864,union,соединение,no_equality
44865,union,слияние,no_equality
44866,union,брачный союз,mariage
44867,revolt,восстание,révolte
44868,revolt,восстание,insurrection
44869,revolt,восстание,rébellion
44870,revolt,восстание,soulèvement
44871,revolt,восстание,émeute
44872,revolt,мятеж,révolte
44873,revolt,мятеж,insurrection
44874,revolt,мятеж,rébellion
44875,revolt,мятеж,soulèvement
44876,revolt,мятеж,mutinerie
44877,revolt,мятеж,émeute
44878,revolt,мятеж,révolté
44879,revolt,мятеж,sédition
44880,revolt,бунт,révolte
44881,revolt,бунт,rébellion
44882,revolt,бунт,mutinerie
44883,revolt,бунт,émeute
44884,revolt,бунт,sédition
44885,revolt,бунтовать,se rebeller
44886,revolt,восставать,se rebeller
44887,revolt,восстать,se révolter
44888,revolt,восстать,se rebeller
44889,squirted,брызнул,no_equality
44890,write_off,списание,annulation
44891,write_off,списание,passation par pertes et profits
44892,write_off,списание,passation par profits et pertes
44893,write_off,списать,no_equality
44894,write_off,списанного,passation par profits et pertes
44895,write_off,списанного,passés par profits et pertes
44896,write_off,списанной,passé par pertes et profits
44897,write_off,списывать,no_equality
44898,write_off,списана,passés par profits et pertes
44899,write_off,списана,passé par pertes et profits
44900,write_off,списанных,passés par profits et pertes
44901,write_off,списанные,no_equality
44902,dissuaded,отговорить,no_equality
44903,dissuaded,разубеждать,no_equality
44904,dissuaded,разубедили,no_equality
44905,dissuaded,удерживают,no_equality
44906,prophets,пророки,no_equality
44907,prophets,пророками,prophète
44908,prophets,пророкам,no_equality
44909,prophets,пророков,prophète
44910,prophets,пророках,no_equality
44911,prophets,проповедниками,no_equality
44912,contaminative,загрязнение,no_equality
44913,contaminative,заражение,no_equality
44914,contaminative,загрязненность,no_equality
44915,contaminative,засорение,no_equality
44916,contaminative,примесей,no_equality
44917,contaminative,загрязненных,no_equality
44918,contaminative,загрязнена,no_equality
44919,contaminative,контаминации,no_equality
44920,patriotism,патриотизм,patriotisme
44921,patriotism,патриотизму,patriotisme
44922,micronutrients,питательных микроэлементов,no_equality
44923,micronutrients,питательные микроэлементы,micronutriments
44924,micronutrients,микропитательных веществ,no_equality
44925,micronutrients,микронутриентов,no_equality
44926,micronutrients,микропитательных элементов,no_equality
44927,micronutrients,питательных элементов,no_equality
44928,micronutrients,питательными микроэлементами,oligoéléments
44929,micronutrients,питательным микроэлементам,no_equality
44930,micronutrients,микропитательные элементы,no_equality
44931,thralls,рабов,thralls
44932,thralls,рабов,serf
44933,thralls,рабы,serf
44934,runs,упираться,no_equality
44935,distrusted,сомневался в,no_equality
44936,distrusted,не доверял,se méfiait
44937,truthfully,честно говоря,honnêtement
44938,truthfully,честно говоря,sincèrement
44939,truthfully,честно говоря,franchement
44940,truthfully,честно говоря,en vérité
44941,truthfully,честно говоря,pour être honnête
44942,truthfully,правдиво,honnêtement
44943,truthfully,правдиво,sincèrement
44944,truthfully,если честно,sincèrement
44945,truthfully,если честно,franchement
44946,truthfully,если честно,en vérité
44947,truthfully,если честно,pour être honnête
44948,truthfully,правду,no_equality
44949,truthfully,по правде говоря,honnêtement
44950,truthfully,по правде говоря,franchement
44951,truthfully,по правде говоря,en vérité
44952,truthfully,по правде говоря,pour être honnête
44953,truthfully,правдивые,no_equality
44954,truthfully,по-честному,no_equality
44955,truthfully,искренне,honnêtement
44956,truthfully,искренне,sincèrement
44957,truthfully,искренне,franchement
44958,colors,цветы,no_equality
44959,El_Salvador,сальвадор,el salvador
44960,El_Salvador,эль-сальвадор,el salvador
44961,El_Salvador,сальвадоре,el salvador
44962,El_Salvador,сальвадора,salvadorien
44963,El_Salvador,сальвадора,el salvador
44964,El_Salvador,сальвадором,el salvador
44965,El_Salvador,сальвадору,el salvador
44966,El_Salvador,сальвадорской,salvadorien
44967,El_Salvador,эль-сальвадоре,no_equality
44968,El_Salvador,эль-сальвадора,el salvador
44969,El_Salvador,сальвадорский,no_equality
44970,El_Salvador,сальвадорское государство,salvadorien
44971,El_Salvador,сальвадорского,salvadorien
44972,El_Salvador,сальвадорских,salvadorien
44973,optimization,оптимизация,optimisation
44974,optimization,оптимизационные,no_equality
44975,optimization,оптимизированы,no_equality
44976,optimization,оптимизированных,no_equality
44977,optimization,optimization,no_equality
44978,optimization,оптимизировать,no_equality
44979,optimization,оптимального использования,optimisation
44980,enslaving,порабощение,esclavage
44981,enslaving,порабощение,asservissement
44982,enslaving,рабство,esclavage
44983,enslaving,рабство,asservissement
44984,enslaving,порабощает,no_equality
44985,enslaving,порабощать,asservir
44986,enslaving,порабощаете,no_equality
44987,hesitating,колеблющийся,no_equality
44988,hesitating,стеснявшийся,no_equality
44989,hesitating,нерешительный,no_equality
44990,hesitating,колебание,hésitation
44991,interceptor,перехватчик,intercepteur
44992,interceptor,перехватчику,no_equality
44993,interceptor,лидер-перехватчик,intercepteur
44994,daydream,мечта,no_equality
44995,daydream,облаках,no_equality
44996,daydream,мечтать,rêver
44997,daydream,мечтать,rêvasser
44998,daydream,полным олухом,no_equality
44999,lefts,раза налево,no_equality
45000,lefts,поворота налево,fois à gauche
45001,parroting,имитирует,no_equality
45002,novel,роман,roman
45003,novel,роман,livre
45004,novel,книга,roman
45005,novel,книга,livre
45006,novel,книга,bouquin
45007,novel,новелла,no_equality
45008,novel,новый,nouveau
45009,novel,новаторский,novateur
45010,novel,новаторский,innovant
45011,novel,рассказ,no_equality
45012,novel,новеллы,no_equality
45013,novel,романов,no_equality
45014,novel,повесть,roman
45015,novel,оригинальный,original
45016,advocacy,пропаганда,no_equality
45017,advocacy,поддержка,promotion
45018,advocacy,пропагандистской деятельности,plaidoyer
45019,advocacy,пропагандистской деятельности,sensibilisation
45020,advocacy,пропагандистской деятельности,mobilisation
45021,advocacy,пропагандистских,plaidoyer
45022,advocacy,пропагандистских,mobilisation
45023,advocacy,пропагандистские,no_equality
45024,advocacy,пропагандистская деятельность,plaidoyer
45025,advocacy,пропагандистской работы,plaidoyer
45026,advocacy,пропагандистской работы,sensibilisation
45027,advocacy,пропагандистский,no_equality
45028,advocacy,пропагандистскую деятельность,no_equality
45029,advocacy,пропагандистскую работу,plaidoyer
45030,advocacy,разъяснительной работы,sensibilisation
45031,advocacy,пропагандистская работа,plaidoyer
45032,advocacy,правозащитной деятельности,no_equality
45033,advocacy,защита,défense
45034,advocacy,отстаивание,no_equality
45035,advocacy,адвокатская деятельность,no_equality
45036,charlatans,шарлатанов,charlatan
45037,charlatans,шарлатаны,charlatan
45038,charlatans,шарлатанами,no_equality
45039,charlatans,шарлатанам,no_equality
45040,larders,кладовые,cellier
45041,indictment,обвинительный акт,acte d'accusation
45042,indictment,обвинительный акт,inculpation
45043,indictment,обвинительный акт,mise en accusation
45044,indictment,обвинение,accusation
45045,indictment,обвинение,inculpation
45046,indictment,обвинение,mise en accusation
45047,indictment,обвинение,condamnation
45048,indictment,обвинение,inculpé
45049,indictment,обвинение,inculper
45050,indictment,обвинение,poursuite
45051,indictment,обвинение,accuser
45052,indictment,предъявление обвинения,acte d'accusation
45053,indictment,предъявление обвинения,inculpation
45054,indictment,обвинительный,no_equality
45055,obvious,очевидный,évident
45056,obvious,очевидный,manifeste
45057,obvious,очевидный,flagrant
45058,obvious,очевидный,apparent
45059,obvious,очевидный,visible
45060,obvious,понятный,clair
45061,obvious,самоочевидный,no_equality
45062,obvious,банальный,no_equality
45063,obvious,заведомый,no_equality
45064,obvious,видимый,no_equality
45065,provisioners,положения,no_equality
45066,provisioners,положений,no_equality
45067,provisioners,положениями,no_equality
45068,provisioners,положениям,no_equality
45069,provisioners,положениях,no_equality
45070,provisioners,ассигнования,no_equality
45071,provisioners,нормы,no_equality
45072,provisioners,норм,no_equality
45073,provisioners,ассигнований,no_equality
45074,provisioners,положение,no_equality
45075,provisioners,нормами,no_equality
45076,provisioners,предписания,no_equality
45077,provisioners,требования,no_equality
45078,provisioners,предписаний,no_equality
45079,provisioners,нормам,no_equality
45080,provisioners,провизия,no_equality
45081,provisioners,провиант,no_equality
45082,arthropods,членистоногих,no_equality
45083,arthropods,членистоногие,arthropode
45084,arthropods,артроподы,no_equality
45085,misunderstanding,недоразумение,malentendu
45086,misunderstanding,недоразумение,erreur
45087,misunderstanding,недоразумение,confusion
45088,misunderstanding,недопонимание,malentendu
45089,misunderstanding,недопонимание,incompréhension
45090,misunderstanding,недопонимание,méconnaissance
45091,misunderstanding,недопонимание,confusion
45092,misunderstanding,недопонимание,mal compris
45093,misunderstanding,непонимание,malentendu
45094,misunderstanding,непонимание,incompréhension
45095,misunderstanding,непонимание,méconnaissance
45096,misunderstanding,непонимание,confusion
45097,misunderstanding,неправильного понимания,malentendu
45098,misunderstanding,неправильного понимания,mauvaise interprétation
45099,misunderstanding,неправильное понимание,no_equality
45100,misunderstanding,ошибка,malentendu
45101,misunderstanding,ошибка,méprise
45102,misunderstanding,ошибка,erreur
45103,misunderstanding,заблуждение,erreur
45104,misunderstanding,заблуждение,confusion
45105,misunderstanding,неправильного толкования,malentendu
45106,misunderstanding,неправильного толкования,mauvaise interprétation
45107,misunderstanding,неправильным пониманием,malentendu
45108,misunderstanding,неправильному пониманию,no_equality
45109,misunderstanding,неправильном понимании,no_equality
45110,misunderstanding,так поняли,no_equality
45111,misunderstanding,отсутствия взаимопонимания,incompréhension
45112,misunderstanding,неправильно поняли,malentendu
45113,growled,рычал,grognait
45114,growled,зарычал,no_equality
45115,bullying,издевательство,brimade
45116,bullying,издевательство,bizutage
45117,bullying,запугивание,intimidation
45118,bullying,запугивание,harcèlement
45119,bullying,травля,intimidation
45120,bullying,дедовщина,no_equality
45121,bullying,хулиганства,brimade
45122,bullying,притеснений,brimade
45123,bullying,притеснений,harcèlement
45124,bullying,притеснения,brimade
45125,bullying,притеснения,harcèlement
45126,adviser,советник,conseiller
45127,adviser,советник,auprès
45128,adviser,консультант,conseiller
45129,adviser,консультант,conseil
45130,adviser,консультант,consultant
45131,adviser,консультант,spécialiste
45132,adviser,консультант,auprès
45133,adviser,консультанта по вопросам,no_equality
45134,adviser,советчик,conseiller
45135,adviser,советнике,no_equality
45136,adviser,адвокатом,no_equality
45137,adviser,адвоката,conseiller
45138,adviser,адвоката,conseil
45139,adviser,руководитель,no_equality
45140,answering,отвечает на,no_equality
45141,answering,отвечать на,no_equality
45142,answering,отвечая на,no_equality
45143,answering,ответить на,no_equality
45144,answering,отвечаешь на,no_equality
45145,answering,берёт,répond
45146,answering,отвечал на,répondre à
45147,answering,отвечал на,répondu à
45148,answering,отвечал на,répondait
45149,answering,отвечала на,répondu à
45150,answering,ответа на,no_equality
45151,answering,отвечаю на,répondrai
45152,answering,ответы на,no_equality
45153,answering,ответ на,répondre à
45154,answering,ответ на,répondre aux
45155,answering,отвечаете на,no_equality
45156,answering,ответов на,no_equality
45157,answering,ответ,réponse
45158,answering,ответ,répond
45159,answering,ответ,répondent
45160,knifes,ножи,couteau
45161,knifes,ножей,no_equality
45162,simmering,кипящий,no_equality
45163,simmering,назревающий,no_equality
45164,simmering,тлеющий,no_equality
45165,simmering,медленно кипящий,bouillant
45166,simmering,кипение,no_equality
45167,corrupted,поврежден,corrompu
45168,corrupted,повреждены,endommagé
45169,corrupted,повреждена,endommagé
45170,corrupted,испортил,no_equality
45171,corrupted,испорчена,corrompu
45172,corrupted,испорчена,corrompue
45173,corrupted,поврежденных,no_equality
45174,corrupted,испорчены,no_equality
45175,corrupted,повреждено,endommagé
45176,corrupted,испортили,no_equality
45177,corrupted,коррумпированы,no_equality
45178,corrupted,повредил,no_equality
45179,corrupted,измененные,no_equality
45180,corrupted,коррумпированных,corrompue
45181,corrupted,продажный,no_equality
45182,corrupted,развратил,no_equality
45183,Nashvilles,нэшвилл,nashville
45184,Nashvilles,нэшвилле,no_equality
45185,Nashvilles,нэшвилла,no_equality
45186,Nashvilles,нашвилл,nashville
45187,Nashvilles,нэшвилля,no_equality
45188,Nashvilles,нэшвиль,no_equality
45189,Nashvilles,нэшвил,nashville
45190,Nashvilles,нэшвиле,nashville
45191,Nashvilles,нешвиле,nashville
45192,Nashvilles,нешвиль,no_equality
45193,Nashvilles,нешвилле,no_equality
45194,nonessentials,второстепенный персонал,no_equality
45195,Wednesdays,по средам,no_equality
45196,Wednesdays,среду,mercredi
45197,Wednesdays,среды,mercredi
45198,salamis,салями,salami
45199,salamis,саламине,no_equality
45200,salamis,саламисе,no_equality
45201,salamis,саламина,no_equality
45202,dialogs,диалоги,dialogue
45203,dialogs,диалогов,dialogue
45204,dialogs,диалогах,dialogue
45205,dialogs,диалогам,dialogue
45206,obsolescent,устаревающий,no_equality
45207,obsolescent,устаревшими,obsolète
45208,coked,под коксом,no_equality
45209,coked,обдолбался,no_equality
45210,coked,под кайфом,no_equality
45211,hosts,хозяева,no_equality
45212,hosts,находится,no_equality
45213,hosts,хозяев,hôte
45214,hosts,проводит,organise
45215,hosts,хостов,no_equality
45216,hosts,носителей,hôte
45217,hosts,хост-компьютеров,no_equality
45218,hosts,машины,hôte
45219,hosts,машины,machine
45220,hosts,находятся,no_equality
45221,hosts,организует,organise
45222,hosts,узлов,no_equality
45223,hosts,принимает у себя,accueille
45224,hosts,принимает у себя,abrite
45225,hosts,хозяевам,hôte
45226,hosts,узлы,no_equality
45227,hosts,насчитывается,no_equality
45228,rounding,округление,arrondi
45229,rounding,округлять,arrondir
45230,rounding,округлении,no_equality
45231,rounding,закругления,arrondi
45232,parlayed,вложила,no_equality
45233,exorcisers,учения,no_equality
45234,exorcisers,учений,no_equality
45235,exorcisers,осуществляет,no_equality
45236,exorcisers,мероприятий,no_equality
45237,exorcisers,мероприятия,no_equality
45238,exorcisers,упражнения,no_equality
45239,exorcisers,упражнений,no_equality
45240,exorcisers,мероприятиях,no_equality
45241,exorcisers,учениях,no_equality
45242,exorcisers,занятия,no_equality
45243,exorcisers,занятий,no_equality
45244,exorcisers,выполняет,no_equality
45245,exorcisers,маневры,no_equality
45246,exorcisers,тренировки,no_equality
45247,exorcisers,упражнениями,no_equality
45248,ownerships,владений,no_equality
45249,kick,надрать,battre
45250,kick,выгнать,virer
45251,kick,выгнать,expulser
45252,kick,выгнать,chasser
45253,kick,выгнать,renvoyer
45254,kick,пнуть,frapper
45255,kick,вышвырнуть,virer
45256,kick,вышвырнуть,expulser
45257,kick,вышвырнуть,renvoyer
45258,kick,выбить,frapper
45259,kick,выбить,défoncer
45260,kick,пинать,frapper
45261,kick,бить,frapper
45262,kick,бить,casser
45263,kick,бить,battre
45264,kick,бить,tirer
45265,kick,ударить,frapper
45266,kick,удар,frappe
45267,kick,удар,tir
45268,kick,удар,botte
45269,kick,пинок,coup de pied
45270,kick,пинок,kick
45271,kick,бей,frappe
45272,kick,дать,no_equality
45273,kick,выкинуть,virer
45274,kick,выкинуть,jeter
45275,kick,выставить,virer
45276,kick,выставить,mettre
45277,kick,выгонять,virer
45278,kick,выгонять,jeter
45279,kick,выгонять,chasser
45280,kick,удар ногой,coup de pied
45281,kick,пинаться,no_equality
45282,kick,лягнуть,no_equality
45283,shareholders,акционеров,actionnaire
45284,shareholders,акционеров,actionnariat
45285,shareholders,акционеров,parties prenantes
45286,shareholders,акционеры,actionnaire
45287,shareholders,акционерами,actionnaire
45288,shareholders,акционерам,no_equality
45289,shareholders,держателей акций,actionnaire
45290,shareholders,акционерах,actionnaire
45291,shareholders,держатели акций,actionnaire
45292,shareholders,держателями акций,actionnaire
45293,shareholders,пайщиков,no_equality
45294,shareholders,держателям акций,no_equality
45295,shareholders,дольщиков,no_equality
45296,shareholders,владельцы,no_equality
45297,shareholders,акционерного,no_equality
45298,deflection,смещения,déplacement
45299,deflection,смещения,enfoncement
45300,deflection,отклонение,déviation
45301,deflection,изгиб,déflection
45302,deflection,отклонения орбиты,déviation
45303,deflection,изменения траектории,no_equality
45304,deflection,отклоняющие,no_equality
45305,deflection,изменения орбиты,no_equality
45306,deflection,сила-смещение,no_equality
45307,deflection,дефлекторы,déflecteur
45308,deflection,смещение,déplacement
45309,deflection,смещение,enfoncement
45310,deflection,дефлекторов,no_equality
45311,deflection,прогибание,no_equality
45312,deflection,точка отражения,no_equality
45313,deflection,rl-серии,no_equality
45314,mussiness,касается,no_equality
45315,mussiness,бизнес,affaire
45316,mussiness,бизнес,entreprise
45317,mussiness,бизнес,business
45318,mussiness,бизнес,activité
45319,mussiness,бизнес,commerce
45320,mussiness,бизнес,travail
45321,mussiness,бизнес,métier
45322,mussiness,бизнес,professionnel
45323,desirous,стремясь,no_equality
45324,desirous,желая,désireux
45325,desirous,желая,soucieux
45326,desirous,желая,souhaitant
45327,desirous,желающим,désireux
45328,desirous,желающим,souhaitant
45329,desirous,желающим,désirant
45330,telegraphs,телеграфа,télégraphe
45331,wittinesses,свидетелей,témoin
45332,wittinesses,свидетелей,témoignage
45333,wittinesses,свидетелей,témoigner
45334,wittinesses,свидетелей,déposition
45335,wittinesses,свидетели,témoin
45336,wittinesses,свидетелями,témoin
45337,wittinesses,свидетелями,témoigner
45338,wittinesses,свидетелям,témoin
45339,wittinesses,свидетеля,témoin
45340,wittinesses,свидетеля,témoignage
45341,wittinesses,свидетеля,témoigner
45342,wittinesses,очевидцев,no_equality
45343,wittinesses,свидетелях,témoin
45344,wittinesses,свидетель,témoin
45345,wittinesses,свидетель,témoignage
45346,wittinesses,свидетель,témoigner
45347,wittinesses,очевидцы,témoin
45348,wittinesses,свидетелем,témoin
45349,wittinesses,свидетелем,témoigner
45350,wittinesses,понятых,témoin
45351,wittinesses,очевидцами,no_equality
45352,wittinesses,свидетельские показания,témoignage
45353,wittinesses,свидетельские показания,témoigner
45354,wittinesses,детей-свидетелей,no_equality
45355,wittinesses,свидетелю,témoin
45356,skied,катался,ski
45357,skied,катались на лыжах,ski
45358,movable,подвижный,mobile
45359,movable,движимого,mobilier
45360,movable,движимое,meuble
45361,movable,движимых,no_equality
45362,movable,движимом,no_equality
45363,movable,движимые,no_equality
45364,movable,движимым,meuble
45365,movable,перемещения,no_equality
45366,movable,движимой,mobilier
45367,movable,движимой,meuble
45368,movable,съемными,no_equality
45369,movable,движимыми,meuble
45370,lesbians,лесбиянок,lesbien
45371,lesbians,лесбиянок,homosexuel
45372,lesbians,лесбиянок,gouine
45373,lesbians,лесбиянки,lesbien
45374,lesbians,лесбиянки,gouine
45375,lesbians,лесбиянками,lesbien
45376,lesbians,лесбиянкам,lesbien
45377,lesbians,лезбиянок,no_equality
45378,dryness,сухость,sécheresse
45379,dryness,сухость,sèche
45380,dryness,засуха,sécheresse
45381,dryness,степени сухости,no_equality
45382,bicycling,езда на велосипеде,vélo
45383,bicycling,велосипед,vélo
45384,bicycling,велосипед,bicyclette
45385,nutritionists,диетологов,nutritionniste
45386,nutritionists,диетологи,no_equality
45387,nutritionists,специалистов в области питания,nutrition
45388,nutritionists,специалистов по вопросам питания,nutrition
45389,nutritionists,диетологами,no_equality
45390,nutritionists,специалисты по вопросам питания,no_equality
45391,scorned,отвергнутая,no_equality
45392,scorned,презирал,méprisé
45393,scorned,презирали,méprisé
45394,scorned,отвергнутой,no_equality
45395,scorned,оскорбленных,no_equality
45396,scorned,поносил,no_equality
45397,scorned,пренебрегать,no_equality
45398,scorned,проигнорировал,no_equality
45399,scorned,униженная,no_equality
45400,scorned,сильнее ярости брошенной женщины,no_equality
45401,scorned,презираются,no_equality
45402,scorned,отвергла,no_equality
45403,scorned,отвергнутую,no_equality
45404,fumigator,фумигатор,no_equality
45405,bagpipes,волынка,cornemuse
45406,bagpipes,волынки,cornemuse
45407,bagpipes,на волынке,no_equality
45408,bagpipes,волынку,cornemuse
45409,bagpipes,на волынках,no_equality
45410,bagpipes,волынок,no_equality
45411,unsteadiness,неустойчивость,instabilité
45412,execution,исполнение,exécution
45413,execution,исполнение,réalisation
45414,execution,исполнение,application
45415,execution,исполнение,accomplissement
45416,execution,исполнение,exercice
45417,execution,оформление,no_equality
45418,execution,совершение,exécution
45419,execution,совершение,accomplissement
45420,execution,исполнительный лист,no_equality
45421,execution,казнь,exécution
45422,execution,казнь,exécuter
45423,execution,заключение,no_equality
45424,execution,расправа,no_equality
45425,execution,экзекуция,exécution
45426,execution,приговор,no_equality
45427,execution,исполнительный,no_equality
45428,deadenings,оглушительный,no_equality
45429,deadenings,оглушающий,no_equality
45430,deadenings,оглушение,no_equality
45431,deadenings,оглушительной,no_equality
45432,deadenings,оглушает,no_equality
45433,deadenings,оглушающим,no_equality
45434,deadenings,оглушающей,no_equality
45435,deadenings,гробовое,no_equality
45436,bearing,подшипник,no_equality
45437,bearing,осанка,maintien
45438,bearing,рождение,no_equality
45439,bearing,влияние,influence
45440,bearing,ношение,port
45441,bearing,вынашивание,no_equality
45442,bearing,плодоношение,no_equality
45443,bearing,опорный,no_equality
45444,bearing,подшипниковый,no_equality
45445,bearing,имеющий,no_equality
45446,bearing,несущий,porteur
45447,bearing,несущая,porteur
45448,bearing,носящий,no_equality
45449,bearing,приносящий,no_equality
45450,bearing,рождающий,no_equality
45451,bearing,державший,no_equality
45452,bearing,вынашивающий,no_equality
45453,complicate,осложнить,compliquer
45454,complicate,осложнить,entraver
45455,complicate,усложнить,compliquer
45456,complicate,усложнить,rendre plus difficile
45457,complicate,усложнять,compliquer
45458,complicate,осложнять,compliquer
45459,complicate,затруднить,compliquer
45460,complicate,затруднить,entraver
45461,complicate,затруднить,rendre plus difficile
45462,complicate,затруднять,compliquer
45463,complicate,затруднять,entraver
45464,complicate,осложнению,compliquer
45465,complicate,усложнению,compliquer
45466,complicate,осложняется,compliquer
45467,Tuniss,тунис,tunis
45468,Tuniss,тунисе,tunis
45469,Tuniss,туниса,tunis
45470,Tuniss,тунисского,tunis
45471,Tuniss,тунисский,tunis
45472,Tuniss,тунисскую,no_equality
45473,Tuniss,тунисская,no_equality
45474,Tuniss,тунисской,no_equality
45475,Tuniss,тунисское,tunis
45476,Tuniss,столице,no_equality
45477,newborns,новорожденных,no_equality
45478,newborns,новорожденным,nouveau-né
45479,newborns,новорожденными,nouveau-né
45480,newborns,новорожденные,nouveau-né
45481,newborns,младенцев,nouveau-né
45482,newborns,младенцев,nouveaux-nés
45483,newborns,родившихся детей,nouveau-né
45484,newborns,рождения детей,no_equality
45485,newborns,грудных детей,no_equality
45486,newborns,новорожденного,nouveau-né
45487,genitals,гениталии,organes génitaux
45488,genitals,гениталии,parties génitales
45489,genitals,гениталии,sexe
45490,genitals,гениталии,appareil génital
45491,genitals,гениталии,parties intimes
45492,genitals,гениталии,couille
45493,genitals,гениталии,testicule
45494,genitals,половые органы,organes sexuels
45495,genitals,причиндалы,parties intimes
45496,genitals,половой орган,no_equality
45497,genitals,половым органам,organes génitaux
45498,genitals,половых органов,organes génitaux
45499,genitals,половых органов,appareil génital
45500,genitals,половых органов,organes sexuels
45501,genitals,половыми органами,no_equality
45502,importations,импорт,importation
45503,grooming,уход,soin
45504,grooming,уход,entretien
45505,grooming,груминг,no_equality
45506,grooming,чистка,no_equality
45507,grooming,ухаживающий,no_equality
45508,faulty,неисправный,défectueux
45509,faulty,неисправный,défaillant
45510,faulty,дефектный,défectueux
45511,faulty,сбойный,no_equality
45512,faulty,неисправность,no_equality
45513,faulty,ошибочные,mauvais
45514,faulty,ошибочных,no_equality
45515,faulty,ошибочными,erroné
45516,faulty,ошибочными,faux
45517,faulty,неверных,no_equality
45518,faulty,неверной,erroné
45519,faulty,неверной,faux
45520,faulty,бракованный,défectueux
45521,faulty,сломан,no_equality
45522,faulty,ошибочной,erroné
45523,faulty,ошибочной,faux
45524,heat,тепло,chaleur
45525,heat,тепло,chauffage
45526,heat,тепло,chaud
45527,heat,жара,chaleur
45528,heat,подогрев,chauffage
45529,heat,температура,chaleur
45530,heat,температура,température
45531,heat,тепловая энергия,no_equality
45532,heat,тепловыделение,no_equality
45533,heat,разгар,no_equality
45534,heat,нагревать,chauffer
45535,heat,жарить,no_equality
45536,heat,потопить,no_equality
45537,heat,тепловой,no_equality
45538,tiaras,тиары,diadème
45539,tiaras,диадемы,no_equality
45540,tiaras,тиар,no_equality
45541,tiaras,тиарами,no_equality
45542,emitters,эмиттеры,émetteur
45543,emitters,излучатели,émetteur
45544,emitters,излучателей,no_equality
45545,emitters,источников излучения,no_equality
45546,emitters,источники выбросов,no_equality
45547,emitters,источников выбросов,émission
45548,emitters,излучателями,no_equality
45549,emitters,кто выбрасывает,no_equality
45550,emitters,загрязнителей воздуха,no_equality
45551,emitters,источников загрязнения,no_equality
45552,emitters,генераторов,no_equality
45553,emitters,излучателя,no_equality
45554,emitters,источниками выбросов,émetteur
45555,emitters,загрязнители,no_equality
45556,emitters,эмитентов,émetteur
45557,subcontract,субподряд,sous-traitance
45558,subcontract,договор субподряда,contrat de sous-traitance
45559,subcontract,субподрядчиков,sous-traitance
45560,subcontract,субподрядчиков,sous-traitant
45561,subcontract,договора субподряда,contrat de sous-traitance
45562,likeliness,вероятности,probabilité
45563,digitalization,оцифровывание,no_equality
45564,digitalization,оцифровке,no_equality
45565,digitalization,цифровой формат,numérique
45566,digitalization,компьютеризации,no_equality
45567,digitalization,цифровую форму,numérisation
45568,holdouts,несогласных,opposant
45569,holdouts,уклоняющихся,no_equality
45570,holdouts,несогласным,no_equality
45571,holdouts,несогласные кредиторы,no_equality
45572,inward,внутрь,vers l'intérieur
45573,inward,приток,no_equality
45574,inward,внутренней,intérieure
45575,inward,внутренней,interne
45576,inward,внутренних,intérieure
45577,inward,внутренних,interne
45578,inward,ввезенных,no_equality
45579,inward,внутреннего,no_equality
45580,inward,ввоз,no_equality
45581,inward,внутренние,intérieure
45582,inward,внутренние,interne
45583,torments,мучает,tourmente
45584,torments,муки,affres
45585,torments,мучения,tourment
45586,torments,мучения,supplice
45587,torments,терзает,tourmente
45588,torments,мучениях,no_equality
45589,torments,мучит,tourmente
45590,torments,мучений,tourment
45591,torments,мук,tourment
45592,torments,страданий,no_equality
45593,prescribed,установленный,no_equality
45594,prescribed,предусмотренный,fixé
45595,prescribed,предусмотренных,prévu
45596,prescribed,предписанных,no_equality
45597,prescribed,предписанные,prescrite
45598,prescribed,предусмотренные,prévu
45599,prescribed,соответствии,no_equality
45600,prescribed,предписанной,prescrite
45601,prescribed,предписанного,no_equality
45602,prescribed,предусмотрены,prévu
45603,prescribed,предписано,no_equality
45604,prescribed,предписанным,no_equality
45605,prescribed,прописал,no_equality
45606,prescribed,предписаны,no_equality
45607,prescribed,предписанный,no_equality
45608,interrogatory,опросный лист,no_equality
45609,interrogatory,допрос,interrogatoire
45610,interrogatory,вопросительный,no_equality
45611,lumps,куски,morceau
45612,lumps,шишки,bosse
45613,lumps,комки,no_equality
45614,lumps,глыбы,bloc
45615,lumps,куска,morceau
45616,lumps,куска,bloc
45617,lumps,комков,no_equality
45618,lumps,кусков,morceau
45619,lumps,кусковой руды,no_equality
45620,lumps,комочков,grumeau
45621,lumps,шишек,no_equality
45622,lumps,шишках,no_equality
45623,lumps,сахара,no_equality
45624,lumps,опухолей,no_equality
45625,lumps,пиву,no_equality
45626,lumps,кусочки,morceau
45627,distributing,распределительный,no_equality
45628,distributing,распределяющий,no_equality
45629,distributing,распространяющий,no_equality
45630,distributing,распространение,distribution
45631,distributing,распространение,diffusion
45632,bunched,сгруппированы,groupées
45633,bunched,пучки,no_equality
45634,bunched,столпились,no_equality
45635,undercutting,подрывая,no_equality
45636,undercutting,сбивая,no_equality
45637,undercutting,подрыва,saper
45638,undercutting,подрыву,saper
45639,undercutting,подрывает авторитет,no_equality
45640,undercutting,занижении которого,no_equality
45641,detrituses,обломки,débris
45642,detrituses,осколки,débris
45643,detrituses,поганус,no_equality
45644,detrituses,погануса,no_equality
45645,detrituses,поганусом,no_equality
45646,detrituses,гнуснее,no_equality
45647,detrituses,наносные отложения,no_equality
45648,plumpness,округлость,no_equality
45649,moulter,колтер,coulter
45650,moulter,коултер,coulter
45651,moulter,коултера,no_equality
45652,moulter,култер,no_equality
45653,omnipresence,вездесущность,no_equality
45654,omnipresence,вездесущности,no_equality
45655,calcium_carbonates,карбонат кальция,carbonate de calcium
45656,calcium_carbonates,карбоната кальция,no_equality
45657,calcium_carbonates,карбонатом кальция,no_equality
45658,alkalinity,щелочность,alcalinité
45659,alkalinity,щелочной,no_equality
45660,grasses,травы,herbe
45661,grasses,трав,graminée
45662,grasses,трав,herbe
45663,grasses,трава,herbe
45664,grasses,траву,gazon
45665,grasses,растения,no_equality
45666,grasses,травами,herbe
45667,grasses,траве,gazon
45668,grasses,сочной травой,no_equality
45669,curses,проклятия,malédiction
45670,curses,проклятья,malédiction
45671,curses,проклятий,no_equality
45672,curses,проклятие,malédiction
45673,curses,проклятие,maudit
45674,curses,проклятиях,malédiction
45675,curses,ругательства,juron
45676,curses,ругается,jure
45677,curses,ругательств,juron
45678,curses,проклятье,malédiction
45679,qualities,качества,qualité
45680,qualities,качества,compétence
45681,qualities,качеств,qualité
45682,qualities,качеств,caractéristique
45683,qualities,качеств,attribut
45684,qualities,качеств,compétence
45685,qualities,качеств,mérite
45686,qualities,качествами,qualité
45687,qualities,качествами,caractéristique
45688,qualities,качествам,qualité
45689,qualities,качествах,qualité
45690,qualities,свойства,no_equality
45691,qualities,качество,qualité
45692,qualities,достоинств,qualité
45693,qualities,достоинств,vertu
45694,qualities,достоинств,atout
45695,qualities,достоинств,avantage
45696,qualities,достоинств,mérite
45697,qualities,свойствами,caractéristique
45698,qualities,свойствами,propriété
45699,qualities,свойств,caractéristique
45700,qualities,свойств,propriété
45701,qualities,черты,caractéristique
45702,qualities,характеристики,caractéristique
45703,qualities,характеристики,propriété
45704,qualities,характеристики,attribut
45705,qualities,характеристиками,no_equality
45706,qualities,достоинствах,vertu
45707,qualities,достоинства,qualité
45708,qualities,достоинства,vertu
45709,qualities,достоинства,atout
45710,qualities,достоинства,avantage
45711,clashes,столкновений,collision
45712,clashes,столкновения,collision
45713,clashes,столкновениях,affrontement
45714,clashes,столкновениях,combat
45715,clashes,столкновениям,affrontement
45716,clashes,столкновениям,heurt
45717,clashes,столкновениям,confrontation
45718,clashes,столкновениями,affrontement
45719,clashes,столкновениями,heurt
45720,clashes,стычек,affrontement
45721,clashes,стычек,heurt
45722,clashes,стычек,accrochage
45723,clashes,стычки,affrontement
45724,clashes,стычки,accrochage
45725,clashes,стычки,combat
45726,clashes,стычки,escarmouche
45727,clashes,стычках,affrontement
45728,clashes,стычках,accrochage
45729,clashes,стычках,confrontation
45730,clashes,конфликты,conflit
45731,clashes,столкновение,accrochage
45732,clashes,столкновение,collision
45733,clashes,боестолкновений,no_equality
45734,clashes,стычками,affrontement
45735,clashes,стычками,accrochage
45736,clashes,боестолкновения,combat
45737,clashes,стычкам,affrontement
45738,clashes,произошли,no_equality
45739,engages,участвует,no_equality
45740,engages,занимается,no_equality
45741,engages,взаимодействует,coopère avec
45742,engages,привлекает,mobilise
45743,engages,проводит,no_equality
45744,engages,поддерживает,no_equality
45745,engages,осуществляет,exerce
45746,engages,участвуют,no_equality
45747,engages,принимает участие,no_equality
45748,engages,сотрудничает,coopère avec
45749,engages,вступает,no_equality
45750,engages,вовлекает,no_equality
45751,engages,совершает,no_equality
45752,engages,затрагивает,no_equality
45753,engages,занимающимся,no_equality
45754,underscores,подчеркивает,souligne
45755,underscores,подчеркивает,fait ressortir
45756,underscores,подчеркивает,insiste sur
45757,underscores,подчеркивает,soulignent
45758,underscores,подчеркивается,souligne
45759,underscores,подчеркивается,fait ressortir
45760,underscores,подчеркивается,insiste sur
45761,underscores,подчеркивается,met en évidence
45762,underscores,подчеркивается,soulignent
45763,underscores,подчеркивают,souligne
45764,underscores,подчеркивают,soulignent
45765,underscores,указывает,souligne
45766,underscores,подтверждает,souligne
45767,underscores,подтверждает,témoigne
45768,underscores,подтверждает,confirme
45769,underscores,подтверждает,démontre
45770,underscores,подчеркиваются,souligne
45771,underscores,подчеркиваются,met en évidence
45772,underscores,подчеркиваются,soulignent
45773,underscores,подчеркиваются,met en lumière
45774,underscores,подчеркиваются,soulignés
45775,underscores,особо отмечает,souligne
45776,underscores,обращает особое внимание,souligne
45777,underscores,особо выделяет,insiste sur
45778,underscores,наглядно показывает,no_equality
45779,partisanship,предвзятости,partialité
45780,partisanship,приверженности,no_equality
45781,partisanship,партийной поддержки,partisan
45782,tatted,в татуировках,tatoué
45783,contextually,контекстуально,no_equality
45784,contextually,учетом контекста,no_equality
45785,quadrants,квадрантах,no_equality
45786,quadrants,квадраты,no_equality
45787,quadrants,квадратах,no_equality
45788,quadrants,квадрантов,no_equality
45789,quadrants,квадранта,quadrant
45790,quadrants,квадранты,no_equality
45791,shorted,закоротил,no_equality
45792,shorted,замкнул,no_equality
45793,shorted,сократил,no_equality
45794,shorted,затоплены,no_equality
45795,shorted,закоротило,no_equality
45796,shorted,замкнула,no_equality
45797,shorted,закоротила,no_equality
45798,shorted,кинул,no_equality
45799,shorted,закоротили,no_equality
45800,shorted,додали,no_equality
45801,shorted,обсчитал,no_equality
45802,shorted,замкнули,court-circuité
45803,loquacious,разговорчивым,loquace
45804,allegiant,преданный,dévoué
45805,allegiant,верный,dévoué
45806,understand,понять,comprendre
45807,understand,понять,savoir
45808,understand,понять,connaître
45809,understand,понять,saisir
45810,understand,понять,appréhender
45811,understand,понять,cerner
45812,understand,понимать,comprendre
45813,understand,понимать,savoir
45814,understand,понимать,connaître
45815,understand,понимать,saisir
45816,understand,понимать,entendre
45817,understand,понимать,piger
45818,understand,понимать,concevoir
45819,understand,понимаю,vois
45820,understand,осознать,comprendre
45821,understand,осознать,saisir
45822,understand,понятно,comprendre
45823,understand,понятно,clair
45824,understand,осознавать,comprendre
45825,understand,осознавать,savoir
45826,understand,разобраться,comprendre
45827,understand,разбираться,comprendre
45828,understand,объяснить,expliquer
45829,understand,объяснить,clair
45830,understand,понимания,no_equality
45831,understand,пониманию,no_equality
45832,understand,ясно,clair
45833,understand,понимании,no_equality
45834,understand,известно,savoir
45835,understand,знаешь,savoir
45836,understand,знаешь,connaître
45837,understand,сознавать,comprendre
45838,understand,постигать,comprendre
45839,understand,уяснять,no_equality
45840,understand,сообразить,no_equality
45841,understand,подразумевать,no_equality
45842,understand,разбираться в,comprendre
45843,scourer,жесткая мочалка,no_equality
45844,illusions,иллюзий,no_equality
45845,illusions,иллюзиями,illusion
45846,illusions,пустые мечтания,no_equality
45847,illusions,иллюзиям,no_equality
45848,illusions,иллюзиях,no_equality
45849,illusions,иллюзию,illusion
45850,cucumbers,огурцы,concombre
45851,cucumbers,огурцы,cornichon
45852,cucumbers,огурцов,concombre
45853,cucumbers,огурцам,no_equality
45854,cucumbers,огурчики,concombre
45855,cucumbers,огурчики,cornichon
45856,cucumbers,огурцами,concombre
45857,restriction,ограничение,restriction
45858,restriction,ограничение,limitation
45859,restriction,ограничение,limite
45860,restriction,ограничение,contrainte
45861,restriction,ограничение,restreindre
45862,restriction,ограничения,restriction
45863,restriction,ограничения,limitation
45864,restriction,ограничения,limite
45865,restriction,ограничения,contrainte
45866,restriction,ограничения,restreindre
45867,restriction,запрет,restriction
45868,restriction,запрет,interdiction
45869,restriction,ограничивается,restreint
45870,restriction,отсутствие свободы действий,no_equality
45871,restriction,ограничительные,no_equality
45872,restriction,ограничивает,no_equality
45873,restriction,ограничивать,no_equality
45874,restriction,ограничены,restriction
45875,restriction,ограничены,restreint
45876,signaling,сигнализация,signalisation
45877,signaling,сигнал,signal
45878,signaling,сигнальный,no_equality
45879,signaling,сигнализирующий,no_equality
45880,cedars,седарс,cedars
45881,cedars,сидарс,cedars
45882,cedars,кедров,no_equality
45883,cedars,cedars,no_equality
45884,cedars,седарсе,no_equality
45885,cedars,седарса,no_equality
45886,cedars,сидарсе,no_equality
45887,cedars,«эдж оф зе сидерс»,no_equality
45888,cedars,сидарса,no_equality
45889,highlighters,маркеры,no_equality
45890,highlighters,маркеров,no_equality
45891,superlatives,титулы,no_equality
45892,strengthener,усилитель,no_equality
45893,strengthener,что от этого отношения укрепляются,no_equality
45894,genomes,геномов,no_equality
45895,genomes,геномы,génome
45896,genomes,геном,génome
45897,genomes,геном,gène
45898,genomes,генома,génome
45899,genomes,геномах,génome
45900,genomes,генов,gène
45901,genomes,геномами,no_equality
45902,genomes,геноме,génome
45903,flickers,мерцает,clignote
45904,flickers,моргает,clignote
45905,suspending,приостановка,suspension
45906,suspending,приостановка,suspend
45907,suspending,приостановить,suspension
45908,suspending,приостановить,suspendre
45909,suspending,приостановить,interrompre
45910,suspending,приостановления действия,suspension
45911,suspending,прервать,no_equality
45912,suspending,приостанавливает,suspend
45913,suspending,приостанавливает,suspendait
45914,suspending,приостановлении действия,suspension
45915,suspending,приостановлении действия,suspendre
45916,suspending,приостановлении действия,suspendant
45917,suspending,приостановление действия,suspension
45918,suspending,приостанавливают,no_equality
45919,suspending,приостанавливать действие,suspendre
45920,suspending,приостанавливая,no_equality
45921,suspending,приостановив действие,no_equality
45922,suspending,отстранить,suspendre
45923,suspending,приостановлению,suspension
45924,suspending,приостановлению,suspendre
45925,suspending,приостановлению,suspendu
45926,necromancy,чёрная магия,no_equality
45927,necromancy,некромантия,no_equality
45928,necromancy,некромантии,no_equality
45929,Arcas,аркас,no_equality
45930,legume,бобовый,no_equality
45931,legume,стручковый,no_equality
45932,legume,боб,no_equality
45933,legume,бобовых,no_equality
45934,legume,легима,no_equality
45935,stoked,разожгла,no_equality
45936,stoked,разжигала,no_equality
45937,stoked,загорелась,no_equality
45938,stoked,в восторге,excité
45939,stoked,восхищаются,no_equality
45940,stoked,растопил,no_equality
45941,stoked,удивлены,no_equality
45942,cinema,кино,cinéma
45943,cinema,кино,ciné
45944,cinema,кино,film
45945,cinema,кино,cinématographique
45946,cinema,кинотеатр,cinéma
45947,cinema,кинопоказ,no_equality
45948,cinema,киносеть,no_equality
45949,cinema,кинематографический,no_equality
45950,nefariously,гнусный,no_equality
45951,nefariously,отвратительных,no_equality
45952,nefariously,нечестивые,no_equality
45953,nefariously,мерзкое,no_equality
45954,nefariously,бесчестных,no_equality
45955,nefariously,пагубную,no_equality
45956,nefariously,подлых,no_equality
45957,nefariously,отвратительной,no_equality
45958,nefariously,пагубных,no_equality
45959,celebrator,праздничный,no_equality
45960,celebrator,торжественный,no_equality
45961,celebrator,отпраздновать,no_equality
45962,smeared,испачканный,no_equality
45963,smeared,намазал,no_equality
45964,smeared,размазал,no_equality
45965,smeared,размазана,no_equality
45966,smeared,размазалась,no_equality
45967,smeared,смазан,no_equality
45968,smeared,смазанный,no_equality
45969,smeared,запятнал,sali
45970,smeared,измазал,no_equality
45971,smeared,смазаны,no_equality
45972,smeared,размазаны,no_equality
45973,smeared,смазалась,no_equality
45974,smeared,измазаны,no_equality
45975,smeared,размазали,no_equality
45976,smeared,измазана,no_equality
45977,befriends,дружит с,no_equality
45978,consultative,консультативный,consultatif
45979,consultative,консультативный,consultation
45980,consultative,консультационный,consultatif
45981,consultative,консультационный,consultation
45982,consultative,совещательный,consultatif
45983,consultative,консультаций,no_equality
45984,consultative,консультациях,no_equality
45985,consultative,консультациям,no_equality
45986,pauper,нищий,no_equality
45987,pauper,нищая,no_equality
45988,pauper,бедный,no_equality
45989,pauper,нищете,pauvre
45990,pauper,нищете,indigent
45991,pauper,нищенку,no_equality
45992,Bunyans,баньян,no_equality
45993,Bunyans,баньяна,no_equality
45994,Bunyans,буньяна,no_equality
45995,Bunyans,буньян,no_equality
45996,half-and-halves,половина,moitié
45997,half-and-halves,половина,demie
45998,half-and-halves,половины,moitié
45999,half-and-halves,половины,demi
46000,half-and-halves,половины,mi-temps
46001,half-and-halves,наполовину,à moitié
46002,half-and-halves,вдвое,moitié
46003,half-and-halves,пол,demi
46004,half-and-halves,и,no_equality
46005,half-and-halves,а,no_equality
46006,half-and-halves,с,no_equality
46007,half-and-halves,или,no_equality
46008,half-and-halves,по,et
46009,half-and-halves,по,pour
46010,half-and-halves,половинки,moitié
46011,half-and-halves,половины,moitié
46012,half-and-halves,половины,demi
46013,half-and-halves,половины,mi-temps
46014,half-and-halves,половинок,moitié
46015,half-and-halves,половин,no_equality
46016,half-and-halves,тушки,no_equality
46017,cruises,экспедиций,croisière
46018,cruises,экспедиций,expédition
46019,cruises,круизы,croisière
46020,cruises,круизов,croisière
46021,cruises,выполнение рейсов,no_equality
46022,cruises,круиз,croisière
46023,cruises,круиз,bateau
46024,cruises,рейсы,no_equality
46025,pant,брюки,pantalon
46026,pant,брюки,culotte
46027,pant,вдох,no_equality
46028,pant,дышать,no_equality
46029,pant,штанов,pantalon
46030,pant,штанах,slip
46031,pant,брючном,no_equality
46032,pant,пант,no_equality
46033,pant,панта,no_equality
46034,pant,штаны,pantalon
46035,pant,штаны,culotte
46036,pant,штанин,no_equality
46037,pant,выгибаться,no_equality
46038,loiter,околачиваться,no_equality
46039,loiter,слоняться,traîner
46040,loiter,слоняться,flâner
46041,loiter,ошиваться,traîner
46042,loiter,торчать,traîner
46043,loiter,бродяжничают,no_equality
46044,Tanzanian,танзанийский,no_equality
46045,Tanzanian,танзанийское,no_equality
46046,Tanzanian,танзании,tanzanien
46047,Tanzanian,танзании,tanzanie
46048,Tanzanian,танзаниец,no_equality
46049,Tanzanian,танзанийском,no_equality
46050,Tanzanian,танзанийскую,no_equality
46051,Tanzanian,танзанией,no_equality
46052,preponderance,преобладание,prépondérance
46053,preponderance,преобладание,prédominance
46054,preponderance,преобладание,supériorité
46055,preponderance,перевес,prépondérance
46056,preponderance,перевес,supériorité
46057,preponderance,доминирующее положение,prépondérante
46058,preponderance,преимущество,no_equality
46059,preponderance,превосходство,supériorité
46060,preponderance,преобладают,majorité
46061,preponderance,преобладают,prédominance
46062,preponderance,превосходство америки,supériorité
46063,preponderance,более веские,no_equality
46064,preponderance,более веских,prépondérance
46065,preponderance,большинство,majorité
46066,preponderance,преимущественности,prépondérance
46067,preponderance,преобладающей ролью,no_equality
46068,hurtling,мчится,no_equality
46069,hurtling,несёмся,no_equality
46070,hurtling,мчитесь,no_equality
46071,hurtling,нестись,no_equality
46072,gymnasticss,гимнастика,gymnastique
46073,gymnasticss,гимнастика,gym
46074,gymnasticss,по гимнастике,no_equality
46075,gymnasticss,физкультуры,no_equality
46076,gymnasticss,гимнастических,no_equality
46077,gymnasticss,гимнастической,no_equality
46078,gymnasticss,гимнастическая,no_equality
46079,gymnasticss,гимнастов,no_equality
46080,gymnasticss,гимнастического,gymnastique
46081,tipped,наклоненный,no_equality
46082,tipped,с наконечником,no_equality
46083,disqualify,дисквалифицировать,disqualifier
46084,disqualify,лишить,no_equality
46085,disqualify,дискредитировать,no_equality
46086,disqualify,дисквалификации,no_equality
46087,disqualify,исключайте,no_equality
46088,disqualify,дать отвод,no_equality
46089,disqualify,отстранить,exclure
46090,disqualify,устраниться,no_equality
46091,concussions,сотрясений,commotion
46092,concussions,сотрясения мозга,commotions cérébrales
46093,concussions,сотрясение мозга,commotion
46094,concussions,среди других причин можно выделить сотрясения,no_equality
46095,limiteds,ограниченный,no_equality
46096,limiteds,незначительный,no_equality
46097,limiteds,только,no_equality
46098,limiteds,мало,no_equality
46099,limiteds,ограниченность,no_equality
46100,limiteds,ограничивается,no_equality
46101,limiteds,ограничены,no_equality
46102,limiteds,ограничена,no_equality
46103,limiteds,ограничено,no_equality
46104,limiteds,ограничиваются,no_equality
46105,limiteds,лимитед,no_equality
46106,limiteds,ограничивает,no_equality
46107,limiteds,ограничить,no_equality
46108,limiteds,ограничение,no_equality
46109,limiteds,нехватка,no_equality
46110,thieving,воровство,voleur
46111,thieving,воровство,voler
46112,thieving,воров,voleur
46113,thieving,ворюга,voleur
46114,thieving,воровка,voleur
46115,thieving,вороватый,voleur
46116,thieving,воровской,no_equality
46117,thieving,воровать,no_equality
46118,thieving,воры,voleur
46119,thieving,воруешь,no_equality
46120,thieving,вороватым,no_equality
46121,thieving,воровали,no_equality
46122,thieving,крадёт,no_equality
46123,thieving,ворует,voleur
46124,thieving,вороватая,no_equality
46125,asset,актив,actif
46126,asset,актив,atout
46127,asset,имущество,actif
46128,asset,имущество,avoir
46129,asset,имущество,bien
46130,asset,имущество,patrimoine
46131,asset,имущество,matériel
46132,asset,достояние,patrimoine
46133,asset,достояние,richesse
46134,asset,агент,atout
46135,asset,агент,agent
46136,asset,ресурс,ressource
46137,asset,ценность,atout
46138,asset,ценность,valeur
46139,asset,благо,bien
46140,asset,благо,avantage
46141,asset,фондов,capital
46142,asset,преимуществом,atout
46143,asset,преимуществом,avantage
46144,asset,подспорьем,atout
46145,asset,ценное качество,no_equality
46146,asset,капиталом,capital
46147,asset,достоинством,atout
46148,asset,сотрудником,agent
46149,stereotyping,стереотипов,stéréotype
46150,stereotyping,стереотипов,préjugé
46151,stereotyping,стереотипов,images stéréotypées
46152,stereotyping,стереотипов,idées reçues
46153,stereotyping,стереотипы,stéréotype
46154,stereotyping,стереотипы,préjugé
46155,stereotyping,стереотипы,idées reçues
46156,stereotyping,стереотипами,no_equality
46157,stereotyping,стереотипных представлений,stéréotype
46158,stereotyping,стереотип,stéréotype
46159,stereotyping,стереотипизации,no_equality
46160,stereotyping,стереотипные представления,stéréotype
46161,stereotyping,стереотипными представлениями,stéréotype
46162,stereotyping,стереотипизацией,stéréotype
46163,stereotyping,стереотипирования,no_equality
46164,stereotyping,стереотипного изображения,no_equality
46165,stereotyping,стереотипное отношение,no_equality
46166,stereotyping,стереотипизацию,no_equality
46167,astonishing,поразительный,stupéfiant
46168,astonishing,поразительный,remarquable
46169,astonishing,поразительный,impressionnant
46170,astonishing,удивительный,étonnant
46171,astonishing,удивительный,incroyable
46172,astonishing,удивительный,remarquable
46173,astonishing,удивительный,surprenant
46174,astonishing,удивительный,extraordinaire
46175,astonishing,удивительно,no_equality
46176,astonishing,изумительный,incroyable
46177,terror,террор,terreur
46178,terror,террор,terrorisme
46179,terror,терроризм,terreur
46180,terror,терроризм,terrorisme
46181,terror,терроризм,terroriste
46182,terror,ужас,terreur
46183,terror,ужас,peur
46184,terror,ужас,effroi
46185,terror,ужас,horreur
46186,terror,ужас,terrifiant
46187,terror,страх,terreur
46188,terror,страх,peur
46189,terror,страх,effroi
46190,terror,страх,frayeur
46191,terror,террористический,no_equality
46192,terror,террористических,no_equality
46193,terror,террористические,terroriste
46194,terror,террористической,no_equality
46195,terror,террористов,terreur
46196,terror,террористов,terrorisme
46197,terror,террористов,terroriste
46198,terror,устрашения,terreur
46199,terror,устрашения,terroriser
46200,terror,запугивания,no_equality
46201,terror,теракта,no_equality
46202,terror,жуть,no_equality
46203,blued,вороненый,no_equality
46204,UFOS,нло,no_equality
46205,order,порядок,no_equality
46206,order,приказ,ordre
46207,order,приказ,décret
46208,order,приказ,arrêté
46209,order,приказ,décision
46210,order,приказ,mandat
46211,order,заказ,ordre
46212,order,заказ,commande
46213,order,постановление,ordre
46214,order,постановление,décret
46215,order,постановление,arrêté
46216,order,постановление,décision
46217,order,постановление,mesure
46218,order,постановление,mandat
46219,order,постановление,injonction
46220,order,постановление,règlement
46221,order,распоряжение,ordre
46222,order,распоряжение,décret
46223,order,распоряжение,arrêté
46224,order,распоряжение,décision
46225,order,распоряжение,règlement
46226,order,постановления,décret
46227,order,постановления,arrêté
46228,order,постановления,décision
46229,order,постановления,mesure
46230,order,постановления,mandat
46231,order,постановления,injonction
46232,order,постановления,règlement
46233,order,указ,ordre
46234,order,указ,décret
46235,order,указ,arrêté
46236,order,орден,ordre
46237,order,заказать,commander
46238,order,заказывать,commander
46239,order,приказывать,commander
46240,order,приказывать,ordonner
46241,order,приказать,ordonner
46242,order,предписывать,ordonner
46243,order,порядка,no_equality
46244,order,ордер,ordre
46245,order,ордер,mandat
46246,order,решение,décision
46247,order,решение,mesure
46248,order,решение,règlement
46249,order,распоряжения,ordre
46250,order,распоряжения,décret
46251,order,распоряжения,arrêté
46252,order,распоряжения,décision
46253,order,распоряжения,règlement
46254,order,строй,ordre
46255,order,последовательность,no_equality
46256,order,поручение,no_equality
46257,order,командовать,commander
46258,order,ордерный,no_equality
46259,order,приказание,ordre
46260,order,наряд,ordre
46261,lassoed,заарканили,no_equality
46262,lassoed,заарканил,no_equality
46263,pungency,острота,no_equality
46264,workwears,работников,no_equality
46265,workwears,трудящихся,no_equality
46266,workwears,рабочих,no_equality
46267,workwears,работники,no_equality
46268,workwears,работникам,no_equality
46269,workwears,рабочие,no_equality
46270,workwears,трудящиеся,no_equality
46271,workwears,работающих,no_equality
46272,workwears,работниками,no_equality
46273,workwears,сотрудников,no_equality
46274,workwears,трудящимся,no_equality
46275,workwears,организаций,no_equality
46276,workwears,рабочим,no_equality
46277,workwears,персонала,no_equality
46278,workwears,трудовой,no_equality
46279,embolic,эмболический,no_equality
46280,urology,урология,urologie
46281,urology,урологию,no_equality
46282,urology,урологов,no_equality
46283,tapestries,гобелены,tapisserie
46284,tapestries,гобеленов,tapisserie
46285,tapestries,гобеленах,no_equality
46286,tapestries,гобеленами,no_equality
46287,collectivization,коллективизация,collectivisation
46288,collectivization,коллекционирование,no_equality
46289,localities,населенных пунктах,localité
46290,localities,населенных пунктах,agglomération
46291,localities,населенных пунктах,endroit
46292,localities,населенных пунктах,ville
46293,localities,населенных пунктах,commune
46294,localities,населенных пунктах,village
46295,localities,населенных пунктах,site
46296,localities,населенных пунктов,localité
46297,localities,населенных пунктов,agglomération
46298,localities,районах,localité
46299,localities,районах,endroit
46300,localities,районах,lieux
46301,localities,районах,région
46302,localities,районах,site
46303,localities,районах,zone
46304,localities,местах,endroit
46305,localities,местах,lieux
46306,localities,местах,site
46307,localities,местах,zone
46308,localities,населенные пункты,localité
46309,localities,населенные пункты,agglomération
46310,localities,населенные пункты,village
46311,localities,районов,localité
46312,localities,районов,endroit
46313,localities,районов,lieux
46314,localities,районов,région
46315,localities,районов,site
46316,localities,районов,zone
46317,localities,районы,localité
46318,localities,районы,endroit
46319,localities,районы,lieux
46320,localities,районы,région
46321,localities,районы,site
46322,localities,районы,zone
46323,localities,местностях,localité
46324,localities,местностях,endroit
46325,localities,местностях,zone
46326,localities,местности,lieux
46327,localities,поселениях,localité
46328,localities,поселениях,agglomération
46329,localities,поселениях,ville
46330,localities,поселениях,village
46331,localities,поселений,localité
46332,localities,поселений,agglomération
46333,localities,поселений,village
46334,localities,местностей,localité
46335,localities,участков,localité
46336,localities,участков,site
46337,localities,участков,zone
46338,localities,населенным пунктам,no_equality
46339,localities,населенными пунктами,agglomération
46340,surely,конечно,sûrement
46341,surely,конечно,certainement
46342,surely,конечно,certes
46343,surely,конечно,bien sûr
46344,surely,несомненно,sûrement
46345,surely,несомненно,certainement
46346,surely,несомненно,assurément
46347,surely,несомненно,certes
46348,surely,несомненно,sans doute
46349,surely,несомненно,sans aucun doute
46350,surely,несомненно,bien sûr
46351,surely,несомненно,sans nul doute
46352,surely,безусловно,sûrement
46353,surely,безусловно,certainement
46354,surely,безусловно,assurément
46355,surely,безусловно,certes
46356,surely,безусловно,sans doute
46357,surely,безусловно,sans aucun doute
46358,surely,безусловно,bien sûr
46359,surely,безусловно,sans nul doute
46360,surely,наверняка,sûrement
46361,surely,наверняка,certainement
46362,surely,наверняка,assurément
46363,surely,наверняка,sans doute
46364,surely,наверняка,probablement
46365,surely,наверняка,à coup sûr
46366,surely,наверняка,avec certitude
46367,surely,разумеется,sûrement
46368,surely,разумеется,certainement
46369,surely,разумеется,assurément
46370,surely,разумеется,certes
46371,surely,разумеется,sans doute
46372,surely,разумеется,sans aucun doute
46373,surely,разумеется,bien sûr
46374,surely,разумеется,sans nul doute
46375,surely,точно,sûrement
46376,surely,точно,certainement
46377,surely,верно,no_equality
46378,surely,ведь,car
46379,surely,определенно,sûrement
46380,surely,определенно,certainement
46381,surely,определенно,assurément
46382,surely,определенно,sans aucun doute
46383,surely,обязательно,certainement
46384,surely,непременно,sûrement
46385,surely,непременно,certainement
46386,surely,естественно,certainement
46387,surely,естественно,certes
46388,surely,естественно,bien sûr
46389,surely,разве,no_equality
46390,surely,неужели,no_equality
46391,surely,уверенно,sûrement
46392,surely,уверенно,avec certitude
46393,surely,уверен,sûrement
46394,penalty,наказание,peine
46395,penalty,наказание,pénalité
46396,penalty,наказание,sanction
46397,penalty,наказание,châtiment
46398,penalty,наказание,punition
46399,penalty,наказание,condamnation
46400,penalty,наказание,sentence
46401,penalty,наказание,puni
46402,penalty,наказание,condamné
46403,penalty,наказания,peine
46404,penalty,наказания,sanction
46405,penalty,наказания,châtiment
46406,penalty,наказания,punition
46407,penalty,наказания,condamnation
46408,penalty,наказания,sentence
46409,penalty,штраф,pénalité
46410,penalty,штраф,amende
46411,penalty,штрафной,pénalité
46412,penalty,санкции,pénalité
46413,penalty,санкции,sanction
46414,penalty,срок,peine
46415,penalty,пенальти,pénalité
46416,penalty,пенальти,penalty
46417,penalty,санкция,sanction
46418,penalty,взыскание,sanction
46419,penalty,неустойка,no_equality
46420,penalty,меры,no_equality
46421,penalty,карается,no_equality
46422,penalty,штрафы,pénalité
46423,penalty,штрафы,sanction
46424,penalty,штрафы,amende
46425,penalty,кара,châtiment
46426,penalty,предусматривается,no_equality
46427,voice,голос,voix
46428,voice,голос,porte-parole
46429,voice,голос,organe
46430,voice,мнение,voix
46431,voice,тон,voix
46432,voice,рупор,porte-parole
46433,voice,глас,voix
46434,voice,голосок,no_equality
46435,voice,голосовой,vocal
46436,voice,речевой,no_equality
46437,voice,выразить,no_equality
46438,voice,высказать,exprimer
46439,voice,заявить,no_equality
46440,voice,высказывать,exprimer
46441,voice,выражать,exprimer
46442,voice,позиции,no_equality
46443,voice,роли,no_equality
46444,voice,речь,parole
46445,voice,залог,no_equality
46446,voice,озвучивать,no_equality
46447,idolized,боготворил,no_equality
46448,idolized,боготворила,idolâtrait
46449,idolized,идеализировала,no_equality
46450,idolized,кумиром,no_equality
46451,idolized,идеализировал,no_equality
46452,idolized,боготворишь,no_equality
46453,piousness,набожность,no_equality
46454,skydive,прыжки с парашютом,saut en parachute
46455,adherent,приверженец,no_equality
46456,adherent,сторонник,partisan
46457,adherent,сторонник,adepte
46458,adherent,адепт,adepte
46459,adherent,ревнитель,no_equality
46460,adherent,иноверец,no_equality
46461,adherent,последователь Фалуньгун,adepte
46462,adherent,адэрентный,no_equality
46463,adherent,спаечный,no_equality
46464,adherent,исповедующий,no_equality
46465,iterations,итераций,no_equality
46466,iterations,циклов,no_equality
46467,iterations,редакций,no_equality
46468,conciliative,примирение,no_equality
46469,conciliative,согласительная процедура,no_equality
46470,conciliative,согласительный,no_equality
46471,conciliative,согласительной процедуре,no_equality
46472,conciliative,урегулирования,no_equality
46473,conciliative,согласительную процедуру,no_equality
46474,conciliative,согласительных процедур,no_equality
46475,conciliative,примирительной процедуры,no_equality
46476,conciliative,согласительной процедуры,no_equality
46477,conciliative,примирительных,no_equality
46478,conciliative,примирительные,no_equality
46479,conciliative,согла-сительной процедуры,no_equality
46480,conciliative,согласительному,no_equality
46481,conciliative,согласительным процедурам,no_equality
46482,pages,страниц,page
46483,pages,страницы,page
46484,pages,страницах,page
46485,pages,страницах,feuillet
46486,pages,стр,page
46487,pages,стр,p
46488,pages,стр,pp
46489,pages,страницами,page
46490,pages,страницам,page
46491,pages,страницу,no_equality
46492,pages,сайта,site
46493,pages,странице,page
46494,pages,листы,feuille
46495,pages,сайтов,site
46496,pages,страничек,no_equality
46497,pages,листов,page
46498,pages,листов,feuillet
46499,pages,листов,feuille
46500,pages,pages,no_equality
46501,pages,листах,page
46502,dirty,грязный,sale
46503,dirty,грязный,cochon
46504,dirty,грязный,ripou
46505,dirty,грязный,vilain
46506,dirty,грязный,corrompu
46507,dirty,грязный,crasseux
46508,dirty,грязный,dirty
46509,dirty,продажный,no_equality
46510,dirty,пошлый,no_equality
46511,dirty,грязно,sale
46512,dirty,грязь,saleté
46513,dirty,пачкать,salir
46514,dirty,замарать,salir
46515,dirty,испачкать,salir
46516,dirty,нечистый,impur
46517,dirty,немытый,no_equality
46518,dirty,неприлично,no_equality
46519,dirty,подло,no_equality
46520,dirty,непристойности,no_equality
46521,dirty,грязнуля,no_equality
46522,dirty,марать,salir
46523,dirty,замараться,no_equality
46524,compromising,подрывает,compromettre
46525,compromising,подрывает,compromet
46526,compromising,подрывает,compromettent
46527,compromising,подрыва,compromettre
46528,compromising,ущерб,no_equality
46529,compromising,компромисс,no_equality
46530,compromising,компрометирующие,no_equality
46531,compromising,подрывая,no_equality
46532,compromising,компрометирующей,no_equality
46533,compromising,ставит под угрозу,no_equality
46534,compromising,компрометирующих,no_equality
46535,compromising,нарушения,no_equality
46536,compromising,поставить под угрозу,no_equality
46537,compromising,компрометирующее,compromettant
46538,compromising,компрометации,no_equality
46539,compromising,скомпрометировать,no_equality
46540,compromising,компромат,no_equality
46541,lacking,отсутствие,manque
46542,lacking,отсутствие,défaut
46543,lacking,отсутствие,absence
46544,lacking,отсутствие,absent
46545,lacking,отсутствие,faute
46546,lacking,недостаток,manque
46547,lacking,недостаток,défaut
46548,lacking,недостаток,absence
46549,lacking,недостаток,faute
46550,lacking,отсутствует,manque
46551,lacking,отсутствуют,no_equality
46552,lacking,не хватает,manquant
46553,lacking,недостает,manque
46554,lacking,недостает,défaut
46555,lacking,недостаточно,absence
46556,lacking,недостаточно,insuffisant
46557,lacking,лишенных,no_equality
46558,lacking,ощущается нехватка,no_equality
46559,lacking,отсутствовали,no_equality
46560,lacking,лишены,manquent
46561,lacking,недоставало,no_equality
46562,lacking,отсутствовала,no_equality
46563,lacking,недостаточными,insuffisante
46564,lacking,недостаточными,insuffisant
46565,lacking,потерявших,no_equality
46566,element,элемент,élément
46567,element,элемент,aspect
46568,element,элемент,composante
46569,element,элемент,facteur
46570,element,элемент,volet
46571,element,элемент,composant
46572,element,фактор,élément
46573,element,фактор,aspect
46574,element,фактор,facteur
46575,element,компонент,élément
46576,element,компонент,aspect
46577,element,компонент,composante
46578,element,компонент,volet
46579,element,компонент,composant
46580,element,компонент,partie
46581,element,аспект,élément
46582,element,аспект,aspect
46583,element,аспект,composante
46584,element,аспект,volet
46585,element,аспект,point
46586,element,значение,no_equality
46587,element,компонента,élément
46588,element,компонента,aspect
46589,element,компонента,composante
46590,element,компонента,volet
46591,element,компонента,composant
46592,element,стихия,élément
46593,element,составляющая,élément
46594,element,составляющая,composante
46595,element,звено,élément
46596,element,составляющей,élément
46597,element,составляющей,volet
46598,element,условием,no_equality
46599,element,моментом,élément
46600,element,моментом,point
46601,element,составляющую,élément
46602,element,направлением,élément
46603,element,направлением,volet
46604,element,основы,no_equality
46605,element,составная часть,élément
46606,floors,полы,plancher
46607,floors,полы,parquet
46608,floors,полы,sol
46609,floors,этажей,étage
46610,floors,этажах,étage
46611,floors,этажа,étage
46612,floors,этажа,rez-de-chaussée
46613,floors,этажи,étage
46614,floors,пол,plancher
46615,floors,пол,parquet
46616,floors,пол,sol
46617,floors,пол,carrelage
46618,floors,этажами,étage
46619,floors,пола,plancher
46620,floors,пола,sol
46621,floors,этаж,étage
46622,floors,этаж,sol
46623,floors,полов,no_equality
46624,floors,полами,no_equality
46625,floors,полах,no_equality
46626,floors,этажам,no_equality
46627,floors,полом,plancher
46628,floors,полом,sol
46629,floors,минимальных уровнях,niveau
46630,perilousness,серьёзность,no_equality
46631,perilousness,тяжести,no_equality
46632,perilousness,тяжесть,no_equality
46633,perilousness,серьезности,no_equality
46634,perilousness,серьезный характер,no_equality
46635,perilousness,серьезного характера,no_equality
46636,perilousness,серьезный подход,no_equality
46637,perilousness,серьезное отношение,no_equality
46638,perilousness,серьезной,no_equality
46639,perilousness,серьезном характере,no_equality
46640,perilousness,серьезного отношения,no_equality
46641,perilousness,серьезные,no_equality
46642,perilousness,серьезного подхода,no_equality
46643,perilousness,тяжкого характера,no_equality
46644,perilousness,серьезным образом,no_equality
46645,resembling,напоминающее,no_equality
46646,resembling,напоминающие,no_equality
46647,resembling,напоминающих,no_equality
46648,resembling,напоминающего,no_equality
46649,resembling,напоминающая,no_equality
46650,resembling,напоминающую,no_equality
46651,resembling,похожее на,qui ressemble à
46652,resembling,напоминающими,no_equality
46653,resembling,похожего на,ressemblant à
46654,resembling,похожего на,qui ressemble à
46655,resembling,похожие,qui ressemblent
46656,resembling,похожие,similaire
46657,resembling,похожим на,no_equality
46658,resembling,схожих с,no_equality
46659,resembling,похожая,ressemblant
46660,resembling,похожая,similaire
46661,resembling,напоминала,no_equality
46662,resembling,сходство,ressemblance
46663,lovingly,с любовью,avec amour
46664,lovingly,с любовью,affectueusement
46665,lovingly,с любовью,tendrement
46666,lovingly,с любовью,avec tendresse
46667,lovingly,любовно,no_equality
46668,lovingly,нежно,affectueusement
46669,lovingly,нежно,tendrement
46670,lovingly,ласково,affectueusement
46671,lovingly,любя,no_equality
46672,lovingly,подобраны с такой любовью,no_equality
46673,bodybuilders,бодибилдеров,no_equality
46674,bodybuilders,культуристы,no_equality
46675,touristy,переполненный туристами,touriste
46676,touristy,туристический,touristique
46677,knocker,дверное кольцо,no_equality
46678,impressionistic,импрессионистический,no_equality
46679,indigenousness,принадлежности к коренным народам,no_equality
46680,Israel,израиль,israël
46681,Israel,израиль,israel
46682,Israel,израиль,israélien
46683,Israel,израиля,israël
46684,Israel,израиля,israélien
46685,Israel,израилем,israélien
46686,Israel,израиле,israël
46687,Israel,израиле,israélien
46688,Israel,израилю,israélien
46689,Israel,израильской,no_equality
46690,Israel,израильские,no_equality
46691,Israel,израильскими,no_equality
46692,Israel,израильтяне,no_equality
46693,Israel,израильтян,israël
46694,Israel,израильтян,israélien
46695,Israel,израильтян,israélite
46696,Israel,израильтянами,israélien
46697,Israel,израильских,israël
46698,Israel,израильских,israélien
46699,Israel,израильская,israélien
46700,Israel,израильского,no_equality
46701,Israel,израильское,no_equality
46702,tongue,язык,langue
46703,tongue,язык,bouche
46704,tongue,язык,langage
46705,tongue,язычок,langue
46706,tongue,язычок,languette
46707,tongue,устах,no_equality
46708,tongue,наречии,no_equality
46709,tongue,танг,no_equality
46710,tongue,рот,bouche
46711,intrudes,вторгается,envahit
46712,avant-gardes,авангардов,avant-garde
46713,workloads,рабочей нагрузки,charges de travail
46714,workloads,рабочей нагрузки,charge de travail
46715,workloads,рабочей нагрузки,volume de travail
46716,workloads,рабочая нагрузка,charge de travail
46717,workloads,объема работы,charge de travail
46718,workloads,объема работы,volume de travail
46719,workloads,рабочей нагрузкой,charges de travail
46720,workloads,рабочей нагрузкой,charge de travail
46721,workloads,рабочей нагрузкой,volume de travail
46722,workloads,объемов работ,no_equality
46723,workloads,рабочих нагрузок,no_equality
46724,workloads,рабочую нагрузку,charge de travail
46725,workloads,рабочую нагрузку,volume de travail
46726,clappers,быстро,no_equality
46727,students,студентов,étudiant
46728,students,студентов,élève
46729,students,студентов,stagiaire
46730,students,студентов,inscrit
46731,students,школьников,étudiant
46732,students,школьников,élève
46733,students,школьников,écolier
46734,students,школьников,lycéen
46735,students,учащихся,no_equality
46736,students,студенты,étudiant
46737,students,студенты,élève
46738,students,учащиеся,étudiant
46739,students,учащиеся,élève
46740,students,учащимся,étudiant
46741,students,студентам,élève
46742,students,учеников,étudiant
46743,students,учеников,élève
46744,students,учеников,enfant
46745,students,студентами,étudiant
46746,students,студентами,élève
46747,students,учащимися,étudiant
46748,students,учащимися,élève
46749,students,учащимися,apprenant
46750,students,ученики,étudiant
46751,students,ученики,élève
46752,students,ученики,écolier
46753,students,ученики,enfant
46754,students,слушателей,étudiant
46755,students,слушателей,élève
46756,students,слушателей,stagiaire
46757,students,ученикам,étudiant
46758,students,ученикам,élève
46759,students,обучающихся,étudiant
46760,students,обучающихся,élève
46761,students,обучающихся,stagiaire
46762,students,обучающихся,apprenant
46763,students,обучающихся,inscrit
46764,students,человек,no_equality
46765,students,студенчество,no_equality
46766,fail,неудача,no_equality
46767,fail,провалить,rater
46768,fail,не удаваться,no_equality
46769,fail,потерпеть неудачу,échouer
46770,fail,подвести,échouer
46771,fail,подвести,décevoir
46772,fail,подвести,laisser tomber
46773,fail,недоставать,manquer
46774,fail,выйти из строя,no_equality
46775,fail,провалиться,échouer
46776,fail,провалиться,faillir
46777,fail,не смочь,no_equality
46778,fail,рухнуть,faire faillite
46779,fail,не справиться,no_equality
46780,fail,не сработать,échouer
46781,fail,не увенчаться успехом,no_equality
46782,fail,не состояться,no_equality
46783,fail,оказаться неудачным,no_equality
46784,fail,окончиться неудачей,no_equality
46785,fail,потерпеть провал,no_equality
46786,fail,потерпеть фиаско,no_equality
46787,gravitass,серьезность,no_equality
46788,gravitass,авторитетом,no_equality
46789,Mesoamerican,мезоамериканского,no_equality
46790,Mesoamerican,мезоамериканской,no_equality
46791,Mesoamerican,центральноамериканском,no_equality
46792,Mesoamerican,трансамериканского,méso-américain
46793,Mesoamerican,мезоамериканских,no_equality
46794,Mesoamerican,мезоамерики,no_equality
46795,Mesoamerican,центральной америки,amérique centrale
46796,Mesoamerican,мезоамериканский,no_equality
46797,Mesoamerican,мезоамериканскому,no_equality
46798,needn't,не нужно,n'a pas besoin
46799,needn't,не нужно,n'as pas besoin
46800,needn't,не нужно,ne dois pas
46801,needn't,не надо,no_equality
46802,needn't,не стоит,ne faut pas
46803,needn't,не обязательно,ne doit pas
46804,needn't,нет нужды,inutile de
46805,needn't,нет повода,no_equality
46806,clued,просветил,no_equality
46807,sentries,караульные,no_equality
46808,renewing,возобновление,renouvellement
46809,renewing,возобновление,renouveau
46810,renewing,возобновление,reprise
46811,renewing,возобновление,reconduction
46812,renewing,продление,renouvellement
46813,renewing,продление,renouveler
46814,renewing,обновления,renouvellement
46815,renewing,обновления,rénovation
46816,renewing,обновления,renouveau
46817,renewing,обновления,renouveler
46818,renewing,обновления,rénover
46819,renewing,обновлении,renouvellement
46820,renewing,обновление,renouvellement
46821,renewing,обновление,rénovation
46822,renewing,обновление,renouveau
46823,renewing,обновление,renouveler
46824,renewing,обновление,rénover
46825,renewing,подтверждения,renouveler
46826,renewing,продлевать,no_equality
46827,renewing,вновь подтверждая,no_equality
46828,renewing,обновлением,renouvellement
46829,renewing,обновлением,rénovation
46830,renewing,обновлению,renouvellement
46831,renewing,обновлению,rénovation
46832,renewing,обновлению,renouveau
46833,renewing,обновлению,renouveler
46834,renewing,обновлению,rénover
46835,torment,мучение,tourment
46836,torment,мучение,supplice
46837,torment,мучения,tourment
46838,torment,мучения,supplice
46839,torment,мучения,souffrance
46840,torment,мучения,souffrir
46841,torment,муки,tourment
46842,torment,муки,supplice
46843,torment,муки,souffrance
46844,torment,мучить,tourmenter
46845,torment,мучить,torturer
46846,torment,пытка,supplice
46847,torment,страдания,tourment
46848,torment,страдания,souffrance
46849,torment,страдания,douleur
46850,torment,мука,tourment
46851,torment,мука,supplice
46852,torment,помучить,tourmenter
46853,torment,помучить,torturer
46854,torment,замучить,no_equality
46855,torment,терзать,tourmenter
46856,torment,терзать,torturer
46857,torment,мучиться,tourmenter
46858,torment,истязания,supplice
46859,torment,мучай,no_equality
46860,winnowing,провеивание,vannage
46861,winnowing,провеивать,no_equality
46862,wolverines,росомахи,no_equality
46863,biomedical,биомедицинский,biomédical
46864,biomedical,медико-биологических,no_equality
46865,biomedical,медико-биологические,no_equality
46866,biomedical,биомедицинским,no_equality
46867,biomedical,биомедицинская,no_equality
46868,biomedical,биомедицинское,no_equality
46869,biomedical,области биомедицины,biomédical
46870,biomedical,области биомедицины,biomédecine
46871,biomedical,биомедикал,no_equality
46872,biomedical,биомедицинскими,no_equality
46873,handguns,пистолетов,pistolet
46874,handguns,пистолетов,flingue
46875,handguns,пистолеты,pistolet
46876,handguns,пистолета,pistolet
46877,handguns,пистолета,revolver
46878,handguns,пистолета,flingue
46879,handguns,пистолетами,pistolet
46880,handguns,пистолетами,flingue
46881,handguns,ручного огнестрельного оружия,no_equality
46882,handguns,ручное огнестрельное оружие,no_equality
46883,handguns,стрелкового оружия,no_equality
46884,leaked,слил,a divulgué
46885,leaked,слил,a révélé
46886,leaked,слил,a balancé
46887,leaked,слили,a fuité
46888,leaked,слила,no_equality
46889,leaked,произошла утечка,a fuité
46890,leaked,просочились,no_equality
46891,leaked,утечки,fuite
46892,leaked,просочилось,no_equality
46893,leaked,просочилась,a coulé
46894,leaked,просочился,a fuité
46895,leaked,слитые,no_equality
46896,leaked,протек,no_equality
46897,leaked,слить,no_equality
46898,leaked,сливать,no_equality
46899,leaked,допустил утечку,fuite
46900,leaked,просочиться,no_equality
46901,sung,сон,no_equality
46902,sung,пел,no_equality
46903,sung,пела,no_equality
46904,sung,сан,no_equality
46905,sung,пели,no_equality
46906,sung,петь,no_equality
46907,sung,сун,no_equality
46908,sung,поют,no_equality
46909,sung,сунг,sung
46910,sung,спето,no_equality
46911,sung,сона,no_equality
46912,sung,спела,no_equality
46913,sung,санга,no_equality
46914,sung,спеть,no_equality
46915,sung,сончхоля,no_equality
46916,sequins,блестки,paillette
46917,sequins,блёстками,paillette
46918,sequins,блесток,no_equality
46919,sequins,блёстках,no_equality
46920,sequins,пайеток,no_equality
46921,camphorated,древесина бафии,no_equality
46922,winding,извилистый,tortueux
46923,winding,винтовой,no_equality
46924,winding,обмоточный,no_equality
46925,winding,навивной,no_equality
46926,winding,мотальный,no_equality
46927,winding,намотка,no_equality
46928,winding,обмотка,no_equality
46929,winding,изгиб,no_equality
46930,winding,сматывание,no_equality
46931,winding,петляющий,no_equality
46932,winding,наматывающий,no_equality
46933,winding,витой,no_equality
46934,molten,расплавленный,fondu
46935,molten,литой,no_equality
46936,molten,жидкий,liquide
46937,stridence,резкость,no_equality
46938,misinforming,дезинформирует,no_equality
46939,misinforming,дезинформация,désinformation
46940,copiousness,изобилие,abondance
46941,enforcers,исполнителями,exécutant
46942,enforcers,вышибал,no_equality
46943,enforcers,и палачи,no_equality
46944,enforcers,правоприменительные органы,no_equality
46945,enforcers,сотрудники правоприменительных органов,no_equality
46946,enforcers,исполнителей,exécutant
46947,enforcers,органы по обеспечению применения стандартов,no_equality
46948,enforcers,правоприменительными органами,no_equality
46949,enforcers,правоохранительные учреждения,no_equality
46950,enforcers,нормоприменительными органами,no_equality
46951,enforcers,феррата,no_equality
46952,dissuasions,разубеждение,no_equality
46953,dissuasions,отговаривание,no_equality
46954,dissuasions,сдерживания,no_equality
46955,dissuasions,сдерживание,no_equality
46956,dissuasions,убеждение,no_equality
46957,successor,преемник,successeur
46958,successor,правопреемник,successeur
46959,successor,приемник,no_equality
46960,stutter,заикаться,bégayer
46961,stutter,заикание,bégaiement
46962,stutter,заика,no_equality
46963,stutter,заикайся,no_equality
46964,stutter,заикалась,no_equality
46965,stutter,заикой,no_equality
46966,stutter,запнулся,no_equality
46967,stutter,заикающейся,no_equality
46968,stutter,заикании,no_equality
46969,fell,упал,no_equality
46970,fell,упала,no_equality
46971,fell,снизился,no_equality
46972,fell,сократился,no_equality
46973,fell,упали,no_equality
46974,fell,сократилось,no_equality
46975,fell,сократилась,no_equality
46976,fell,снизилась,no_equality
46977,fell,упало,no_equality
46978,fell,пал,no_equality
46979,fell,сократились,no_equality
46980,fell,снизились,no_equality
46981,fell,снизилось,no_equality
46982,fell,уменьшилась,no_equality
46983,fell,пали,sont tombés
46984,lacerated,раздираемый,no_equality
46985,lacerated,разорванный,no_equality
46986,lacerated,рваный,no_equality
46987,inky,инки,no_equality
46988,inky,чернильный,no_equality
46989,sets,наборов,no_equality
46990,sets,наборы,no_equality
46991,sets,набора,jeu
46992,sets,комплектов,no_equality
46993,sets,группы,groupe
46994,sets,создает,donne
46995,sets,создает,pose
46996,sets,наборами,ensemble
46997,sets,наборами,série
46998,sets,комплекта,jeu
46999,sets,задает,définit
47000,sets,задает,pose
47001,sets,комплексов,série
47002,sets,групп,groupe
47003,sets,комплекты,ensemble
47004,sets,комплекты,jeu
47005,sets,сводов,ensemble
47006,sets,сводов,série
47007,sets,наборах,ensemble
47008,sets,наборах,série
47009,sets,ставит,met
47010,sets,ставит,pose
47011,sets,ставит,place
47012,villas,виллы,villa
47013,villas,вилл,villa
47014,villas,villas,no_equality
47015,villas,виллах,no_equality
47016,villas,виллами,no_equality
47017,villas,особняков,villa
47018,villas,коттеджи,no_equality
47019,villas,вил,no_equality
47020,villas,вилас,no_equality
47021,dresser,комод,commode
47022,dresser,комод,armoire
47023,dresser,комод,tiroir
47024,dresser,декоратор,no_equality
47025,dresser,обогатитель,no_equality
47026,dresser,посудный шкаф,armoire
47027,legislatively,законодательно,no_equality
47028,legislatively,законодательного,no_equality
47029,legislatively,законодательной точки зрения,no_equality
47030,legislatively,законодательном порядке,no_equality
47031,legislatively,законодательном уровне,no_equality
47032,motivation,мотивация,motivation
47033,motivation,мотивация,motivé
47034,motivation,мотив,motivation
47035,motivation,мотив,motif
47036,motivation,мотив,raison
47037,motivation,мотив,mobile
47038,motivation,стимул,motivation
47039,motivation,заинтересованность,motivation
47040,motivation,стимулирование,no_equality
47041,motivation,мотивировка,motivation
47042,motivation,побуждение,no_equality
47043,motivation,стремление,no_equality
47044,motivation,желание,no_equality
47045,motivation,мотивированность,no_equality
47046,motivation,мотивирование,no_equality
47047,motivation,мотивированности,no_equality
47048,expiate,искупить,expier
47049,expiate,искупать,expier
47050,explanations,разъяснения,explication
47051,explanations,разъяснения,précision
47052,explanations,разъяснения,éclaircissement
47053,explanations,разъяснения,expliquer
47054,explanations,объяснения,explication
47055,explanations,объяснения,expliquer
47056,explanations,пояснения,explication
47057,explanations,пояснения,précision
47058,explanations,пояснения,éclaircissement
47059,explanations,объяснений,explication
47060,explanations,объяснений,expliquer
47061,explanations,разъяснений,explication
47062,explanations,разъяснений,précision
47063,explanations,разъяснений,éclaircissement
47064,explanations,пояснений,explication
47065,explanations,объяснение,explication
47066,explanations,объяснение,expliquer
47067,explanations,разъяснениями,explication
47068,explanations,разъяснениями,précision
47069,explanations,разъяснениями,éclaircissement
47070,explanations,пояснениями,explication
47071,explanations,объяснениями,no_equality
47072,explanations,объяснениях,explication
47073,explanations,разъяснение,explication
47074,explanations,разъяснение,précision
47075,explanations,разъяснение,éclaircissement
47076,explanations,разъяснение,expliquer
47077,explanations,пояснениях,no_equality
47078,explanations,разъяснениях,no_equality
47079,explanations,причины,explication
47080,explanations,причины,raison
47081,explanations,причины,expliquer
47082,herculean,титанические,no_equality
47083,herculean,геркулесовы,no_equality
47084,herculean,геркулесов,no_equality
47085,herculean,сложнейшая,no_equality
47086,herculean,титанических,no_equality
47087,herculean,геркулесовой,no_equality
47088,Barths,барт,no_equality
47089,retrospection,ретроспекция,no_equality
47090,retrospection,размышления о прошлом,no_equality
47091,seniors,сеньора,no_equality
47092,engorgement,прожорливость,no_equality
47093,illustrations,иллюстрации,illustration
47094,illustrations,иллюстрации,exemple
47095,illustrations,иллюстрации,illustrer
47096,illustrations,примеры,illustration
47097,illustrations,примеры,exemple
47098,illustrations,примеры,illustrer
47099,illustrations,примеры,illustrent
47100,illustrations,примеров,exemple
47101,illustrations,примеров,illustrer
47102,illustrations,примеров,illustrent
47103,illustrations,иллюстрациях,illustration
47104,illustrations,иллюстрациями,illustration
47105,illustrations,примерами,exemple
47106,illustrations,примерами,illustrent
47107,illustrations,рисунков,image
47108,illustrations,рисунков,dessin
47109,illustrations,рисунков,figure
47110,illustrations,иллюстрациям,no_equality
47111,illustrations,рисунки,dessin
47112,illustrations,иллюстрацией,illustration
47113,illustrations,иллюстрацией,illustrer
47114,illustrations,иллюстрирующие,illustrer
47115,illustrations,иллюстрирующие,illustrent
47116,illustrations,иллюстрирующие,illustrant
47117,catechize,допрашивать,no_equality
47118,immolate,совершать жертвоприношение,no_equality
47119,immolate,сжигать,no_equality
47120,immolate,приносить в жертву,no_equality
47121,immolate,жертвовать,no_equality
47122,featured,выступили,présenté
47123,featured,приняли участие,no_equality
47124,featured,состоялось,no_equality
47125,featured,были представлены,no_equality
47126,featured,фигурирует,no_equality
47127,featured,рассказывалось,no_equality
47128,featured,состоялись,no_equality
47129,featured,включала,no_equality
47130,featured,было проведено,no_equality
47131,featured,участвовали,no_equality
47132,featured,предусматривала,no_equality
47133,featured,фигурировал,no_equality
47134,featured,включен,no_equality
47135,featured,фигурировала,no_equality
47136,featured,помещена,no_equality
47137,featured,функциональность,no_equality
47138,physically,физически,physiquement
47139,physically,физически,matériellement
47140,physically,физически,physique
47141,physically,физическими,physiquement
47142,physically,физическими,physique
47143,physically,физическому,no_equality
47144,physically,физического,no_equality
47145,physically,физической,no_equality
47146,physically,физическое,no_equality
47147,physically,физическим,no_equality
47148,physically,физическом,no_equality
47149,physically,физические,no_equality
47150,physically,физическую,no_equality
47151,physically,физических,no_equality
47152,physically,физическая,physique
47153,physically,физическая,matérielle
47154,physically,физический,no_equality
47155,physically,в физическом плане,physiquement
47156,physically,реально,concrètement
47157,physically,реально,effectivement
47158,revoked,аннулированный,no_equality
47159,justificative,обоснование,no_equality
47160,justificative,оправдание,no_equality
47161,justificative,основание,no_equality
47162,justificative,основания,no_equality
47163,justificative,обоснованность,no_equality
47164,justificative,причин,no_equality
47165,justificative,оправданность,no_equality
47166,justificative,причины,no_equality
47167,justificative,подтверждение,no_equality
47168,justificative,обоснованы,no_equality
47169,justificative,оправдано,no_equality
47170,justificative,обоснованным,no_equality
47171,justificative,предлога,no_equality
47172,justificative,объяснений,no_equality
47173,justificative,оправданным,no_equality
47174,liquefied,сжиженный,liquéfié
47175,liquefied,сжиженными,no_equality
47176,liquefied,жидкого состояния,liquide
47177,liquefied,расплавленного,no_equality
47178,liquefied,сжижены,no_equality
47179,liquefied,растворились,no_equality
47180,replied,ответил,a répondu
47181,replied,ответил,répondit
47182,replied,ответил,répond
47183,replied,ответил,répondait
47184,replied,ответило,a répondu
47185,replied,ответило,ont répondu
47186,replied,ответила,a répondu
47187,replied,ответила,répondit
47188,replied,ответила,répond
47189,replied,ответили,a répondu
47190,replied,ответили,ont répondu
47191,replied,ответили,répondent
47192,replied,ответили,répondirent
47193,replied,отвечает,répond
47194,replied,отвечает,répondait
47195,replied,отвечает,répondent
47196,replied,сообщило,a répondu
47197,replied,сообщило,a indiqué
47198,replied,сообщило,a déclaré
47199,replied,сообщило,a fait savoir
47200,replied,заявил,a indiqué
47201,replied,заявил,a déclaré
47202,replied,представило ответ,no_equality
47203,replied,сообщили,no_equality
47204,replied,сообщил,a indiqué
47205,replied,сообщил,a déclaré
47206,replied,сообщил,a fait savoir
47207,replied,сообщила,a indiqué
47208,replied,сообщила,a déclaré
47209,replied,сообщила,a fait savoir
47210,replied,указало,a indiqué
47211,replied,указало,a déclaré
47212,replied,указало,a fait savoir
47213,replied,заявила,a indiqué
47214,replied,заявила,a déclaré
47215,replied,заявила,a fait savoir
47216,replied,отметила,a indiqué
47217,replied,отметила,a déclaré
47218,replied,отвечали,ont répondu
47219,replied,отвечали,répondent
47220,replied,отвечали,répondaient
47221,ungodly,безбожный,impie
47222,ungodly,безбожную,no_equality
47223,ungodly,нечестивцев,no_equality
47224,Origens,происхождения,no_equality
47225,Origens,происхождение,no_equality
47226,Origens,происхождении,no_equality
47227,Origens,истоки,no_equality
47228,Origens,корни,no_equality
47229,Origens,причины,no_equality
47230,Origens,происхождением,no_equality
47231,Origens,причин,no_equality
47232,Origens,истоков,no_equality
47233,Origens,источников,no_equality
47234,Origens,происхождению,no_equality
47235,Origens,истоках,no_equality
47236,Origens,истокам,no_equality
47237,Origens,корнями,no_equality
47238,Origens,причинами,no_equality
47239,plastically,пластично,no_equality
47240,plastically,гибко,no_equality
47241,res,рез,no_equality
47242,res,резервации,réserve
47243,res,виэ,sources d'énergie renouvelables
47244,res,виэ,énergies renouvelables
47245,res,вэр,no_equality
47246,res,резолюция,résolution
47247,res,резервацию,no_equality
47248,res,резервация,réserve
47249,res,res,no_equality
47250,has,имеет,présente
47251,has,имеет,possède
47252,has,имеет,doit
47253,has,имеет,comporte
47254,has,имеет,dispose
47255,has,имеет,avoir
47256,has,у,no_equality
47257,has,есть,avoir
47258,has,были,sont
47259,has,были,avait
47260,has,должен,doit
47261,has,стало,no_equality
47262,has,оказывает,no_equality
47263,has,обладает,présente
47264,has,обладает,possède
47265,has,обладает,dispose
47266,has,располагает,possède
47267,has,располагает,dispose
47268,has,должна,doit
47269,has,не,no_equality
47270,has,был,est
47271,has,был,ont
47272,has,был,avait
47273,has,было,est
47274,has,было,avait
47275,has,было,se
47276,has,была,est
47277,has,была,ont
47278,has,была,avait
47279,has,уже,no_equality
47280,immolating,пожертвование,no_equality
47281,spooned,ухаживать,no_equality
47282,spooned,заставила нас обниматься,no_equality
47283,detection,обнаружение,détection
47284,detection,обнаружение,découverte
47285,detection,обнаружение,détecter
47286,detection,открытие,découverte
47287,detection,регистрация,no_equality
47288,detection,определение,identification
47289,detection,определение,détermination
47290,detection,детекция,no_equality
47291,detection,раскрытие,no_equality
47292,detection,выделение,no_equality
47293,detection,раскрываемость,no_equality
47294,detection,дефектоскопия,no_equality
47295,detection,розыск,recherche
47296,detection,детекторный,no_equality
47297,Peshawars,пешавар,peshawar
47298,Peshawars,пешаваре,peshawar
47299,Peshawars,пешавара,peshawar
47300,moulters,монстров,monstre
47301,moulters,монстры,monstre
47302,moulters,монстрами,monstre
47303,moulters,чудовища,monstre
47304,moulters,чудовищ,monstre
47305,moulters,чудовищ,monstruosité
47306,moulters,чудовищами,no_equality
47307,moulters,монстрам,monstre
47308,moulters,монстрах,monstre
47309,moulters,монстра,monstre
47310,moulters,монстра,monstruosité
47311,moulters,чудищ,monstre
47312,moulters,монстр,monstre
47313,moulters,чудища,monstre
47314,moulters,чудовищам,monstre
47315,moulters,чудовищах,monstre
47316,moulters,уроды,monstre
47317,psyche,психика,psyché
47318,psyche,психика,psychisme
47319,psyche,психика,psychique
47320,psyche,душа,esprit
47321,psyche,душа,âme
47322,psyche,сознание,esprit
47323,psyche,дух,esprit
47324,psyche,дух,âme
47325,psyche,психея,psyché
47326,psyche,души,esprit
47327,psyche,души,âme
47328,psyche,психологию,psychologie
47329,psyche,психологии,psychologie
47330,psyche,психеи,psyché
47331,psyche,психею,psyché
47332,stand by,стоять рядом,no_equality
47333,stand by,поддерживать,soutenir
47334,stand by,поддерживать,maintenir
47335,stand by,держаться в стороне,no_equality
47336,stand by,быть наготове,se tenir prêt
47337,stand by,готовность,no_equality
47338,marinating,маринование,no_equality
47339,marinating,маринуется,no_equality
47340,methodical,методичный,méthodique
47341,methodical,методический,méthodique
47342,methodical,методический,méthodologique
47343,methodical,методично,no_equality
47344,published,опубликован,publié
47345,published,опубликован,paru
47346,published,опубликован,diffusé
47347,published,опубликован,rendu public
47348,published,опубликован,affiché
47349,published,опубликован,publication
47350,published,опубликован,publier
47351,published,опубликован,paraître
47352,published,изданный,no_equality
47353,published,вышедший,no_equality
47354,published,напечатанный,no_equality
47355,published,размещенный,no_equality
47356,published,опубликовываемый,no_equality
47357,published,печатный,no_equality
47358,Cameroons,камеруна,cameroun
47359,stingily,скупой,no_equality
47360,stingily,жадный,no_equality
47361,stingily,прижимистый,no_equality
47362,stingily,жадина,no_equality
47363,stingily,скупердяй,no_equality
47364,stingily,скупитесь,no_equality
47365,stingily,скупиться,no_equality
47366,stingily,скупится,no_equality
47367,stingily,жалей,no_equality
47368,souring,квасить,no_equality
47369,children,детей,enfant
47370,children,детей,enfance
47371,children,детей,mineur
47372,children,детей,élève
47373,children,детей,petit
47374,children,детей,children
47375,children,детей,ceux
47376,children,детей,fille
47377,children,детей,infantile
47378,children,детей,famille
47379,children,дети,enfant
47380,children,дети,mineur
47381,children,дети,fil
47382,children,дети,jeune
47383,children,дети,élève
47384,children,дети,ceux
47385,children,дети,famille
47386,children,детям,enfant
47387,children,детям,enfance
47388,children,детям,mineur
47389,children,детям,jeune
47390,children,детям,élève
47391,children,детям,fille
47392,children,детям,infantile
47393,children,детям,famille
47394,children,детьми,enfant
47395,children,детьми,enfance
47396,children,детьми,mineur
47397,children,детьми,jeune
47398,children,детьми,petit
47399,children,детьми,famille
47400,children,ребенка,enfant
47401,children,ребенка,enfance
47402,children,ребенка,mineur
47403,children,ребенка,fil
47404,children,ребенка,fille
47405,children,детях,enfant
47406,children,детях,enfance
47407,children,детях,children
47408,children,ребенок,enfant
47409,children,ребенок,mineur
47410,children,ребенок,fil
47411,children,ребенок,petit
47412,children,детства,enfant
47413,children,детства,enfance
47414,children,несовершеннолетних,no_equality
47415,children,возраста,enfant
47416,children,возраста,enfance
47417,children,учащихся,no_equality
47418,children,ребенком,enfant
47419,children,ребенком,fil
47420,children,ребенком,jeune
47421,children,ребенком,petit
47422,children,ребенком,fille
47423,children,ребенку,enfant
47424,children,ребенку,fil
47425,children,возрасте,no_equality
47426,children,детишек,no_equality
47427,children,ребята,no_equality
47428,children,ребятишки,no_equality
47429,children,ребятки,no_equality
47430,children,детвора,no_equality
47431,finishing,отделка,no_equality
47432,finishing,обработка,no_equality
47433,finishing,окончание,fin
47434,finishing,доведение,no_equality
47435,finishing,окончательная обработка,finale
47436,finishing,окончательная отделка,finale
47437,finishing,завершающий,no_equality
47438,finishing,финишировавший,no_equality
47439,finishing,отделочный,no_equality
47440,finishing,доводочный,no_equality
47441,finishing,разделочный,no_equality
47442,autobiographical,автобиографический,autobiographique
47443,autobiographical,автобиографично,no_equality
47444,autobiographical,автобиографическая,no_equality
47445,autobiographical,автобиография,no_equality
47446,autobiographical,автобиографические,no_equality
47447,autobiographical,автобиографическую,no_equality
47448,sharpens,обостряет,aiguise
47449,sharpens,повышает целенаправленность,no_equality
47450,vanquishes,побеждает,vainc
47451,fabulous,сказочный,fabuleux
47452,fabulous,потрясающий,magnifique
47453,fabulous,потрясающий,merveilleux
47454,fabulous,потрясающий,superbe
47455,fabulous,потрясающий,formidable
47456,fabulous,потрясающий,super
47457,fabulous,потрясающий,extraordinaire
47458,fabulous,невероятный,incroyable
47459,fabulous,потрясающе,fabuleux
47460,fabulous,потрясающе,magnifique
47461,fabulous,потрясающе,merveilleux
47462,fabulous,потрясающе,superbe
47463,fabulous,потрясающе,fantastique
47464,fabulous,потрясающе,génial
47465,fabulous,потрясающе,formidable
47466,fabulous,потрясающе,super
47467,fabulous,потрясающе,extraordinaire
47468,fabulous,потрясающе,incroyable
47469,fabulous,великолепный,magnifique
47470,fabulous,великолепный,merveilleux
47471,fabulous,великолепный,superbe
47472,fabulous,великолепный,génial
47473,fabulous,великолепный,super
47474,fabulous,великолепный,splendide
47475,fabulous,великолепно,magnifique
47476,fabulous,великолепно,merveilleux
47477,fabulous,великолепно,fantastique
47478,fabulous,великолепно,génial
47479,fabulous,великолепно,formidable
47480,fabulous,великолепно,super
47481,fabulous,великолепно,splendide
47482,fabulous,великолепно,incroyable
47483,fabulous,чудесный,magnifique
47484,fabulous,чудесный,merveilleux
47485,fabulous,чудесный,superbe
47486,fabulous,чудесный,fantastique
47487,fabulous,чудесный,formidable
47488,fabulous,чудесный,super
47489,fabulous,изумительный,fabuleux
47490,fabulous,изумительный,magnifique
47491,fabulous,изумительный,merveilleux
47492,fabulous,изумительный,superbe
47493,fabulous,изумительный,sublime
47494,fabulous,изумительный,incroyable
47495,fabulous,замечательный,magnifique
47496,fabulous,замечательный,merveilleux
47497,fabulous,замечательный,superbe
47498,fabulous,замечательный,formidable
47499,fabulous,замечательный,super
47500,fabulous,замечательный,incroyable
47501,fabulous,невероятно,fabuleux
47502,fabulous,невероятно,fantastique
47503,fabulous,невероятно,génial
47504,fabulous,невероятно,super
47505,fabulous,невероятно,extraordinaire
47506,fabulous,невероятно,incroyable
47507,fabulous,чудесно,fabuleux
47508,fabulous,чудесно,magnifique
47509,fabulous,чудесно,merveilleux
47510,fabulous,чудесно,superbe
47511,fabulous,чудесно,fantastique
47512,fabulous,чудесно,génial
47513,fabulous,чудесно,formidable
47514,fabulous,чудесно,super
47515,fabulous,чудесно,incroyable
47516,fabulous,шикарной,fabuleux
47517,fabulous,поразительно,merveilleux
47518,fabulous,поразительно,extraordinaire
47519,sighed,вздохнула,soupira
47520,sighed,вздыхала,soupirait
47521,sighed,вздыхали,no_equality
47522,sighed,вздохнул,soupira
47523,reintroducing,повторного включения,no_equality
47524,reintroducing,повторное введение,no_equality
47525,reintroducing,повторного представления,no_equality
47526,expiration,истечении срока действия,expiration
47527,expiration,истечении срока действия,fin
47528,expiration,истечения срока действия,expiration
47529,expiration,истечение,no_equality
47530,expiration,окончания,expiration
47531,expiration,окончания,terme
47532,expiration,истечением срока действия,expiration
47533,expiration,окончании,no_equality
47534,expiration,истекает,no_equality
47535,expiration,истек срок,expiration
47536,expiration,истекал,no_equality
47537,expiration,завершения,fin
47538,floorboards,половицами,plancher
47539,floorboards,половицы,plancher
47540,floorboards,полом,plancher
47541,floorboards,паркетом,no_equality
47542,floorboards,половиц,no_equality
47543,floorboards,половицей,no_equality
47544,floorboards,паркет,parquet
47545,floorboards,пол,plancher
47546,floorboards,пол,parquet
47547,floorboards,полы,plancher
47548,floorboards,полы,parquet
47549,floorboards,подполе,no_equality
47550,floorboards,полу,no_equality
47551,floorboards,настил пола,plancher
47552,floorboards,перекрытия,no_equality
47553,floorboards,половицах,no_equality
47554,floorboards,половые доски,no_equality
47555,nonprofits,некоммерческие организации,organisations à but non lucratif
47556,nonprofits,некоммерческие организации,organismes à but non lucratif
47557,nonprofits,некоммерческими организациями,organisations à but non lucratif
47558,nonprofits,некоммерческими организациями,organismes à but non lucratif
47559,nonprofits,некоммерческих организаций,organismes sans but lucratif
47560,nonprofits,некоммерческих организаций,organisations à but non lucratif
47561,nonprofits,некоммерческих организаций,organismes à but non lucratif
47562,asymptotic,асимптотический,no_equality
47563,asymptotic,асимптотически,no_equality
47564,granitic,гранитный,no_equality
47565,conjuries,навевает,no_equality
47566,perjured,дали ложные,no_equality
47567,perjured,лжесвидетельствовал,no_equality
47568,perjured,дал ложные показания,no_equality
47569,perjured,лжесвидетельствовала,no_equality
47570,perjured,давали ложные показания,parjure
47571,tangentially,косвенно,indirectement
47572,tangentially,вскользь,no_equality
47573,tangentially,поверхностно,no_equality
47574,tangentially,тангенциально,no_equality
47575,tangentially,по касательной,tangentiel
47576,tangentially,косвенное,no_equality
47577,shales,шейлз,shales
47578,shales,сланцы,no_equality
47579,shales,сланцев,no_equality
47580,shales,шейлзе,no_equality
47581,broads,бабы,nana
47582,broads,бабы,gonzesse
47583,broads,бабы,meuf
47584,broads,баб,nana
47585,broads,баб,gonzesse
47586,broads,баб,fille
47587,broads,баб,meuf
47588,broads,телок,nana
47589,broads,девки,nana
47590,broads,девки,gonzesse
47591,broads,девок,nana
47592,broads,девок,gonzesse
47593,broads,девок,fille
47594,broads,девок,meuf
47595,broads,девицами,fille
47596,broads,девиц,fille
47597,broads,шлюхам,no_equality
47598,broads,шлюх,no_equality
47599,broads,бабки,no_equality
47600,broads,бабах,no_equality
47601,broads,бабенки,no_equality
47602,broads,бабами,no_equality
47603,unruliness,непокорность,no_equality
47604,memorandas,меморандумов,no_equality
47605,memorandas,меморандумы,no_equality
47606,memorandas,меморандума,no_equality
47607,memorandas,меморандумах,no_equality
47608,memorandas,меморандумами,no_equality
47609,memorandas,меморандумам о,no_equality
47610,memorandas,записки,no_equality
47611,memorandas,памятных записок,no_equality
47612,gratefully,с благодарностью,avec gratitude
47613,gratefully,с благодарностью,avec reconnaissance
47614,gratefully,с признательностью,avec gratitude
47615,gratefully,благодарно,avec gratitude
47616,childishness,ребячество,no_equality
47617,childishness,детскость,no_equality
47618,childishness,ребячливость,no_equality
47619,childishness,детские выходки,no_equality
47620,bathrooms,ванные комнаты,salles de bain
47621,bathrooms,ванные комнаты,sanitaire
47622,bathrooms,туалеты,toilette
47623,bathrooms,ванных комнат,salles de bain
47624,bathrooms,ванными комнатами,no_equality
47625,bathrooms,туалетах,toilette
47626,bathrooms,туалетах,wc
47627,bathrooms,ванных комнатах,salles de bain
47628,bathrooms,ванных комнатах,chambre
47629,bathrooms,туалетов,toilette
47630,bathrooms,ванная комната,toilette
47631,bathrooms,туалет,bain
47632,bathrooms,туалет,toilette
47633,bathrooms,туалета,toilette
47634,bathrooms,туалета,wc
47635,bathrooms,ванной комнатой,no_equality
47636,bathrooms,уборных,toilette
47637,bathrooms,уборных,salle
47638,bathrooms,санузла,no_equality
47639,bathrooms,туалетами,toilette
47640,bathrooms,ванны,bain
47641,blowouts,выбросы нефти,no_equality
47642,praiseworthily,похвальный,no_equality
47643,praiseworthily,достойные похвалы,no_equality
47644,praiseworthily,заслуживающие похвалы,no_equality
47645,praiseworthily,достойные высокой оценки,no_equality
47646,praiseworthily,достойных высокой оценки,no_equality
47647,praiseworthily,достойны всяческих похвал,no_equality
47648,praiseworthily,достойных похвалы,no_equality
47649,praiseworthily,заслуживающие высокой оценки,no_equality
47650,praiseworthily,заслуживает высокой оценки,no_equality
47651,praiseworthily,достойная похвалы,no_equality
47652,praiseworthily,заслуживает похвалы,no_equality
47653,praiseworthily,достойны похвалы,no_equality
47654,acquitted,оправданный,no_equality
47655,pulverized,пульверизации,no_equality
47656,pulverized,распыленный,no_equality
47657,pulverized,пылевидном,no_equality
47658,pulverized,сжигание пылевидного,no_equality
47659,pulverized,вдувания,no_equality
47660,pulverized,измельченный,no_equality
47661,pulverized,пылеугольных,no_equality
47662,pulverized,пылеугольные,no_equality
47663,smack,героин,héro
47664,smack,героин,came
47665,smack,героин,héroïne
47666,smack,героин,dope
47667,smack,ударить,gifler
47668,smack,ударить,frapper
47669,smack,ударить,taper
47670,smack,ударить,cogner
47671,smack,отшлепать,no_equality
47672,smack,врезать,gifler
47673,smack,врезать,frapper
47674,smack,врезать,cogner
47675,smack,шлёпнуть,no_equality
47676,smack,пороть,no_equality
47677,smack,иметь привкус,petit goût
47678,smack,вкус,no_equality
47679,smack,привкус,petit goût
47680,smack,гадости,no_equality
47681,smack,герыча,héroïne
47682,migraines,мигрени,migraine
47683,migraines,мигрень,migraine
47684,migraines,мигреней,migraine
47685,charmers,заклинатели змей,no_equality
47686,dull,скучный,ennuyeux
47687,dull,скучный,terne
47688,dull,скучный,banal
47689,dull,унылый,triste
47690,dull,тупой,émoussé
47691,dull,притупить,atténuer
47692,dull,скучно,ennuyeux
47693,dull,тусклый,terne
47694,dull,серый,no_equality
47695,dull,заглушить боль,no_equality
47696,oversees,осуществляет надзор за,supervise
47697,oversees,контролирует,supervise
47698,oversees,контролирует,surveille
47699,oversees,контролирует,veille
47700,oversees,контролирует,dirige
47701,oversees,контролирует,gère
47702,oversees,контролирует,contrôle
47703,oversees,следит за,supervise
47704,oversees,следит за,surveille
47705,oversees,следит за,surveiller
47706,oversees,осуществляет контроль за,supervise
47707,oversees,осуществляет контроль за,surveille
47708,oversees,осуществляет контроль за,contrôle
47709,oversees,руководит,supervise
47710,oversees,руководит,assure
47711,oversees,руководит,dirige
47712,oversees,руководит,gère
47713,oversees,курирует,supervise
47714,oversees,наблюдает за,supervise
47715,oversees,наблюдает за,surveille
47716,oversees,осуществляет надзор над,supervise
47717,oversees,отвечает за,assure
47718,oversees,отвечает за,gère
47719,perpetuity,незыблемость,no_equality
47720,perpetuity,бессрочно,indéfiniment
47721,perpetuity,вечное пользование,no_equality
47722,perpetuity,бесконечно,no_equality
47723,perpetuity,бессрочное пользование,indéfiniment
47724,perpetuity,вечные времена,éternité
47725,perpetuity,неограниченный срок,perpétuité
47726,perpetuity,пожизненное пользование,no_equality
47727,perpetuity,бессрочный,no_equality
47728,perpetuity,вечно,no_equality
47729,perpetuity,навсегда,no_equality
47730,perpetuity,бессрочном владении,indéfiniment
47731,solemnizing,празднование,célébration
47732,encircling,окружение,encerclement
47733,encircling,окружив,no_equality
47734,encircling,окружать,no_equality
47735,encircling,вокруг,no_equality
47736,encircling,окружают,entourer
47737,encircling,окружают,encerclent
47738,encircling,окружные,no_equality
47739,encircling,опоясывающие,no_equality
47740,excruciations,мучительный,no_equality
47741,excruciations,мучительно,no_equality
47742,excruciations,невыносимо,no_equality
47743,excruciations,невыносимого,no_equality
47744,excruciations,невыносимой,no_equality
47745,excruciations,тяжелейших,no_equality
47746,bromic,метил,no_equality
47747,bromic,бромид,no_equality
47748,bromic,бром,no_equality
47749,bromic,метиле,no_equality
47750,bromic,метилбромида,no_equality
47751,bromic,n-пропилбромида,no_equality
47752,completion,завершение,achèvement
47753,completion,завершение,fin
47754,completion,завершение,conclusion
47755,completion,завершение,parachèvement
47756,completion,завершение,achevé
47757,completion,завершение,aboutissement
47758,completion,завершение,clôture
47759,completion,достройка,no_equality
47760,completion,выполнение,réalisation
47761,completion,выполнение,exécution
47762,completion,выполнение,accomplissement
47763,completion,пополнение,no_equality
47764,completion,доработка,finalisation
47765,completion,заполнение,no_equality
47766,completion,завершенность,no_equality
47767,completion,сдача,no_equality
47768,completion,заканчивание,no_equality
47769,completion,завершение проекта,no_equality
47770,completion,полное завершение,no_equality
47771,completion,окончание работ,achèvement
47772,completion,окончание работ,fin
47773,completion,довершение,no_equality
47774,completion,укомплектование,no_equality
47775,completion,заканчивание скважины,no_equality
47776,completion,завершение выполнения,achèvement
47777,completion,завершающий,no_equality
47778,football,футбол,football
47779,football,футбол,foot
47780,football,футбол,ballon
47781,football,футбол,match
47782,football,футбол,soccer
47783,football,футбольный мяч,ballon de football
47784,football,футбольный мяч,ballon de foot
47785,football,футбольный,no_equality
47786,fornicated,блудствовала,no_equality
47787,deviltry,дьявольщина,diablerie
47788,consorts,наложницы,concubin
47789,quizzes,викторины,quiz
47790,quizzes,викторины,quizz
47791,quizzes,викторин,quizz
47792,quizzes,викторинах,no_equality
47793,quizzes,тестов,test
47794,quizzes,контрольные,no_equality
47795,quizzes,опросы,no_equality
47796,quizzes,конкурсы,no_equality
47797,twats,идиоты,con
47798,twats,идиоты,crétin
47799,twats,идиоты,imbécile
47800,twats,уродов,no_equality
47801,disbanding,роспуск,dissolution
47802,disbanding,роспуск,démantèlement
47803,disbanding,роспуск,dissoudre
47804,psychiatric,психиатрический,psychiatrique
47805,psychiatric,психиатрический,psychiatrie
47806,psychiatric,психическими,no_equality
47807,psychiatric,психических,psychique
47808,psychiatric,психических,psychologique
47809,psychiatric,психических,mental
47810,psychiatric,психиатрии,no_equality
47811,psychiatric,психиатра,no_equality
47812,psychiatric,психические,no_equality
47813,psychiatric,психиатров,psychiatre
47814,psychiatric,психического,psychique
47815,psychiatric,психического,psychologique
47816,psychiatric,психического,mental
47817,psychiatric,психического,mentale
47818,psychiatric,психическое,psychique
47819,psychiatric,психическое,psychologique
47820,psychiatric,психическое,mental
47821,psychiatric,психическое,mentale
47822,psychiatric,психически,no_equality
47823,psychiatric,психическим,no_equality
47824,psychiatric,психики,no_equality
47825,candidness,искренность,franchise
47826,candidness,искренность,sincérité
47827,olas,оаг,no_equality
47828,olas,организации американских государств,no_equality
47829,olas,организация американских государств,no_equality
47830,olas,организацией американских государств,no_equality
47831,olas,псс,no_equality
47832,olas,рпм,no_equality
47833,olas,оае,no_equality
47834,olas,оас,no_equality
47835,Brooklyns,бруклин,no_equality
47836,Brooklyns,бруклинский,no_equality
47837,Brooklyns,бруклине,no_equality
47838,Brooklyns,бруклина,no_equality
47839,Brooklyns,бруклинского,no_equality
47840,Brooklyns,бруклинском,no_equality
47841,Brooklyns,бруклину,no_equality
47842,Brooklyns,бруклинскому,no_equality
47843,Brooklyns,бруклином,no_equality
47844,Brooklyns,бруклинская,no_equality
47845,Brooklyns,бруклинских,no_equality
47846,copycats,подражатели,no_equality
47847,copycats,подражателей,copieur
47848,copycats,подражателями,no_equality
47849,link up,соединение,no_equality
47850,link up,стыковка,no_equality
47851,link up,подключать,associer
47852,slop,помои,no_equality
47853,slop,слякоть,boue
47854,slop,варево,no_equality
47855,slop,барда,no_equality
47856,slop,выплескивание,no_equality
47857,slop,помойный,no_equality
47858,slop,выплескивать,no_equality
47859,shocked,в шоке,abasourdi
47860,shocked,в шоке,sous le choc
47861,shocked,шокирован,surpris
47862,shocked,шокирован,consterné
47863,shocked,шокирован,sous le choc
47864,shocked,шокирована,choqué
47865,shocked,шокирована,choquée
47866,shocked,шокирована,stupéfaite
47867,shocked,потрясен,secoué
47868,shocked,шокированы,choquée
47869,shocked,шокированы,sous le choc
47870,shocked,потрясены,bouleversé
47871,shocked,потрясены,sous le choc
47872,shocked,потрясли,no_equality
47873,shocked,потрясена,choqué
47874,shocked,потрясена,choquée
47875,shocked,потрясло,no_equality
47876,shocked,шокировало,choquée
47877,shocked,потрясла,no_equality
47878,shocked,удивлен,no_equality
47879,shocked,шокировала,no_equality
47880,shocked,шокировал,no_equality
47881,shocked,шокирует,choquant
47882,shards,осколки,éclat
47883,shards,осколки,fragment
47884,shards,осколки,morceau
47885,shards,осколки,débris
47886,shards,осколков,éclat
47887,shards,осколков,tesson
47888,shards,осколков,fragment
47889,shards,осколков,morceau
47890,shards,осколками,no_equality
47891,shards,осколкам,no_equality
47892,detestably,мерзкий,no_equality
47893,detestably,отвратительного,no_equality
47894,detestably,отвратительное,no_equality
47895,detestably,отвратительным,no_equality
47896,detestably,отвратительной,no_equality
47897,detestably,отвратительных,no_equality
47898,day-dream,мечта,no_equality
47899,day-dream,облаках,no_equality
47900,day-dream,мечтать,rêver
47901,day-dream,полным олухом,no_equality
47902,lamination,расслоение,stratification
47903,lamination,ламинирование,no_equality
47904,lamination,раскатывание,no_equality
47905,lamination,ламинат,no_equality
47906,lamination,слой,no_equality
47907,lamination,отслоение,no_equality
47908,lamination,слоистая структура,no_equality
47909,lamination,плющение,no_equality
47910,lamination,ламинированный,no_equality
47911,terminates,прекращается,se termine
47912,terminates,прекращается,prend fin
47913,terminates,прекращается,s'arrête
47914,terminates,прекращается,cesse
47915,terminates,прекращает,prend fin
47916,terminates,прекращает,cesse
47917,terminates,истекает,s'achève
47918,terminates,прекращающего,no_equality
47919,terminates,расторгнут,no_equality
47920,terminates,расторгает,no_equality
47921,terminates,заканчивающаяся,no_equality
47922,terminates,конечная,no_equality
47923,terminates,отстраняет,no_equality
47924,fabricating,фабрикации,inventer
47925,fabricating,изготовление,fabrication
47926,fabricating,изготовление,fabriquer
47927,fabricating,изготовление,production
47928,fabricating,фабрикацией,no_equality
47929,fabricating,придумывает,inventant
47930,fabricating,придумывает,invente
47931,fabricating,фабрикуют,no_equality
47932,fabricating,подтасовку,no_equality
47933,fabricating,незаконно занижать цены путем заведения,no_equality
47934,fabricating,фальсификации,no_equality
47935,mystery,тайна,mystère
47936,mystery,тайна,énigme
47937,mystery,таинственность,mystère
47938,mystery,таинственный,no_equality
47939,fathoming,понимание,compréhension
47940,didn't,нет,non
47941,didn't,разве,hein
47942,didn't,плохо,no_equality
47943,didn't,не,no_equality
47944,didn't,же,no_equality
47945,didn't,было,no_equality
47946,didn't,да,non
47947,didn't,да,hein
47948,didn't,ты,no_equality
47949,didn't,правда,hein
47950,didn't,верно,non
47951,didn't,верно,n'est-ce pas
47952,didn't,верно,hein
47953,didn't,так ведь,non
47954,didn't,так ведь,n'est-ce pas
47955,didn't,так ведь,hein
47956,didn't,что,no_equality
47957,didn't,а,no_equality
47958,didn't,вы,no_equality
47959,didn't,у,no_equality
47960,devastate,опустошать,dévaster
47961,devastate,опустошать,ravager
47962,devastate,разрушить,anéantir
47963,devastate,опустошить,dévaster
47964,devastate,уничтожить,anéantir
47965,devastate,разорять,no_equality
47966,devastate,разорить,no_equality
47967,devastate,разрушают,no_equality
47968,devastate,оказывает разрушительное воздействие,no_equality
47969,devastate,огорчит,no_equality
47970,devastate,разрушать,no_equality
47971,devastate,расстроит,no_equality
47972,devastate,истреблять,no_equality
47973,spanked,отшлепала,no_equality
47974,spanked,отшлепал,no_equality
47975,spanked,отшлёпать,no_equality
47976,spanked,шлёпала,no_equality
47977,spanked,шлепать,no_equality
47978,spanked,шлёпнули,no_equality
47979,spanked,шлепали,no_equality
47980,spanked,тебя отшлепали,no_equality
47981,spanked,когда их шлепают,no_equality
47982,spanked,отшлепаю,no_equality
47983,spanked,шлепнешь,no_equality
47984,solvings,решение,no_equality
47985,solvings,урегулирование,no_equality
47986,solvings,разрешение,no_equality
47987,solvings,раскрытие,no_equality
47988,solvings,решить,no_equality
47989,solvings,решать,no_equality
47990,solvings,процесс решения,no_equality
47991,solvings,расследовании,no_equality
47992,solvings,решая,no_equality
47993,solvings,урегулировать,no_equality
47994,solvings,раскрыть,no_equality
47995,solvings,раскрывать,no_equality
47996,solvings,разрешить,no_equality
47997,solvings,решает,no_equality
47998,solvings,разгадке,no_equality
47999,solvings,расследовать,no_equality
48000,fells,холмах,colline
48001,fells,феллы,no_equality
48002,diminished,сокращение,no_equality
48003,diminished,снижение,no_equality
48004,diminished,уменьшение,no_equality
48005,diminished,уменьшается,no_equality
48006,diminished,снижается,no_equality
48007,diminished,меньше,diminué
48008,diminished,меньше,moindre
48009,diminished,меньше,réduit
48010,diminished,снижает,no_equality
48011,diminished,ограниченной,no_equality
48012,diminished,ослабление,no_equality
48013,diminished,ослабевает,no_equality
48014,diminished,уменьшает,réduit
48015,diminished,сокращаются,no_equality
48016,diminished,ослабило,no_equality
48017,diminished,умаляет,no_equality
48018,diminished,ослаб,no_equality
48019,contrive,умудряться,no_equality
48020,contrive,изобретать,inventer
48021,contrive,замышлять,no_equality
48022,colloquial,разговорном,no_equality
48023,colloquial,разговорной,no_equality
48024,colloquial,разговорное,no_equality
48025,colloquial,разговорным,no_equality
48026,colloquial,нелитературный,no_equality
48027,outgrowing,перерастание,no_equality
48028,outgrowing,перерос,no_equality
48029,outgrowing,она перерастает,no_equality
48030,slighting,пренебрежительный,no_equality
48031,administer,управлять,administrer
48032,administer,управлять,gérer
48033,administer,управлять,diriger
48034,administer,управлять,gouverner
48035,administer,распоряжаться,administrer
48036,administer,распоряжаться,gérer
48037,administer,осуществлять,gérer
48038,administer,осуществлять,appliquer
48039,administer,осуществлять,effectuer
48040,administer,применять,appliquer
48041,administer,руководить,administrer
48042,administer,руководить,gérer
48043,administer,руководить,diriger
48044,administer,руководить,gouverner
48045,administer,управления,no_equality
48046,administer,управлению,no_equality
48047,administer,управлении,no_equality
48048,administer,отправления,no_equality
48049,administer,ввести,appliquer
48050,administer,регулировать,gérer
48051,administer,администрировать,no_equality
48052,administer,назначать,no_equality
48053,administer,применении,no_equality
48054,administer,отправлению,no_equality
48055,administer,администрирования,no_equality
48056,resolutely,решительно,résolument
48057,resolutely,решительно,fermement
48058,resolutely,решительно,avec détermination
48059,resolutely,решительно,avec fermeté
48060,resolutely,решительно,catégoriquement
48061,resolutely,решительно,énergiquement
48062,resolutely,решительно,avec résolution
48063,resolutely,решительно,vigoureusement
48064,resolutely,решительно,décidément
48065,resolutely,твердо,résolument
48066,resolutely,твердо,fermement
48067,resolutely,твердо,avec fermeté
48068,resolutely,твердо,énergiquement
48069,resolutely,твердо,vigoureusement
48070,resolutely,решительные меры,résolument
48071,resolutely,решительные меры,avec fermeté
48072,resolutely,решительные меры,énergiquement
48073,resolutely,энергично,résolument
48074,resolutely,энергично,énergiquement
48075,resolutely,энергично,vigoureusement
48076,resolutely,настойчиво,résolument
48077,resolutely,настойчиво,fermement
48078,resolutely,решительного,no_equality
48079,resolutely,решительной,no_equality
48080,resolutely,решительную,no_equality
48081,resolutely,решительному,énergiquement
48082,resolutely,решительные усилия,résolument
48083,resolutely,решительное,no_equality
48084,resolutely,решительных действий,no_equality
48085,resolutely,категорически,résolument
48086,resolutely,категорически,catégoriquement
48087,resolutely,категорически,vigoureusement
48088,platelets,тромбоциты,plaquette
48089,platelets,тромбоцитов,plaquette
48090,platelets,тромбоцитами,no_equality
48091,agreeableness,приятность,no_equality
48092,laxness,попустительство,laxisme
48093,laxness,слабость,no_equality
48094,worthlessly,бездарно,no_equality
48095,kidnapped,похищенный,enlevé
48096,pollutant,загрязнитель,polluant
48097,pollutant,загрязнитель,pollueur
48098,pollutant,загрязняющих веществ,polluant
48099,pollutant,загрязняющих веществ,pollution
48100,pollutant,регистры,no_equality
48101,pollutant,загрязнения,pollution
48102,pollutant,загрязняющего вещества,polluant
48103,pollutant,загрязняющему веществу,no_equality
48104,massed,массированное,no_equality
48105,massed,сосредоточились,no_equality
48106,massed,сосредотачиваться,no_equality
48107,massed,сосредотачивать,no_equality
48108,massed,сосредоточены,no_equality
48109,voyeurs,вуайеристы,voyeur
48110,voyeurs,вуайеристов,no_equality
48111,chrysanthemums,хризантемы,chrysanthème
48112,chrysanthemums,хризантем,no_equality
48113,immovability,несменяемости,inamovibilité
48114,scans,снимки,scanner
48115,scans,снимки,scan
48116,scans,снимки,image
48117,scans,сканирование,scanner
48118,scans,сканирование,balayage
48119,scans,сканирование,scan
48120,scans,сканирования,scanner
48121,scans,сканирования,balayage
48122,scans,сканирования,scan
48123,scans,сканирования,irm
48124,scans,сканирует,scanne
48125,scans,сканирует,scanner
48126,scans,сканеры,scans
48127,scans,сканеры,scanner
48128,scans,снимках,scanner
48129,scans,снимках,scan
48130,scans,снимках,irm
48131,scans,сканы,no_equality
48132,scans,сканирований,no_equality
48133,scans,снимков,scans
48134,scans,снимков,image
48135,scans,просматривает,no_equality
48136,scans,томографию,scanner
48137,scans,томографию,scan
48138,scans,томографию,irm
48139,scans,томографии,scanner
48140,scans,томографии,scan
48141,scans,томографии,irm
48142,scans,сканеров,scanner
48143,scans,кт,scanner
48144,scans,кт,scan
48145,gorging,пожирание,no_equality
48146,starlets,старлеток,no_equality
48147,starlets,звездочки,no_equality
48148,starlets,старлетками,no_equality
48149,phases,этапах,phase
48150,phases,этапах,étape
48151,phases,этапах,stade
48152,phases,этапах,niveau
48153,phases,этапах,aspect
48154,phases,этапах,début
48155,phases,этапов,étape
48156,phases,этапы,phase
48157,phases,этапы,étape
48158,phases,этапы,stade
48159,phases,стадии,phase
48160,phases,стадии,stade
48161,phases,стадии,début
48162,phases,стадии,moment
48163,phases,стадиях,phase
48164,phases,стадиях,étape
48165,phases,стадиях,stade
48166,phases,стадиях,niveau
48167,phases,стадиях,début
48168,phases,этапами,phase
48169,phases,этапами,étape
48170,phases,этапами,stade
48171,phases,фазы,phase
48172,phases,фазы,étape
48173,phases,фаз,phase
48174,phases,этапе,phase
48175,phases,этапе,stade
48176,phases,этапе,temps
48177,phases,этапе,période
48178,phases,этапе,moment
48179,phases,этапам,phase
48180,phases,этапам,étape
48181,phases,этапам,stade
48182,phases,фазах,phase
48183,phases,фазами,phase
48184,phases,этап,phase
48185,phases,этап,étape
48186,phases,этап,période
48187,phases,поэтапной,progressivement
48188,phases,фазам,no_equality
48189,autographs,автографов,autographe
48190,autographs,автографов,dédicace
48191,autographs,автографы,autographe
48192,autographs,автографы,dédicace
48193,autographs,автограф,autographe
48194,promulgation,принятие,promulgation
48195,promulgation,принятие,adoption
48196,promulgation,обнародование,promulgation
48197,promulgation,обнародование,publication
48198,promulgation,промульгация,promulgation
48199,promulgation,опубликование,promulgation
48200,promulgation,опубликование,publication
48201,promulgation,утверждение,adoption
48202,promulgation,провозглашение,proclamation
48203,promulgation,введения,promulgation
48204,promulgation,введения,adoption
48205,promulgation,издание,publication
48206,promulgation,издания,promulgation
48207,promulgation,издания,publication
48208,promulgation,издания,décret
48209,promulgation,распространение,diffusion
48210,promulgation,промульгирования,promulgation
48211,promulgation,публикации,publication
48212,promulgation,публикации,diffusion
48213,promulgation,промульгацией,no_equality
48214,populariser,популяризировать,no_equality
48215,populariser,популяризацию,no_equality
48216,populariser,общедоступный,no_equality
48217,populariser,популяризация,no_equality
48218,populariser,общедоступной,no_equality
48219,populariser,популяризировала,no_equality
48220,factualities,погибших,décès
48221,factualities,погибших,mort
48222,factualities,погибших,victime
48223,factualities,погибших,tué
48224,factualities,погибших,personnes tuées
48225,factualities,погибших,décédé
48226,factualities,жертв,décès
48227,factualities,жертв,mort
48228,factualities,жертв,victime
48229,factualities,человек,mort
48230,factualities,гибели людей,décès
48231,factualities,гибели людей,victime
48232,factualities,гибели людей,pertes humaines
48233,factualities,гибели людей,pertes en vies humaines
48234,factualities,смертельных случаев,décès
48235,factualities,смертельных случаев,mort
48236,factualities,смертельных случаев,accidents mortels
48237,factualities,смертности,no_equality
48238,factualities,смертей,décès
48239,factualities,случаев смерти,décès
48240,factualities,смертных случаев,décès
48241,factualities,смертных случаев,mort
48242,factualities,смертных случаев,mortalité
48243,factualities,результате дорожно-транспортных происшествий,no_equality
48244,factualities,смертельных исходов,décès
48245,factualities,убитых,mort
48246,factualities,убитых,victime
48247,factualities,убитых,tué
48248,factualities,убитых,personnes tuées
48249,factualities,жертвам,victime
48250,factualities,жертвы,no_equality
48251,factualities,погибло,mort
48252,ammoniacs,аммиак,no_equality
48253,ammoniacs,аммоний,no_equality
48254,ammoniacs,нашатырный спирт,no_equality
48255,ammoniacs,нашатырь,no_equality
48256,ammoniacs,аммиачный,no_equality
48257,ammoniacs,аммиаке,no_equality
48258,ammoniacs,аммиачного,no_equality
48259,ammoniacs,аммиачных,no_equality
48260,ammoniacs,аммиачные,no_equality
48261,elucidating,освещение,no_equality
48262,elucidating,объяснение,no_equality
48263,wooing,ухаживание,courtiser
48264,wooing,ухаживание,cour
48265,wooing,ухаживает за,no_equality
48266,wooing,ухаживая за,no_equality
48267,subscribes,поддерживает,souscrit
48268,subscribes,поддерживает,approuve
48269,subscribes,присоединяется,souscrit
48270,subscribes,присоединяется,adhère
48271,subscribes,разделяет,souscrit
48272,subscribes,разделяет,adhère
48273,subscribes,разделяет,approuve
48274,subscribes,придерживается,souscrit
48275,subscribes,придерживается,adhère
48276,subscribes,выписывает,no_equality
48277,subscribes,согласна,souscrit
48278,subscribes,согласна,approuve
48279,subscribes,подписывается под,souscrit
48280,babysitters,нянек,baby-sitter
48281,babysitters,няньки,baby-sitter
48282,babysitters,няни,no_equality
48283,babysitters,сиделки,baby-sitter
48284,babysitters,нянями,no_equality
48285,babysitters,няню,no_equality
48286,babysitters,няням,no_equality
48287,babysitters,приходящих нянь,no_equality
48288,photocopiers,фотокопировальных машин,photocopieur
48289,photocopiers,фотокопировальные машины,no_equality
48290,photocopiers,копировальных машин,photocopieur
48291,photocopiers,фотокопировальной техники,photocopieur
48292,photocopiers,фотокопировальных аппаратов,no_equality
48293,photocopiers,фотокопировального оборудования,no_equality
48294,photocopiers,фотокопировальных устройств,no_equality
48295,photocopiers,фотокопировальные аппараты,no_equality
48296,photocopiers,фотокопировальными машинами,no_equality
48297,photocopiers,копировальные машины,no_equality
48298,photocopiers,копировальных аппаратов,no_equality
48299,photocopiers,фотокопировальных установок,no_equality
48300,photocopiers,фотокопировальные устройства,no_equality
48301,photocopiers,фотомножительная техника,no_equality
48302,photocopiers,фотокопировальную технику,no_equality
48303,societies,человеческие сообщества,communauté
48304,societies,человеческие сообщества,organisme
48305,Austrians,австрийцев,autrichien
48306,Austrians,австрийцы,autrichien
48307,Austrians,австрийцам,no_equality
48308,Austrians,австрийцами,no_equality
48309,Austrians,гражданам австрии,autrichien
48310,Austrians,гражданам австрии,autriche
48311,root,корень,racine
48312,root,корень,radical
48313,root,основа,base
48314,root,основа,fond
48315,root,причина,origine
48316,root,причина,cause
48317,root,рут,root
48318,root,корни,racine
48319,root,корни,root
48320,root,корни,origine
48321,root,причины,racine
48322,root,причины,origine
48323,root,причины,cause
48324,root,корневой,racinaire
48325,root,корневой,radiculaire
48326,root,болеть,no_equality
48327,root,основных,fondamentale
48328,root,основных,principale
48329,root,глубинных,racine
48330,root,root,no_equality
48331,root,основные,base
48332,root,основополагающих,base
48333,root,суперпользователя,no_equality
48334,root,глубинными,no_equality
48335,scandals,скандалов,no_equality
48336,scandals,скандалы,scandale
48337,scandals,скандалами,scandale
48338,scandals,скандалах,scandale
48339,scandals,скандалам,no_equality
48340,scandals,скандала,no_equality
48341,morose,угрюмый,morose
48342,morose,угрюмый,sombre
48343,morose,мрачный,morose
48344,morose,мрачный,sombre
48345,morose,колючая,morose
48346,morose,замкнутым,no_equality
48347,childlessness,бездетность,stérilité
48348,childlessness,процентная доля бездетных,no_equality
48349,impolitely,невежливо,no_equality
48350,salesman,продавец,vendeur
48351,salesman,продавец,marchand
48352,salesman,торговый агент,commercial
48353,salesman,комиссионер,no_equality
48354,salesman,приказчик,no_equality
48355,abstractionist,абстракционист,no_equality
48356,stupefy,ошеломлять,no_equality
48357,relays,реле,relais
48358,relays,"рилейс""",no_equality
48359,relays,ретрансляторы,no_equality
48360,relays,ретрансляторов,no_equality
48361,whirlpools,водовороты,no_equality
48362,whirlpools,джакузи,jacuzzi
48363,oncologic,онкологических,no_equality
48364,groupwares,groupware,no_equality
48365,groupwares,групповой работы тёамшох,no_equality
48366,groupwares,совместной работы,no_equality
48367,groupwares,групповых,no_equality
48368,passer,паспорту,no_equality
48369,passer,пасспорте,no_equality
48370,conjoining,соединение,no_equality
48371,transliterated,транслитерации,no_equality
48372,transliterated,транслитерированные,no_equality
48373,Halleys,долины,no_equality
48374,Halleys,долинах,no_equality
48375,Halleys,долин,no_equality
48376,Halleys,долинами,no_equality
48377,Halleys,долинам,no_equality
48378,Halleys,спады,no_equality
48379,Halleys,долине,no_equality
48380,lofty,высокий,haut
48381,lofty,высокий,élevé
48382,lofty,благородных,noble
48383,lofty,благородной,noble
48384,lofty,благородные,noble
48385,lofty,возвышенный,no_equality
48386,lofty,благородным,noble
48387,lofty,благородная,no_equality
48388,lofty,благородными,noble
48389,lofty,благородную,no_equality
48390,lofty,дылда,lofty
48391,lofty,лофти,no_equality
48392,settlement,урегулирование,règlement
48393,settlement,урегулирование,accord
48394,settlement,урегулирование,solution
48395,settlement,урегулирование,résolution
48396,settlement,поселение,colonie
48397,settlement,поселение,établissement
48398,settlement,поселение,implantation
48399,settlement,поселение,village
48400,settlement,разрешение,règlement
48401,settlement,разрешение,accord
48402,settlement,разрешение,solution
48403,settlement,разрешение,résolution
48404,settlement,решение,règlement
48405,settlement,решение,solution
48406,settlement,решение,résolution
48407,settlement,решение,décision
48408,settlement,расселение,établissement
48409,settlement,расселение,installation
48410,settlement,соглашение,accord
48411,settlement,соглашение,entente
48412,settlement,соглашение,arrangement
48413,settlement,соглашение,transaction
48414,settlement,расчет,liquidation
48415,settlement,соглашения,règlement
48416,settlement,соглашения,accord
48417,settlement,соглашения,entente
48418,settlement,соглашения,arrangement
48419,settlement,заселение,colonisation
48420,settlement,заселение,peuplement
48421,settlement,поселок,village
48422,settlement,погашение,no_equality
48423,settlement,поселенческой,peuplement
48424,settlement,поселенческой,implantation
48425,settlement,поселенческую,no_equality
48426,settlement,поселенческая,peuplement
48427,settlement,поселенческая,implantation
48428,settlement,поселенцев,no_equality
48429,settlement,урегулирование вопроса,règlement
48430,settlement,урегулирование вопроса,accord
48431,settlement,селение,village
48432,settlement,удовлетворение,no_equality
48433,settlement,колония,colonie
48434,settlement,урегулирование вопросов,no_equality
48435,settlement,оплата,règlement
48436,settlement,расчётный,no_equality
48437,bitchiness,стервозность,no_equality
48438,stoles,меховые шарфы,écharpe
48439,germs,болезнетворные микробы,germe
48440,germs,болезнетворные микробы,microbe
48441,screener,сотрудник досмотра,filtrage
48442,screener,message screener,no_equality
48443,schoolrooms,школ,no_equality
48444,amiable,любезный,aimable
48445,amiable,любезный,gentil
48446,amiable,любезный,affable
48447,amiable,приятный,aimable
48448,amiable,приятный,gentil
48449,amiable,дружелюбный,aimable
48450,amiable,дружелюбный,gentil
48451,amiable,дружелюбный,sympathique
48452,amiable,дружеские,no_equality
48453,zoomed,увеличил,no_equality
48454,zoomed,навелся,no_equality
48455,zoomed,увеличенное изображение,no_equality
48456,zoomed,свалился,no_equality
48457,Carolingian,каролинг,carolingien
48458,charring,обугливание,no_equality
48459,fits,соответствует,correspond à
48460,fits,подходит под,correspond à
48461,fits,вписывается,s'inscrit
48462,fits,вписывается,s'intègre
48463,fits,вписывается,colle
48464,fits,совпадает,no_equality
48465,fits,сходится,colle
48466,fits,подойдет,no_equality
48467,fits,помещается,rentre
48468,fits,приступы,crise
48469,fits,припадки,no_equality
48470,fits,сидит,no_equality
48471,fits,по размеру,no_equality
48472,fits,отвечает,no_equality
48473,fits,припадков,crise
48474,fits,судороги,crise
48475,fits,согласуется,no_equality
48476,creature,создание,créature
48477,creature,создание,création
48478,creature,животное,créature
48479,creature,животное,animal
48480,creature,животное,bête
48481,creature,тварь,créature
48482,creature,тварь,bête
48483,creature,тварь,monstre
48484,creature,тварь,bestiole
48485,creature,креатура,no_equality
48486,creature,обитатель,no_equality
48487,simplicity,простота,simplicité
48488,simplicity,простота,facilité
48489,simplicity,простодушие,no_equality
48490,simplicity,упрощенность,no_equality
48491,simplicity,непритязательность,no_equality
48492,simplicity,скромность,no_equality
48493,simplicity,несложность,no_equality
48494,simplicity,незатейливость,no_equality
48495,simplicity,элементарность,no_equality
48496,novelists,писатели,romancier
48497,novelists,писатели,écrivain
48498,novelists,писателей,écrivain
48499,novelists,писателям,no_equality
48500,novelists,романистов,no_equality
48501,novelists,американских прозаиков,no_equality
48502,answer,ответ,réponse
48503,answer,ответ,solution
48504,answer,ответ,réplique
48505,answer,ответы,réponse
48506,answer,ответы,solution
48507,answer,решение,réponse
48508,answer,решение,solution
48509,answer,выход,réponse
48510,answer,выход,solution
48511,answer,вопрос,réponse
48512,answer,ответить на,no_equality
48513,answer,ответить,répondre
48514,answer,ответить,répliquer
48515,answer,ответить,dire
48516,answer,отвечать,répondre
48517,answer,отвечать,dire
48518,answer,отвечать,correspondre
48519,answer,отчитываться,no_equality
48520,answer,открывать,no_equality
48521,answer,отвечай на,no_equality
48522,answer,отвечайте на,no_equality
48523,answer,отвечаешь на,no_equality
48524,answer,отвечает на,no_equality
48525,answer,объяснение,no_equality
48526,answer,отгадка,no_equality
48527,answer,решение вопроса,solution
48528,answer,отвечать на вопросы,no_equality
48529,answer,держать ответ,no_equality
48530,answer,отвечать на вопрос,no_equality
48531,quick,быстро,vite
48532,quick,быстро,rapidement
48533,quick,быстрый,rapide
48534,quick,быстрый,véloce
48535,quick,оперативный,rapide
48536,quick,короткий,rapide
48537,quick,короткий,petit
48538,quick,короткий,bref
48539,quick,небольшой,petit
48540,quick,быстрее,no_equality
48541,quick,быстренько,no_equality
48542,quick,скорее,no_equality
48543,quick,живо,vite
48544,quick,срочно,vite
48545,quick,срочно,rapidement
48546,quick,поскорее,vite
48547,quick,поскорее,rapidement
48548,quick,по-быстрому,rapide
48549,quick,скорей,no_equality
48550,quick,квик,quick
48551,quick,частый,no_equality
48552,quick,стремительный,rapide
48553,quick,резвый,vif
48554,quick,на скорую руку,no_equality
48555,descriptively,описательно,no_equality
48556,divorcement,расторжение брака,divorce
48557,divorcement,раздел,no_equality
48558,giddy,головокружительный,no_equality
48559,giddy,легкомысленной,frivole
48560,giddy,легкомысленная,frivole
48561,giddy,головокружение,no_equality
48562,giddy,легкомысленным,no_equality
48563,giddy,витаешь в облаках,no_equality
48564,giddy,легкомысленно,frivole
48565,giddy,кружится голова,vertige
48566,giddy,головокружительная,no_equality
48567,giddy,голова кругом идет,no_equality
48568,giddy,гидди,no_equality
48569,ridiculing,высмеивания,no_equality
48570,ridiculing,высмеивая,ridiculisant
48571,ridiculing,осмеяние,no_equality
48572,ridiculing,высмеивать,ridiculiser
48573,ridiculing,высмеивание,no_equality
48574,ridiculing,высмеивал,no_equality
48575,relegates,низводит,no_equality
48576,invoked,вызванный,no_equality
48577,invoked,запущенный,no_equality
48578,outposts,аванпостов,avant-poste
48579,outposts,аванпостов,postes avancés
48580,outposts,аванпостов,peuplement
48581,outposts,аванпосты,avant-poste
48582,outposts,аванпосты,postes avancés
48583,outposts,передовых постов,avant-poste
48584,outposts,передовых постов,postes avancés
48585,outposts,сторожевых постов,no_equality
48586,outposts,аванпостах,no_equality
48587,outposts,форпостов,avant-poste
48588,outposts,передовые посты,no_equality
48589,outposts,аванпостами,avant-poste
48590,outposts,сторожевые посты,position
48591,outposts,передовые поселения,avant-poste
48592,outposts,передовых поселений,no_equality
48593,outposts,блокпостов,no_equality
48594,shopkeepers,владельцы магазинов,commerçant
48595,shopkeepers,владельцев магазинов,commerçant
48596,shopkeepers,торговцы,commerçant
48597,shopkeepers,торговцы,marchand
48598,shopkeepers,торговцев,commerçant
48599,shopkeepers,торговцев,marchand
48600,shopkeepers,лавочники,commerçant
48601,shopkeepers,владельцами магазинов,no_equality
48602,shopkeepers,коммерсантов,commerçant
48603,shopkeepers,лавочниками,no_equality
48604,shopkeepers,лавочников,no_equality
48605,shopkeepers,торгашей,no_equality
48606,shopkeepers,продавцы,no_equality
48607,tower,башня,tour
48608,tower,башня,château
48609,tower,башня,tourelle
48610,tower,башни,no_equality
48611,tower,вышка,tour
48612,tower,вышка,relais
48613,tower,колокольня,no_equality
48614,tower,тауэр,tour
48615,tower,тауэр,tower
48616,tower,тауэре,tour
48617,tower,тауэра,tour
48618,tower,тауэра,tower
48619,tower,tower,no_equality
48620,tower,небоскрёб,no_equality
48621,tower,диспетчер,no_equality
48622,tower,ретранслятор,relais
48623,tower,диспетчерской,no_equality
48624,tower,здания,no_equality
48625,tower,тауер,tower
48626,tower,тауэрского,no_equality
48627,rainforests,тропических лесов,forêts tropicales
48628,rainforests,тропических лесов,forêts ombrophiles
48629,rainforests,тропических лесов,forêt tropicale
48630,rainforests,тропические леса,forêts tropicales
48631,rainforests,тропические леса,forêt tropicale
48632,rainforests,тропических лесах,forêts tropicales
48633,rainforests,тропических лесах,forêts pluviales
48634,rainforests,тропических лесах,forêts ombrophiles
48635,rainforests,тропических лесах,forêt tropicale
48636,rainforests,тропическими лесами,forêts tropicales
48637,rainforests,тропическими лесами,forêt tropicale
48638,rainforests,дождевые леса,forêts tropicales
48639,rainforests,джунглями,no_equality
48640,rainforests,дождевых лесов,forêts tropicales
48641,rainforests,дождевых лесов,forêts ombrophiles
48642,dissect,рассекать,no_equality
48643,dissect,вскрывать,no_equality
48644,dissect,анализировать,no_equality
48645,dissect,анатомировать,no_equality
48646,thermals,тепловизорах,no_equality
48647,thermals,термик,no_equality
48648,tumbles,тамблс,no_equality
48649,tumbles,прикасаешьс€,no_equality
48650,rationalizations,рационализации,rationalisation
48651,rationalizations,логических обоснований,justification
48652,rationalizations,рационализация,rationalisation
48653,lanced,вскрыли,no_equality
48654,snatches,обрывки,bribe
48655,calculation,расчет,calcul
48656,calculation,расчет,calculé
48657,calculation,расчет,calculer
48658,calculation,исчисление,calcul
48659,calculation,подсчет,calcul
48660,calculation,подсчет,évaluation
48661,calculation,подсчет,calculer
48662,calculation,вычисление,calcul
48663,calculation,вычисление,calculer
48664,calculation,калькуляция,calcul
48665,calculation,расчетного,calcul
48666,calculation,расчетным,no_equality
48667,calculation,начисления,calculer
48668,calculation,расчетных,calcul
48669,calculation,расчетной ставки,no_equality
48670,drilled,пробурено,no_equality
48671,drilled,просверлил,no_equality
48672,drilled,просверлили,percé
48673,drilled,пробурены,no_equality
48674,drilled,пробуренные,no_equality
48675,drilled,пробурила,no_equality
48676,drilled,сверлил,no_equality
48677,drilled,пробурили,no_equality
48678,drilled,бурили,no_equality
48679,drilled,пробурена,no_equality
48680,drilled,скважины,no_equality
48681,drilled,бурение,no_equality
48682,drilled,вбил,no_equality
48683,drilled,бурят,no_equality
48684,drilled,бурил,no_equality
48685,aromatic,ароматический,no_equality
48686,aromatic,ароматный,parfumé
48687,aromatic,ароматическое,no_equality
48688,bankruptcies,банкротств,faillite
48689,bankruptcies,банкротства,faillite
48690,bankruptcies,банкротства,banqueroute
48691,bankruptcies,банкротствами,faillite
48692,bankruptcies,банкротстве,faillite
48693,bankruptcies,банкротстве,banqueroute
48694,bankruptcies,банкротство,faillite
48695,bankruptcies,банкротство,banqueroute
48696,bankruptcies,банкротствам,no_equality
48697,bankruptcies,банкроты,no_equality
48698,samplers,пробоотборников,échantillonneur
48699,samplers,пробоотборники,échantillonneur
48700,samplers,отбора проб,no_equality
48701,samplers,пробоотборника воздуха,no_equality
48702,samplers,анализаторов воздуха,no_equality
48703,samplers,сэмплеров,no_equality
48704,catechist,проповедник,no_equality
48705,catechist,законоучитель,no_equality
48706,coursing,течет,veine
48707,coursing,пробегает,no_equality
48708,coursing,струится,no_equality
48709,coursing,бежит,no_equality
48710,coursing,циркулирует,no_equality
48711,coursing,пульсирует,no_equality
48712,coursing,венам,veine
48713,coursing,жилах,veine
48714,coursing,текущая,coulant
48715,coursing,текущую,no_equality
48716,pruning,обрезка,no_equality
48717,pruning,сокращение,no_equality
48718,pruning,обрезанные ветки,no_equality
48719,pruning,прореживание,no_equality
48720,pruning,подрезка,taille
48721,pruning,подрезать,no_equality
48722,pruning,подрезал,no_equality
48723,pruning,серпы,no_equality
48724,pruning,подстригал живую,no_equality
48725,pruning,подрезки ветвей,no_equality
48726,pruning,подрезала,no_equality
48727,stargaze,предаваться мечтам,no_equality
48728,hustlers,мошенников,arnaqueur
48729,hustlers,мошенников,escroc
48730,hustlers,жуликам,no_equality
48731,hustlers,жулики,escroc
48732,hustlers,игроков,no_equality
48733,buys,покупает,achète
48734,buys,покупает,rachète
48735,buys,покупает,acheter
48736,buys,покупает,achètent
48737,buys,покупает,paye
48738,buys,покупает,a acheté
48739,buys,покупает,achetant
48740,buys,купит,achète
48741,buys,купит,achètera
48742,buys,купил,acheter
48743,buys,купил,a acheté
48744,buys,даст,no_equality
48745,buys,покупают,achète
48746,buys,покупают,acheter
48747,buys,покупают,achètent
48748,buys,покупают,achetant
48749,buys,закупает,achète
48750,buys,закупает,acquiert
48751,buys,можно купить,no_equality
48752,buys,скупает,achète
48753,buys,скупает,rachète
48754,buys,скупает,a acheté
48755,buys,скупает,achetant
48756,buys,приобретает,achète
48757,buys,приобретает,acquiert
48758,buys,покупается,achète
48759,buys,угощает,paie
48760,buys,купила,acheter
48761,buys,купила,a acheté
48762,buys,покупать,acheter
48763,buys,покупал,acheter
48764,buys,покупал,a acheté
48765,buys,покупал,achetant
48766,buys,выиграем,no_equality
48767,victim,жертва,victime
48768,victim,жертва,proie
48769,victim,жертва,accidenté
48770,victim,пострадавший,victime
48771,combustibles,горючим,no_equality
48772,buttresses,укрепляет,no_equality
48773,buttresses,поддерживает,no_equality
48774,wetland,водно-болотных угодий,no_equality
48775,wetland,ветланд,no_equality
48776,wetland,водно-болотные угодья,no_equality
48777,wetland,заболоченных земель,no_equality
48778,wetland,водно-болотистых угодий,no_equality
48779,wetland,водно-болотными угодьями,no_equality
48780,wetland,водно-болотной,no_equality
48781,wetland,сильно увлажненных,no_equality
48782,wetland,переувлажненных земель,no_equality
48783,wetland,водно-болотным угодьям,no_equality
48784,wetland,заболоченных угодий,no_equality
48785,readjusted,скорректированы,no_equality
48786,readjusted,скорректирована,no_equality
48787,readjusted,корректироваться,no_equality
48788,readjusted,скорректировал,no_equality
48789,readjusted,скорректировала,no_equality
48790,readjusted,корректировке,no_equality
48791,readjusted,корректировать,no_equality
48792,readjusted,был скорректирован,no_equality
48793,readjusted,пенсий пересматриваются,no_equality
48794,composer,композитор,compositeur
48795,composer,составитель,auteur
48796,composer,компоновщик,no_equality
48797,composer,композиторский,no_equality
48798,ducal,герцогский,no_equality
48799,sojourner,соджорнер трут,no_equality
48800,sojourner,соджурнера,no_equality
48801,sojourner,"для лиц, временно пребывающих",no_equality
48802,pens,ручки,stylo
48803,pens,ручки,marqueur
48804,pens,ручек,stylo
48805,pens,ручек,crayon
48806,pens,ручками,stylo
48807,pens,ручках,stylo
48808,pens,авторучек,no_equality
48809,pens,pens,no_equality
48810,pens,авторучки,no_equality
48811,pens,карандаши,no_equality
48812,rosaries,четки,chapelet
48813,rosaries,четки,rosaire
48814,rosaries,чётками,no_equality
48815,safeguarding,обеспечение,protection
48816,safeguarding,обеспечение,maintien
48817,safeguarding,обеспечение,garantie
48818,safeguarding,обеспечение,respect
48819,safeguarding,защита,protection
48820,safeguarding,защита,défense
48821,safeguarding,защита,sauvegarde
48822,safeguarding,охрана,protection
48823,safeguarding,охрана,préservation
48824,safeguarding,охрана,défense
48825,safeguarding,охрана,conservation
48826,safeguarding,охрана,préserver
48827,safeguarding,охрана,protéger
48828,safeguarding,сохранение,protection
48829,safeguarding,сохранение,préservation
48830,safeguarding,сохранение,maintien
48831,safeguarding,сохранение,conservation
48832,safeguarding,сохранение,sauvegarde
48833,safeguarding,сохранение,préservant
48834,safeguarding,защиты,protection
48835,safeguarding,защиты,préservation
48836,safeguarding,защиты,garantie
48837,safeguarding,защиты,défense
48838,safeguarding,защиты,sauvegarde
48839,safeguarding,защиты,sauvegarder
48840,safeguarding,защиты,préserver
48841,safeguarding,защиты,protéger
48842,safeguarding,защиты,garantir
48843,safeguarding,гарантирование,garantie
48844,safeguarding,гарантирование,garantir
48845,safeguarding,гарантия,garantie
48846,safeguarding,гарантия,garantir
48847,safeguarding,сохранность,préservation
48848,safeguarding,сохранность,conservation
48849,safeguarding,сохранность,sauvegarder
48850,safeguarding,сохранность,préserver
48851,safeguarding,сохранении,protection
48852,safeguarding,сохранении,préservation
48853,safeguarding,сохранении,maintien
48854,safeguarding,сохранении,conservation
48855,safeguarding,гарантировать,no_equality
48856,safeguarding,поддержания,préservation
48857,safeguarding,поддержания,maintien
48858,safeguarding,сохранить,no_equality
48859,safeguarding,соблюдения,respect
48860,safeguarding,защищать,no_equality
48861,safeguarding,защитить,no_equality
48862,croaked,сдох,no_equality
48863,croaked,грохнул,no_equality
48864,croaked,помер,no_equality
48865,croaked,скончалась,no_equality
48866,croaked,окочурилась,no_equality
48867,matey,приятель,petit
48868,matey,приятель,mon pote
48869,matey,приятель,ami
48870,matey,приятель,camarade
48871,matey,приятель,copain
48872,matey,приятель,mon gars
48873,matey,дружище,mon pote
48874,matey,дружище,ami
48875,matey,дружище,camarade
48876,matey,дружище,copain
48877,matey,дружище,mon gars
48878,matey,дружок,mon pote
48879,matey,дружок,ami
48880,matey,дружок,camarade
48881,matey,дружок,copain
48882,murdered,убиенный,no_equality
48883,murdered,умерщвленный,no_equality
48884,furnishings,мебель,mobilier
48885,furnishings,мебель,meuble
48886,furnishings,мебель,ameublement
48887,furnishings,обстановка,mobilier
48888,furnishings,предметы обстановки,objet
48889,furnishings,интерьером,no_equality
48890,furnishings,предметов обстановки,objet
48891,furnishings,отделки,no_equality
48892,furnishings,принадлежностей,accessoire
48893,furnishings,принадлежностей,fourniture
48894,laudanums,опий,no_equality
48895,laudanums,опиум,no_equality
48896,laudanums,настойка опия,no_equality
48897,laudanums,опиумной настойки,no_equality
48898,laudanums,лауданумом,no_equality
48899,laudanums,настойки опия,no_equality
48900,laudanums,настойку опия,no_equality
48901,laudanums,настойку опиума,no_equality
48902,laudanums,лауданум,no_equality
48903,scrutiny,изучение,examen
48904,scrutiny,изучение,analyse
48905,scrutiny,изучение,étude
48906,scrutiny,изучение,enquête
48907,scrutiny,испытующий взгляд,regard
48908,scrutiny,тщательное изучение,no_equality
48909,scrutiny,проверка,examen
48910,scrutiny,проверка,contrôle
48911,scrutiny,проверка,vérification
48912,scrutiny,рассмотрение,examen
48913,scrutiny,рассмотрение,étude
48914,scrutiny,рассмотрение,examiné
48915,scrutiny,тщательная проверка,no_equality
48916,scrutiny,тщательное рассмотрение,no_equality
48917,scrutiny,внимательный,no_equality
48918,eyelets,проушины,no_equality
48919,eyelets,проушинами,no_equality
48920,taxons,таксоны,no_equality
48921,taxons,таксонов,taxon
48922,deride,высмеивать,ridiculiser
48923,deride,насмехаться,me moquer
48924,sponges,губки,éponge
48925,sponges,губок,no_equality
48926,sponges,губками,no_equality
48927,sponges,тампонов,no_equality
48928,sponges,губках,no_equality
48929,sponges,губкам,no_equality
48930,boles,боулс,boles
48931,boles,боулз,boles
48932,panics,паникует,no_equality
48933,panics,панику,no_equality
48934,panics,паники,no_equality
48935,panics,запаниковал,no_equality
48936,panics,паника,panique
48937,panics,запаникует,panique
48938,panics,пугается,no_equality
48939,panics,в панике,no_equality
48940,panics,запаниковала,panique
48941,panics,паникуют,panique
48942,panics,паникёра,no_equality
48943,panics,запаниковали,no_equality
48944,mould,плесень,moisissure
48945,mould,плесень,moisi
48946,mould,форма,moule
48947,mould,слепок,no_equality
48948,mould,шаблон,no_equality
48949,mould,формовать,mouler
48950,mould,формовать,modeler
48951,mould,вылепить,no_equality
48952,mould,пресс-формы,no_equality
48953,mould,формировать,façonner
48954,mould,формировать,modeler
48955,mould,литейную форму,no_equality
48956,mould,пресс-форме,no_equality
48957,mould,стереотипы,no_equality
48958,mould,формируют,no_equality
48959,behinds,зад,cul
48960,behinds,задницы,fesse
48961,behinds,задницы,cul
48962,levels,уровнях,niveau
48963,levels,уровнях,taux
48964,levels,уровнях,concentration
48965,levels,уровнях,stade
48966,levels,уровнях,degré
48967,levels,уровнях,échelon
48968,levels,уровнях,plan
48969,levels,уровней,niveau
48970,levels,уровней,taux
48971,levels,уровней,concentration
48972,levels,уровней,degré
48973,levels,уровней,échelon
48974,levels,уровне,niveau
48975,levels,уровне,taux
48976,levels,уровне,stade
48977,levels,уровне,échelle
48978,levels,уровне,degré
48979,levels,уровне,échelon
48980,levels,уровне,plan
48981,levels,уровня,niveau
48982,levels,уровня,taux
48983,levels,уровня,stade
48984,levels,уровня,degré
48985,levels,уровня,échelon
48986,levels,уровни,niveau
48987,levels,уровни,taux
48988,levels,уровни,concentration
48989,levels,уровни,degré
48990,levels,уровень,niveau
48991,levels,уровень,taux
48992,levels,уровень,palier
48993,levels,уровень,degré
48994,levels,уровень,échelon
48995,levels,уровнями,niveau
48996,levels,уровнями,taux
48997,levels,уровнями,échelon
48998,levels,уровнем,niveau
48999,levels,уровнем,taux
49000,levels,уровнем,degré
49001,levels,уровням,niveau
49002,levels,уровням,taux
49003,levels,показатели,taux
49004,levels,ступенях,niveau
49005,levels,ступенях,échelon
49006,levels,ступеней,niveau
49007,levels,ступеней,palier
49008,levels,ступеней,étage
49009,levels,ступеней,échelon
49010,levels,концентрации,niveau
49011,levels,концентрации,concentration
49012,levels,концентрации,teneur
49013,levels,слоев,no_equality
49014,levels,этапах,niveau
49015,levels,этапах,stade
49016,propelled,движимый,no_equality
49017,propelled,двигатель,no_equality
49018,propelled,двигатель работает,no_equality
49019,propelled,выдвигалось,no_equality
49020,propelled,реактивные,no_equality
49021,propelled,гранатометов,no_equality
49022,propelled,ускорило,no_equality
49023,propelled,толкнули,no_equality
49024,propelled,реактивных,no_equality
49025,propelled,идущие,no_equality
49026,propelled,гранатометы,no_equality
49027,propelled,побудили,no_equality
49028,eruptive,извержения,no_equality
49029,Sorbonnes,сорбонна,no_equality
49030,Sorbonnes,сорбонны,no_equality
49031,Sorbonnes,сорбонну,no_equality
49032,Sorbonnes,sorbonne,no_equality
49033,Sorbonnes,сорбоннского,no_equality
49034,commutator,коммутатор,commutateur
49035,commutator,коммутатором,no_equality
49036,directors,директоров,directeur
49037,directors,директоров,administrateur
49038,directors,директоров,direction
49039,directors,директоров,dirigeant
49040,directors,директора,directeur
49041,directors,директора,administrateur
49042,directors,директора,chef
49043,directors,директорами,administrateur
49044,directors,директорами,directrice
49045,directors,руководителей,no_equality
49046,directors,директоры,directeur
49047,directors,директоры,administrateur
49048,directors,директорам,no_equality
49049,directors,руководители,directeur
49050,directors,руководители,direction
49051,directors,руководители,responsable
49052,directors,руководители,chef
49053,directors,руководителями,administrateur
49054,directors,руководителями,direction
49055,directors,руководителями,dirigeant
49056,directors,руководителями,responsable
49057,directors,руководителями,chef
49058,directors,управляющих,no_equality
49059,directors,режиссеры,réalisateur
49060,directors,режиссеров,réalisateur
49061,directors,режиссеров,metteurs en scène
49062,directors,руководителям,direction
49063,directors,начальники,directeur
49064,directors,начальники,chef
49065,directors,режиссерами,réalisateur
49066,directors,директорах,no_equality
49067,chopper,вертолет,hélico
49068,chopper,вертолет,hélicoptère
49069,chopper,вертушка,hélico
49070,chopper,вертушка,hélicoptère
49071,chopper,вертолетом,hélico
49072,chopper,вертолетом,hélicoptère
49073,chopper,чоппера,chopper
49074,chopper,чопер,no_equality
49075,subcontracting,субподряд,sous-traitance
49076,subcontracting,субподряд,sous-traiter
49077,subcontracting,субподрядных,sous-traitance
49078,subcontracting,выполнение работ по субподрядам,no_equality
49079,subcontracting,заключение субподрядного договора,no_equality
49080,subcontracting,субподрядные,sous-traitance
49081,subcontracting,субподрядным,no_equality
49082,subcontracting,субподрядчиков,sous-traitance
49083,subcontracting,субподрядчиками,no_equality
49084,subcontracting,субподрядная,sous-traitance
49085,subcontracting,субподрядными,no_equality
49086,subcontracting,субподрядной деятельности,no_equality
49087,subcontracting,субподрядах,no_equality
49088,subcontracting,субконтрактов,no_equality
49089,subcontracting,субподряде,sous-traitance
49090,gasification,газификация,gazéification
49091,gasification,газификацией,no_equality
49092,bulldoze,снести,raser
49093,bulldoze,сравнять,raser
49094,bulldoze,бульдозер,no_equality
49095,bulldoze,сравняйте,no_equality
49096,bulldoze,принуждать,no_equality
49097,anvils,наковальни,no_equality
49098,disparagement,умаление,no_equality
49099,disparagement,пренебрежение,mépris
49100,disparagement,унижение,no_equality
49101,disparagement,хула,no_equality
49102,disparagement,поношение,no_equality
49103,disparagement,Хуло,no_equality
49104,degrees,градусов,degré
49105,degrees,градусов,º
49106,degrees,градусов,ºc
49107,degrees,градусов,45º
49108,degrees,степени,degré
49109,degrees,степени,niveau
49110,degrees,градуса,degré
49111,degrees,градуса,ºc
49112,degrees,степень,degré
49113,degrees,степень,diplôme
49114,degrees,степень,niveau
49115,degrees,степень,grade
49116,degrees,степень,doctorat
49117,degrees,степенью,degré
49118,degrees,степенью,diplôme
49119,degrees,степенью,niveau
49120,degrees,степенью,doctorat
49121,degrees,степеней,diplôme
49122,degrees,степеней,grade
49123,degrees,степеней,doctorat
49124,degrees,градусах,degré
49125,degrees,дипломы,diplôme
49126,degrees,дипломов,diplôme
49127,degrees,образование,no_equality
49128,degrees,степенями,degré
49129,degrees,степенями,diplôme
49130,degrees,степенями,doctorat
49131,degrees,градусами,degré
49132,degrees,град,no_equality
49133,degrees,градус,degré
49134,degrees,образованием,étude
49135,Frisias,фризский,no_equality
49136,Frisias,фриз,frison
49137,Frisias,фризского,no_equality
49138,Frisias,фризском языке,no_equality
49139,Frisias,фризских,no_equality
49140,Frisias,фризские,no_equality
49141,importer,импортёр,no_equality
49142,importer,импортером,no_equality
49143,importer,импортера,importateur
49144,importer,импортеру,importateur
49145,importer,импортеров,importateur
49146,importer,импортере,no_equality
49147,importer,нетто-импортером,no_equality
49148,importer,импортерами,importateur
49149,importer,импортеры,importateur
49150,stylization,стилизация,no_equality
49151,spells,колдовской,no_equality
49152,Senegals,сенегал,no_equality
49153,Senegals,сенегала,no_equality
49154,Senegals,сенегале,no_equality
49155,Senegals,сенегалом,no_equality
49156,Senegals,сенегалу,no_equality
49157,Senegals,сенегальский,no_equality
49158,mongrels,дворняги,no_equality
49159,mongrels,полукровки,bâtard
49160,mongrels,дворняжек,no_equality
49161,mongrels,дворняжки,no_equality
49162,mongrels,полукровок,no_equality
49163,mongrels,дворняг,no_equality
49164,mongrels,ублюдки,bâtard
49165,mongrels,дворняжками,no_equality
49166,polemics,полемику,polémique
49167,polemics,полемики,polémique
49168,polemics,полемике,polémique
49169,polemics,полемика,polémique
49170,polemics,высказываниям,no_equality
49171,polemics,полемикой,no_equality
49172,aggregated,агрегированный,agrégation
49173,aggregated,совокупные,agrégé
49174,aggregated,совокупные,global
49175,aggregated,совокупные,cumulé
49176,aggregated,совокупные,total
49177,aggregated,совокупных,total
49178,aggregated,агрегированы,no_equality
49179,aggregated,агрегируются,no_equality
49180,aggregated,агрегирования,no_equality
49181,aggregated,совокупного,global
49182,aggregated,совокупного,cumulé
49183,aggregated,совокупного,total
49184,aggregated,сводных,no_equality
49185,aggregated,агрегировать,no_equality
49186,aggregated,совокупности,no_equality
49187,aggregated,сводные,no_equality
49188,aggregated,обобщенные,no_equality
49189,cords,связки,no_equality
49190,cords,шнуры,no_equality
49191,cords,шнуров,no_equality
49192,cords,проводов,no_equality
49193,cords,проводами,câble
49194,cords,стропы,no_equality
49195,cords,провода,câble
49196,criticize,критиковать,critiquer
49197,criticize,критики,critiquer
49198,criticize,осуждать,critiquer
49199,criticize,осуждать,dénoncer
49200,criticize,осуждать,blâmer
49201,criticize,осуждать,condamner
49202,criticize,покритиковать,critiquer
49203,criticize,раскритиковать,critiquer
49204,criticize,критику,no_equality
49205,criticize,критикой,critiquer
49206,criticize,подвергнуть критике,critiquer
49207,criticize,критика,no_equality
49208,alleles,аллели,allèle
49209,alleles,аллеля,no_equality
49210,alleles,общих аллелей,no_equality
49211,diffident,робкий,timide
49212,diffident,скрытный,no_equality
49213,diffident,недоверчивый,méfiant
49214,diffident,застенчивый,timide
49215,withdrawals,снятий,no_equality
49216,withdrawals,снятия,retrait
49217,withdrawals,снятия,retirer
49218,withdrawals,забор,no_equality
49219,withdrawals,отзыва,retrait
49220,withdrawals,забора,prélèvement
49221,withdrawals,снятие средств,retrait
49222,withdrawals,водозабора,no_equality
49223,withdrawals,выводе,retrait
49224,withdrawals,изъятие,retrait
49225,withdrawals,вывод сил,no_equality
49226,withdrawals,вывода войск,no_equality
49227,withdrawals,вывод войск,retrait
49228,withdrawals,изъятий,no_equality
49229,postilions,позиции,no_equality
49230,postilions,должности,no_equality
49231,postilions,должностей,no_equality
49232,postilions,должностях,no_equality
49233,postilions,позициях,no_equality
49234,postilions,посты,no_equality
49235,postilions,позицию,no_equality
49236,postilions,позициям,no_equality
49237,postilions,позициями,no_equality
49238,postilions,постах,no_equality
49239,postilions,должностям,no_equality
49240,postilions,постов,no_equality
49241,postilions,положение,no_equality
49242,postilions,сотрудников,no_equality
49243,postilions,положения,no_equality
49244,coles,коулс,coles
49245,coles,коулз,coles
49246,coles,коулов,no_equality
49247,coles,коулса,no_equality
49248,coles,колс,no_equality
49249,coles,коулы тоже,no_equality
49250,legislatorship,законодателей в,parlementaires dans
49251,legislatorship,законодатели в,no_equality
49252,legislatorship,законодателям в,no_equality
49253,legislatorship,законодательных органов в,no_equality
49254,legislatorship,законодательным органам в,no_equality
49255,sensitively,чувствительно,no_equality
49256,sensitively,деликатно,avec tact
49257,sensitively,чутко,avec tact
49258,sensitively,ощутимо,sensiblement
49259,nattiness,мерзость,saleté
49260,nattiness,злобность,no_equality
49261,evolutionists,эволюционисты,évolutionniste
49262,expire,истечь,arriver à échéance
49263,expire,истечь,venir à expiration
49264,expire,закончиться,prendre fin
49265,expire,закончиться,finir
49266,expire,выдыхать,expirer
49267,expire,скончаться,no_equality
49268,expire,терять силу,no_equality
49269,expire,устареть,no_equality
49270,expire,отойти,no_equality
49271,sperms,сперматозоидов,spermatozoïde
49272,sperms,сперму,sperme
49273,sperms,сперматозоиды,spermatozoïde
49274,sperms,сперматозоиды,sperme
49275,dogma,догма,dogme
49276,dogma,вероучение,no_equality
49277,dogma,догмами,no_equality
49278,dogma,догмам,no_equality
49279,dogma,догмат,no_equality
49280,pledges,обязательства,promesse
49281,pledges,обязательства,annonce
49282,pledges,обязательств,engagement
49283,pledges,обещания,promesse
49284,pledges,обещания,contributions annoncées
49285,pledges,обещания,annonce
49286,pledges,обещания,promis
49287,pledges,объявленных взносов,contributions annoncées
49288,pledges,объявленные взносы,contributions annoncées
49289,pledges,обязуется,promet
49290,pledges,обещаний,engagement
49291,pledges,обещаний,promesse
49292,pledges,обещаний,annonce
49293,pledges,обещаний,promis
49294,pledges,заявляет о,s'engage
49295,pledges,обещает,s'engage
49296,pledges,обещает,promet
49297,pledges,обязательствами,engagement
49298,pledges,обязательствах,engagement
49299,pledges,новички,bizut
49300,pledges,заверяет,s'engage
49301,pledges,заверения,no_equality
49302,pledges,объявленными взносами,no_equality
49303,tastelessly,безвкусный,no_equality
49304,tastelessly,невкусный,no_equality
49305,tastelessly,без вкуса,no_equality
49306,tastelessly,без цвета,no_equality
49307,tastelessly,запаха,no_equality
49308,tastelessly,бестактными,no_equality
49309,tastelessly,безвкусно,no_equality
49310,tastelessly,бестактно,no_equality
49311,packers,упаковщикам,no_equality
49312,packers,упаковщиков,emballeur
49313,packers,пакеры,no_equality
49314,packers,упаковщиками,no_equality
49315,packers,пэкерз,packers
49316,packers,пэкерс,no_equality
49317,packers,"""пакерс""",no_equality
49318,oversea,заокеанский,no_equality
49319,oversea,заморский,no_equality
49320,oversea,зарубежных,étranger
49321,superfluous,излишний,inutile
49322,superfluous,лишний,no_equality
49323,superfluous,избыточный,excédentaire
49324,superfluous,чрезмерный,excès
49325,superfluous,ненужным,superflu
49326,superfluous,ненужным,inutile
49327,superfluous,ненужным,pas nécessaire
49328,superfluous,излишне,no_equality
49329,eccentrics,эксцентриков,no_equality
49330,eccentrics,эксцентрики,no_equality
49331,eccentrics,эксцентриками,no_equality
49332,backings,подставок,no_equality
49333,analogist,аналогии,no_equality
49334,analogist,аналогиях,no_equality
49335,analogist,аналогиями,no_equality
49336,self-sufficient,самодостаточный,indépendant
49337,self-sufficient,самодостаточность,no_equality
49338,self-sufficient,самообеспечения,no_equality
49339,self-sufficient,самостоятельной,autonome
49340,self-sufficient,самостоятельной,indépendant
49341,self-sufficient,самостоятельной,autonomie
49342,self-sufficient,самостоятельной,indépendance
49343,self-sufficient,самостоятельного,autonome
49344,self-sufficient,самостоятельного,indépendant
49345,self-sufficient,экономически самостоятельными,autonome
49346,self-sufficient,экономически самостоятельными,indépendant
49347,self-sufficient,полностью обеспечивает себя,no_equality
49348,self-sufficient,самостоятелен,no_equality
49349,self-sufficient,добиться самообеспеченности,no_equality
49350,Pullmen,пуллмана,pullman
49351,Pullmen,пулмана,pullman
49352,Pullmen,отель pullman,no_equality
49353,Pullmen,поезде,no_equality
49354,Pullmen,пулман,pullman
49355,lobsters,лобстеров,homard
49356,lobsters,омаров,langouste
49357,lobsters,лобстеры,no_equality
49358,lobsters,омара,homard
49359,lobsters,омары,homard
49360,lobsters,омарами,no_equality
49361,lobsters,лобстера,homard
49362,lobsters,лобстерами,homard
49363,lobsters,лобстером,homard
49364,lobsters,лобстер,homard
49365,lobsters,лангустов,homard
49366,lobsters,лангустов,langouste
49367,reinforcement,укрепление,renforcement
49368,reinforcement,укрепление,consolidation
49369,reinforcement,укрепление,renforcé
49370,reinforcement,укрепление,renforcer
49371,reinforcement,укрепление,renforçant
49372,reinforcement,укрепление,consolider
49373,reinforcement,армирование,no_equality
49374,reinforcement,арматура,armature
49375,reinforcement,подкрепление,renfort
49376,reinforcement,подкрепление,appui
49377,reinforcement,пополнение,no_equality
49378,reinforcement,элемент жесткости,no_equality
49379,reinforcement,арматурный,no_equality
49380,reinforcement,подкрепляющий,no_equality
49381,unleashing,развязывание,déclenchement
49382,unleashing,высвобождение,libération
49383,unleashing,выпустив,no_equality
49384,unleashing,развязав,no_equality
49385,unleashing,раскрытия,no_equality
49386,unleashing,развязать,no_equality
49387,unleashing,раскрывающие,no_equality
49388,unleashing,высвобождая,no_equality
49389,unleashing,развязывая,no_equality
49390,unleashing,развязал,no_equality
49391,unleashing,полное раскрытие,no_equality
49392,unleashing,раскрытию,no_equality
49393,undervalued,недооценивается,sous-estimé
49394,undervalued,недооцененным,no_equality
49395,undervalued,недооцениваются,no_equality
49396,undervalued,занижен,sous-évalué
49397,undervalued,заниженного курса,no_equality
49398,undervalued,недооценен,no_equality
49399,undervalued,заниженные,no_equality
49400,undervalued,занижена,sous-estimé
49401,undervalued,недооцененные,no_equality
49402,undervalued,недооценка,no_equality
49403,undervalued,недооценивались,no_equality
49404,shelving,стеллаж,rayonnage
49405,shelving,стеллаж,étagère
49406,shelving,полок,étagère
49407,shelving,откладывание,no_equality
49408,shelving,стеллажах,no_equality
49409,shelving,передвижные полки,no_equality
49410,shelving,полки для,no_equality
49411,rehabilitate,восстановить,restaurer
49412,rehabilitate,восстановить,rétablir
49413,rehabilitate,восстановить,reconstruire
49414,rehabilitate,реабилитировать,réhabiliter
49415,rehabilitate,восстанавливать,rénover
49416,rehabilitate,восстанавливать,restaurer
49417,rehabilitate,восстанавливать,relever
49418,rehabilitate,восстанавливать,rétablir
49419,rehabilitate,восстанавливать,reconstruire
49420,rehabilitate,реабилитации,no_equality
49421,rehabilitate,восстановления,no_equality
49422,rehabilitate,восстановлению,no_equality
49423,rehabilitate,реабилитацию,no_equality
49424,rehabilitate,восстановлении,no_equality
49425,rehabilitate,реконструкции,no_equality
49426,rehabilitate,восстановление,no_equality
49427,rehabilitate,реабилитация,no_equality
49428,rehabilitate,перевоспитать,réhabiliter
49429,rehabilitate,ремонту,no_equality
49430,rehabilitate,реабилитацией,no_equality
49431,rehabilitate,ремонта,no_equality
49432,wideness,широта,largeur
49433,wideness,ширь,no_equality
49434,wideness,ширина,largeur
49435,shabby,убогий,miteux
49436,shabby,жалкий,minable
49437,shabby,жалкий,misérable
49438,shabby,жалкий,pauvre
49439,shabby,потрёпанный,no_equality
49440,shabby,потёртый,no_equality
49441,shabby,ветхий,no_equality
49442,shabby,уж плохо,no_equality
49443,shabby,потрепанной,no_equality
49444,shabby,потасканный,no_equality
49445,shabby,запущено,no_equality
49446,shabby,потрепанная,no_equality
49447,shabby,хило,no_equality
49448,shabby,избито,no_equality
49449,shabby,уж и плохо,no_equality
49450,interspersal,сменялись,no_equality
49451,interspersal,вперемешку,no_equality
49452,interspersal,перемежаться,no_equality
49453,pacers,"""пейсерс""",no_equality
49454,collectivized,коллективизированный,no_equality
49455,cartilages,хрящи,cartilage
49456,cartilages,хрящей,cartilage
49457,sensationalist,сенсационные,no_equality
49458,sensationalist,сенсационности,no_equality
49459,yapping,тявкать,japper
49460,yapping,тявкать,glapir
49461,yapping,болтать,jacasser
49462,yapping,болтать,bavardage
49463,yapping,болтать,bavasser
49464,yapping,тявканье,no_equality
49465,yapping,трепаться,no_equality
49466,yapping,настаивала,no_equality
49467,yapping,лаять,japper
49468,yapping,лаять,aboyer
49469,yapping,треплется,no_equality
49470,yapping,скулить,no_equality
49471,yapping,тявканья,no_equality
49472,yapping,тявкал,japper
49473,yapping,тявкал,glapir
49474,solicitor,адвокат,avocat
49475,solicitor,адвокат,procureur
49476,solicitor,адвокат,avoué
49477,solicitor,адвокат,juriste
49478,solicitor,солиситор,conseiller juridique
49479,solicitor,поверенный,avocat
49480,solicitor,поверенный,notaire
49481,solicitor,юрисконсульт,avocat
49482,solicitor,юрисконсульт,conseiller juridique
49483,solicitor,стряпчий,avoué
49484,solicitor,юрист,avocat
49485,solicitor,юрист,juriste
49486,capsulize,капсула,no_equality
49487,capsulize,капсюль,no_equality
49488,capsulize,оболочка,no_equality
49489,grieves,скорбит,pleure
49490,grieves,скорбит,fait son deuil
49491,grieves,огорчает,chagrine
49492,grieves,огорчает,attriste
49493,grieves,печалит,attriste
49494,grieves,грустит,tristesse
49495,grieves,гривс,grieves
49496,grieves,гривса,grieves
49497,grieves,горюет,no_equality
49498,grieves,гривсом,no_equality
49499,grieves,с прискорбием,no_equality
49500,detersive,определить,no_equality
49501,detersive,определять,no_equality
49502,detersive,установить,no_equality
49503,detersive,определяться,no_equality
49504,detersive,выяснить,no_equality
49505,detersive,устанавливать,no_equality
49506,detersive,зависеть,no_equality
49507,detersive,решать,no_equality
49508,detersive,решить,no_equality
49509,detersive,выявить,no_equality
49510,detersive,оценить,no_equality
49511,detersive,определиться,no_equality
49512,detersive,определении,no_equality
49513,detersive,определению,no_equality
49514,detersive,выяснения,no_equality
49515,abortionists,врачей,no_equality
49516,resells,перепродает,no_equality
49517,subconsciousness,подсознание,subconscient
49518,subconsciousness,подсознание,inconscient
49519,subconsciousness,подсознании,subconscient
49520,subconsciousness,подсознании,inconscient
49521,peers,сверстников,pair
49522,peers,сверстников,camarade
49523,peers,сверстников,autres jeunes
49524,peers,сверстников,âge
49525,peers,коллегами,pair
49526,peers,коллегами,homologue
49527,peers,коллегами,collègue
49528,peers,коллег,pair
49529,peers,коллег,homologue
49530,peers,коллег,collègue
49531,peers,коллег,confrère
49532,peers,сверстниками,autres jeunes
49533,peers,сверстниками,condisciple
49534,peers,сверстники,pair
49535,peers,сверстники,homologue
49536,peers,сверстники,camarade
49537,peers,коллеги,pair
49538,peers,коллеги,homologue
49539,peers,коллеги,collègue
49540,peers,коллеги,ami
49541,peers,ровесников,pair
49542,peers,сверстникам,pair
49543,peers,равных,pair
49544,peers,ровесники,pair
49545,peers,пэров,no_equality
49546,peers,присяжных,no_equality
49547,peers,коллегам,homologue
49548,peers,коллегам,collègue
49549,peers,пэры,no_equality
49550,peers,сверстниц,no_equality
49551,coincidences,совпадения,coïncidence
49552,coincidences,совпадений,no_equality
49553,coincidences,совпадение,coïncidence
49554,coincidences,случайностей,coïncidence
49555,coincidences,совпадениях,coïncidence
49556,fragility,хрупкость,fragilité
49557,fragility,неустойчивость,fragilité
49558,fragility,неустойчивость,précarité
49559,fragility,неустойчивость,instabilité
49560,fragility,нестабильность,fragilité
49561,fragility,нестабильность,précarité
49562,fragility,нестабильность,instabilité
49563,fragility,уязвимость,fragilité
49564,fragility,уязвимость,précarité
49565,fragility,уязвимость,vulnérabilité
49566,fragility,слабость,fragilité
49567,fragility,слабость,faiblesse
49568,fragility,непрочность,fragilité
49569,fragility,непрочность,précarité
49570,fragility,недолговечность,no_equality
49571,fragility,неустойчивый характер,fragilité
49572,fragility,неустойчивый характер,précarité
49573,fragility,неустойчивый характер,fragile
49574,fragility,неустойчивый характер,instabilité
49575,page,страница,page
49576,page,паж,no_equality
49577,page,стр.,no_equality
49578,page,полоса,no_equality
49579,page,страничный,no_equality
49580,laughing,смех,no_equality
49581,laughing,смеется,rire
49582,laughing,смеяться,no_equality
49583,laughing,смеются,rire
49584,laughing,смеешься,no_equality
49585,laughing,смеялись,no_equality
49586,laughing,смеюсь,rire
49587,laughing,смеялся,rire
49588,laughing,смеетесь,no_equality
49589,laughing,смешно,hilarant
49590,laughing,смешно,rigole
49591,laughing,смеялась,rire
49592,laughing,смеемся,no_equality
49593,laughing,смеясь,no_equality
49594,laughing,от смеха,hilarant
49595,laughing,ржешь,no_equality
49596,fussing,суетиться,no_equality
49597,fussing,суетятся,no_equality
49598,fussing,суета,no_equality
49599,fussing,трястись надо,no_equality
49600,fussing,суетись,no_equality
49601,fussing,бад-фюссингене,no_equality
49602,softener,смягчитель,adoucissant
49603,softener,для белья,no_equality
49604,fitters,монтажников,no_equality
49605,fitters,механиками,no_equality
49606,fitters,механикам,no_equality
49607,fitters,сервисные,no_equality
49608,fitters,сборщики изделий,no_equality
49609,flirted,флиртовала,a flirté
49610,flirted,флиртовала,flirtait
49611,flirted,флиртовала,flirter
49612,flirted,флиртовала,flirtais
49613,flirted,флиртовала,draguait
49614,flirted,флиртовала,draguais
49615,flirted,флиртовал,ai flirté
49616,flirted,флиртовал,flirtait
49617,flirted,флиртовал,flirter
49618,flirted,флиртовал,flirtais
49619,flirted,флиртовал,draguait
49620,flirted,флиртовал,a draguée
49621,flirted,флиртовали,a flirté
49622,flirted,флиртовали,flirter
49623,flirted,заигрывала,ai flirté
49624,flirted,заигрывала,flirtait
49625,flirted,заигрывала,a dragué
49626,flirted,заигрывала,draguais
49627,flirted,пофлиртовала,no_equality
49628,flirted,флиртую,no_equality
49629,flirted,флиртуешь,flirter
49630,flirted,флиртуешь,flirtais
49631,flirted,флиртуешь,flirtes
49632,flirted,флиртуешь,draguerais
49633,flirted,флиртуешь,draguais
49634,flirted,заигрывал,flirtait
49635,flirted,заигрывал,draguait
49636,flirted,пофлиртовал,no_equality
49637,flirted,стала флиртовать,flirter
49638,flirted,пофлиртовали,no_equality
49639,investiture,облачение,no_equality
49640,investiture,инвеститура,no_equality
49641,investiture,введение в должность,no_equality
49642,investiture,пожалование,no_equality
49643,tenderize,смягчать,no_equality
49644,fallible,подвержены ошибкам,no_equality
49645,fallible,совершают ошибки,no_equality
49646,fallible,ненадежная,faillible
49647,fallible,ошибаться,no_equality
49648,fallible,ошибаются,no_equality
49649,Malthuses,мальтуса,no_equality
49650,Malthuses,малтуса,no_equality
49651,Malthuses,малтус,no_equality
49652,anticipates,ожидает,prévoit
49653,anticipates,ожидает,compte
49654,anticipates,ожидает,espère
49655,anticipates,ожидает,escompte
49656,anticipates,ожидает,prévoyait
49657,anticipates,предполагает,prévoit
49658,anticipates,предполагает,envisage
49659,anticipates,рассчитывает,s'attend
49660,anticipates,рассчитывает,compte
49661,anticipates,рассчитывает,espère
49662,anticipates,рассчитывает,escompte
49663,anticipates,планирует,prévoit
49664,anticipates,планирует,envisage
49665,anticipates,планирует,compte
49666,anticipates,планирует,prévoyait
49667,anticipates,надеется,compte
49668,anticipates,надеется,espère
49669,anticipates,надеется,escompte
49670,anticipates,предусматривает,prévoit
49671,anticipates,предусматривает,envisage
49672,anticipates,предусматривает,prévoyait
49673,anticipates,полагает,estime
49674,anticipates,полагает,pense
49675,anticipates,полагает,espère
49676,anticipates,ожидается,no_equality
49677,anticipates,предвосхищает,anticipe
49678,anticipates,прогнозам,no_equality
49679,anticipates,ожидают,prévoient
49680,resolutions,резолюций,résolution
49681,resolutions,резолюций,décision
49682,resolutions,резолюций,texte
49683,resolutions,резолюций,adopté
49684,resolutions,резолюциях,résolution
49685,resolutions,резолюциями,résolution
49686,resolutions,резолюциям,résolution
49687,resolutions,постановлений,résolution
49688,resolutions,постановлений,décision
49689,resolutions,постановлений,règlement
49690,resolutions,постановлений,arrêté
49691,resolutions,постановлений,décret
49692,resolutions,решений,décision
49693,resolutions,решений,solution
49694,resolutions,решения,no_equality
49695,resolutions,постановления,résolution
49696,resolutions,постановления,décision
49697,resolutions,постановления,règlement
49698,resolutions,постановления,arrêté
49699,resolutions,постановления,décret
49700,resolutions,резолюцию,résolution
49701,resolutions,резолюцию,décision
49702,resolutions,резолюция,résolution
49703,resolutions,резолюция,décision
49704,resolutions,резолюция,texte
49705,resolutions,резолюция,motion
49706,resolutions,резолюцией,no_equality
49707,resolutions,урегулирования,règlement
49708,resolutions,решениями,décision
49709,resolutions,решениями,solution
49710,resolutions,решениям,décision
49711,resolutions,решениям,solution
49712,resolutions,постановлениями,no_equality
49713,pleading,мольбы,no_equality
49714,pleading,мольба,no_equality
49715,pleading,умолял,no_equality
49716,pleading,умоляет,no_equality
49717,pleading,умоляя,no_equality
49718,pleading,умолять,no_equality
49719,pleading,умоляла,no_equality
49720,pleading,состязательные документы,no_equality
49721,pleading,состязательной бумаги,no_equality
49722,pleading,умоляю,no_equality
49723,pleading,ссылаясь,no_equality
49724,pleading,признаю себя,no_equality
49725,perceive,воспринимать,no_equality
49726,perceive,рассматривать,considérer
49727,perceive,ощущать,percevoir
49728,perceive,ощущать,sentir
49729,perceive,считают,no_equality
49730,perceive,мнению,estiment que
49731,perceive,воспринять,no_equality
49732,perceive,усматривать,no_equality
49733,perceive,постичь,percevoir
49734,perceive,постичь,concevoir
49735,perceive,чувствовать,sentir
49736,perceive,осязать,no_equality
49737,perceive,видят,voient
49738,perceive,видят,pensent
49739,perceive,понимают,voient
49740,perceive,восприятия,percevoir
49741,perceive,осознают,no_equality
49742,perceive,представляют себе,no_equality
49743,disarmaments,разоружения,désarmement
49744,disarmaments,разоружению,no_equality
49745,warn,предупредить,prévenir
49746,warn,предупредить,avertir
49747,warn,предупредить,mettre en garde
49748,warn,предупредить,alerter
49749,warn,предупредить,informer
49750,warn,предупредить,dire
49751,warn,предупредить,avertissement
49752,warn,предупреждать,prévenir
49753,warn,предупреждать,avertir
49754,warn,предупреждать,alerter
49755,warn,предупреждать,signaler
49756,warn,предупреждать,aviser
49757,warn,предостеречь,prévenir
49758,warn,предостеречь,avertir
49759,warn,предостеречь,alerter
49760,warn,предостеречь,avertissement
49761,warn,предостеречь,mise en garde
49762,warn,предостерегать,avertir
49763,warn,предупреждения,no_equality
49764,warn,попросить,no_equality
49765,warn,извещать,avertir
49766,warn,извещать,informer
49767,warn,извещать,aviser
49768,identification,идентификация,identification
49769,identification,идентификация,identité
49770,identification,идентификация,repérage
49771,identification,идентификация,identifier
49772,identification,определение,identification
49773,identification,определение,détermination
49774,identification,определение,recensement
49775,identification,определение,définition
49776,identification,распознавание,no_equality
49777,identification,установление личности,identification
49778,identification,установление личности,identité
49779,identification,маркировка,repérage
49780,identification,идентификатор,no_equality
49781,identification,идентификация личности,identification
49782,identification,идентификация личности,identité
49783,identification,выяснение,no_equality
49784,identification,идентификационный,no_equality
49785,identification,идентифицирующий,identifiant
49786,manoeuvred,маневры,manœuvres
49787,manoeuvred,маневрирование,no_equality
49788,manoeuvred,маневрировал,no_equality
49789,thirstily,жадно,avidement
49790,mooching,нахлебница,no_equality
49791,aluminise,алюминизировать,no_equality
49792,exhorted,призывает,no_equality
49793,exhorted,призвал,exhortant
49794,exhorted,настоятельно призвали,a exhorté
49795,exhorted,настоятельно призвали,exhortent
49796,exhorted,призывали,no_equality
49797,exhorted,призывала,exhortait
49798,exhorted,призывала,exhortant
49799,exhorted,содержится призыв,no_equality
49800,exhorted,призывал,a exhorté
49801,fainted,упала в обморок,s'est évanouie
49802,fainted,упала в обморок,me suis évanouie
49803,fainted,упала в обморок,m'évanouir
49804,fainted,упала в обморок,s'évanouit
49805,fainted,упала в обморок,s'évanouir
49806,fainted,упала в обморок,évanouissement
49807,fainted,упал в обморок,s'est évanoui
49808,fainted,упал в обморок,s'évanouit
49809,fainted,упал в обморок,me suis évanoui
49810,fainted,упал в обморок,êtes évanouie
49811,fainted,упал в обморок,s'évanouir
49812,fainted,потерял сознание,s'évanouir
49813,fainted,потеряла сознание,s'est évanouie
49814,fainted,потеряла сознание,me suis évanouie
49815,fainted,потеряла сознание,s'évanouir
49816,fainted,потеряла сознание,a perdu connaissance
49817,fainted,упали в обморок,êtes évanouie
49818,fainted,отключилась,no_equality
49819,fainted,стало плохо,no_equality
49820,fainted,голова закружилась,no_equality
49821,fainted,ослаб,no_equality
49822,fainted,лишилась чувств,no_equality
49823,fainted,уйдешь,no_equality
49824,fainted,обмороком,no_equality
49825,fainted,лишился чувств,no_equality
49826,fainted,в обмороке,s'est évanouie
49827,fainted,в обмороке,s'est évanoui
49828,fainted,в обмороке,s'évanouir
49829,fainted,потеряли сознание,no_equality
49830,operatives,оперативников,agent
49831,operatives,оперативники,agent
49832,operatives,боевиков,activiste
49833,operatives,боевиков,militant
49834,operatives,агентов,agent
49835,operatives,агентов,espion
49836,operatives,боевики,militant
49837,operatives,агенты,agent
49838,operatives,агенты,espion
49839,operatives,оперативниками,no_equality
49840,operatives,оперативника,agent
49841,operatives,агентами,agent
49842,operatives,оперативникам,no_equality
49843,operatives,боевиками,activiste
49844,operatives,боевиками,militant
49845,operatives,оперативных работников,no_equality
49846,operatives,боевикам,no_equality
49847,operatives,аль-каиды,al-qaida
49848,genial,радушный,cordiale
49849,genial,приветливый,no_equality
49850,genial,дружелюбный,sympathique
49851,electrolytes,электролиты,électrolyte
49852,electrolytes,электролитов,électrolytique
49853,electrolytes,электролитами,électrolyte
49854,electrolytes,электролитах,no_equality
49855,walnuts,грецкие орехи,noix
49856,walnuts,грецких орехов,cerneau
49857,walnuts,грецкими орехами,noix
49858,walnuts,грецким орехам,no_equality
49859,walnuts,грецких орехах,noix
49860,walnuts,грецких орехах,cerneau
49861,walnuts,грецкий орех,noix
49862,walnuts,грецкий орех,noyer
49863,populating,заселение,peuplement
49864,populating,наполнения,no_equality
49865,populating,заселить,no_equality
49866,populating,заполнении,remplir
49867,populating,заполнении,remplissage
49868,populating,населяя,no_equality
49869,populating,пополнение,no_equality
49870,soloist,солист,no_equality
49871,soloist,сольный,solo
49872,soloist,солирующий,no_equality
49873,chance,шанс,chance
49874,chance,шанс,occasion
49875,chance,шанс,possibilité
49876,chance,шанс,risque
49877,chance,шанс,opportunité
49878,chance,шанс,possible
49879,chance,возможность,chance
49880,chance,возможность,occasion
49881,chance,возможность,hasard
49882,chance,возможность,possibilité
49883,chance,возможность,risque
49884,chance,возможность,opportunité
49885,chance,возможность,possible
49886,chance,возможности,chance
49887,chance,возможности,occasion
49888,chance,возможности,possibilité
49889,chance,возможности,opportunité
49890,chance,возможности,possible
49891,chance,шансы,no_equality
49892,chance,вероятность,chance
49893,chance,вероятность,possibilité
49894,chance,вероятность,risque
49895,chance,вероятность,probabilité
49896,chance,случай,occasion
49897,chance,случай,hasard
49898,chance,случайность,hasard
49899,chance,надежда,chance
49900,chance,рисковать,no_equality
49901,chance,получится,pouvoir
49902,chance,удача,chance
49903,chance,смогу,no_equality
49904,chance,ченс,chance
49905,chance,рассчитывать,no_equality
49906,chance,повод,occasion
49907,dynamicss,динамика,dynamique
49908,dynamicss,динамика,évolution
49909,dynamicss,динамика,dynamisme
49910,dynamicss,динамики,dynamique
49911,dynamicss,динамики,évolution
49912,dynamicss,динамику,dynamique
49913,dynamicss,динамику,évolution
49914,dynamicss,динамике,évolution
49915,dynamicss,динамикой,dynamique
49916,dynamicss,динамикой,évolution
49917,dynamicss,тенденции,dynamique
49918,dynamicss,тенденции,évolution
49919,dynamicss,dynamics,no_equality
49920,dynamicss,дайнемикс,dynamics
49921,dynamicss,факторов,no_equality
49922,dynamicss,динамик,no_equality
49923,dynamicss,процессов,no_equality
49924,dynamicss,изменений,évolution
49925,dynamicss,движущие силы,no_equality
49926,dynamicss,процессы,no_equality
49927,dynamicss,динамикс,dynamics
49928,convention,конвенция,convention
49929,convention,конвенция,instrument
49930,convention,собрание,convention
49931,convention,собрание,assemblée
49932,convention,собрание,rencontre
49933,convention,конференция,convention
49934,convention,конференция,congrès
49935,convention,конференция,celle-ci
49936,convention,конференция,conférence
49937,convention,съезд,convention
49938,convention,съезд,congrès
49939,convention,договор,convention
49940,convention,договор,instrument
49941,convention,договор,accord
49942,convention,договор,ratification
49943,convention,соглашение,convention
49944,convention,конвенции,convention
49945,convention,конвенции,celle-ci
49946,convention,конвенции,ratification
49947,convention,конвенцию,convention
49948,convention,конвенцию,instrument
49949,convention,конвенцию,ratifiée
49950,convention,конвенцией,convention
49951,convention,клдж,convention
49952,convention,соглашения,convention
49953,convention,соглашения,instrument
49954,convention,соглашения,pacte
49955,convention,условность,convention
49956,convention,обычай,no_equality
49957,dumbasses,тупицы,crétin
49958,dumbasses,тупицы,idiot
49959,dumbasses,тупицы,abruti
49960,dumbasses,дебилов,crétin
49961,dumbasses,дебилов,idiot
49962,autumnal,осенний,d'automne
49963,autumnal,день осеннего,no_equality
49964,anions,анионов,anion
49965,anions,анионов,polyatomiques
49966,anions,анионы,no_equality
49967,anions,анионами,no_equality
49968,incision,разрез,incision
49969,incision,разрез,inciser
49970,incision,разрез,entaille
49971,incision,надрез,no_equality
49972,incision,шов,no_equality
49973,incision,пореза,no_equality
49974,lubricate,смазывать,huiler
49975,lubricate,мазать,no_equality
49976,spearheading,возглавляет,dirige
49977,spearheading,инициатором,no_equality
49978,spearheading,возглавляя,no_equality
49979,spearheading,координирует,no_equality
49980,spearheading,возглавляла,no_equality
49981,spearheading,возглавляющие,dirigent
49982,spearheading,деле руководства,no_equality
49983,spearheading,форсировании,no_equality
49984,spearheading,возглавить,no_equality
49985,spearheading,инициировании,no_equality
49986,spearheading,возглавляем,no_equality
49987,spearheading,играет ведущую роль,dirige
49988,spearheading,возглавляю,dirige
49989,spearheading,выступив,no_equality
49990,spearheading,юнаидс,no_equality
49991,oppositions,оппозиции,opposition
49992,oppositions,оппозицией,opposition
49993,oppositions,оппозиция,opposition
49994,oppositions,несогласия,no_equality
49995,oppositions,несогласие,opposition
49996,slovenly,неряшливый,no_equality
49997,slovenly,грязный,no_equality
49998,slovenly,безалаберный,no_equality
49999,slovenly,небрежный,no_equality
50000,slovenly,неаккуратный,no_equality
50001,slovenly,неопрятный,no_equality
50002,probation,испытательный срок,sursis
50003,probation,испытательный срок,période d'essai
50004,probation,пробации,probation
50005,probation,пробации,liberté surveillée
50006,probation,испытательном сроке,liberté surveillée
50007,probation,испытательном сроке,période d'essai
50008,probation,испытательного срока,liberté conditionnelle
50009,probation,испытательного срока,période d'essai
50010,probation,условный срок,probation
50011,probation,условный срок,liberté conditionnelle
50012,probation,испытательным сроком,période d'essai
50013,probation,условно-досрочного освобождения,probation
50014,probation,условно-досрочного освобождения,liberté surveillée
50015,probation,условно-досрочного освобождения,liberté conditionnelle
50016,probation,условно-досрочного освобождения,libération conditionnelle
50017,probation,условное освобождение,liberté conditionnelle
50018,probation,условное освобождение,libération conditionnelle
50019,probation,пробация,no_equality
50020,probation,условное осуждение,probation
50021,probation,условное осуждение,sursis
50022,probation,условное наказание,no_equality
50023,probation,стажировка,stage
50024,probation,поруки,liberté conditionnelle
50025,probation,пробацию,no_equality
50026,probation,условного осуждения,no_equality
50027,probation,удо,liberté conditionnelle
50028,probation,удо,libération conditionnelle
50029,breezy,ветреный,venteux
50030,breezy,прохладный,frai
50031,breezy,беззаботный,no_equality
50032,swampy,болотистый,no_equality
50033,swampy,вязкий,no_equality
50034,secretiveness,скрытность,dissimulation
50035,stacking,штабелирование,gerbage
50036,stacking,укладки,no_equality
50037,stacking,складирования,stockage
50038,stacking,штабеля,pile
50039,stacking,выкладывать,no_equality
50040,stacking,укладывает,no_equality
50041,stacking,расставлять,no_equality
50042,stacking,штабелем,no_equality
50043,stacking,при штабелировании,no_equality
50044,stacking,сортировать компакт-диски,no_equality
50045,stacking,штабелированию,no_equality
50046,stacking,суммирование,no_equality
50047,entomologists,энтомологи,no_equality
50048,entomologists,энтомологов,no_equality
50049,taints,подрывает доверие к,no_equality
50050,taints,испортит,no_equality
50051,taints,портит,no_equality
50052,taints,заражает администрацию,no_equality
50053,grouting,на бетонные работы,no_equality
50054,frees,освобождает,libère
50055,frees,освобождает,libérer
50056,frees,освобождает,dégage
50057,frees,освободит,libère
50058,frees,освободит,libérera
50059,frees,освобождающий,no_equality
50060,frees,освобождающая,no_equality
50061,frees,отпустит,libère
50062,frees,отпустит,libérer
50063,frees,отпустит,libérera
50064,frees,освобождая,libérer
50065,frees,высвобождает,libère
50066,frees,высвободит,libérera
50067,frees,освободился,no_equality
50068,frees,освобождается,no_equality
50069,frees,фрис,no_equality
50070,Esqs,эбт,no_equality
50071,Esqs,экологически безопасных технологий,no_equality
50072,Esqs,эчт,no_equality
50073,Esqs,эт,no_equality
50074,Esqs,рспп,no_equality
50075,browned,пассерованный,no_equality
50076,masculine,мужской,masculin
50077,masculine,мужской,viril
50078,masculine,мужской,mâle
50079,masculine,мужественный,masculin
50080,masculine,мужественный,viril
50081,masculine,мужского рода,masculin
50082,masculine,мужеподобной,no_equality
50083,masculine,мужчин,no_equality
50084,masculine,мужском роде,no_equality
50085,disciples,учеников,disciple
50086,disciples,ученики,disciple
50087,disciples,учениками,no_equality
50088,disciples,последователей,disciple
50089,disciples,последователей,adepte
50090,disciples,ученикам,no_equality
50091,disciples,апостолы,disciple
50092,disciples,апостолов,disciple
50093,disciples,апостолам,apôtre
50094,disciples,почитателей,no_equality
50095,disciples,последователи,no_equality
50096,polygamy,полигамия,polygamie
50097,polygamy,многоженство,polygamie
50098,polygamy,многобрачие,polygamie
50099,polygamy,полигамные браки,polygamie
50100,polygamy,полигамных браков,polygamie
50101,polygamy,многоженстве,no_equality
50102,polygamy,полигамный брак,polygamie
50103,polygamy,полигамные отношения,polygamie
50104,polygamy,многоженству,no_equality
50105,polygamy,полигамным,no_equality
50106,polygamy,полигамных браках,polygamie
50107,refunded,возвращены,restitué
50108,refunded,возмещена,no_equality
50109,refunded,возмещены,remboursé
50110,refunded,возвращена,remboursé
50111,refunded,возвращена,restitué
50112,refunded,возвращена,reversé
50113,refunded,возмещается,no_equality
50114,refunded,возвращен,remboursé
50115,refunded,возвращен,restitué
50116,refunded,возмещаются,remboursable
50117,refunded,возмещаются,remboursement
50118,refunded,возмещались,no_equality
50119,refunded,возмещенные,no_equality
50120,refunded,компенсируется,no_equality
50121,refunded,возместило,no_equality
50122,refunded,возмещен,no_equality
50123,refunded,возврату,no_equality
50124,refunded,возвращено,restitué
50125,refunded,вернула,no_equality
50126,epithelium,эпителий,épithélium
50127,epithelium,удален ли,no_equality
50128,emissaries,эмиссаров,émissaire
50129,emissaries,эмиссары,émissaire
50130,emissaries,эмиссарами,no_equality
50131,emissaries,посланников,émissaire
50132,emissaries,посланцев,émissaire
50133,emissaries,посланники,émissaire
50134,emissaries,гонцов,no_equality
50135,emissaries,посланниками,émissaire
50136,emissaries,эмиссарам,émissaire
50137,synesthetic,синестетический,no_equality
50138,herdsmen,пастухов,berger
50139,herdsmen,пастухов,éleveur
50140,herdsmen,пастухов,pasteur
50141,herdsmen,скотоводов,berger
50142,herdsmen,скотоводов,éleveur
50143,herdsmen,скотоводов,pasteur
50144,herdsmen,скотоводов,bouvier
50145,herdsmen,пастухи,berger
50146,herdsmen,пастухи,éleveur
50147,herdsmen,пастухами,berger
50148,herdsmen,пастухами,pasteur
50149,herdsmen,пастухами,pâtre
50150,herdsmen,оленеводов,no_equality
50151,herdsmen,оленеводы,éleveur
50152,herdsmen,скотоводы,éleveur
50153,interdicts,запретов,interdiction
50154,showy,яркий,no_equality
50155,showy,показной,no_equality
50156,showy,эффектный,spectaculaire
50157,showy,на показ,no_equality
50158,showy,показушно,no_equality
50159,showy,эффектно,spectaculaire
50160,manages,управляет,gère
50161,manages,управляет,dirige
50162,manages,управляет,administre
50163,manages,управляет,gèrent
50164,manages,руководит,gère
50165,manages,руководит,dirige
50166,manages,руководит,administre
50167,manages,руководит,assure
50168,manages,руководит,responsable
50169,manages,удается,réussit
50170,manages,осуществляет управление,gère
50171,manages,осуществляет управление,administre
50172,manages,занимается,gère
50173,manages,занимается,assure
50174,manages,занимается,s'occupe
50175,manages,ведет,gère
50176,manages,ведет,dirige
50177,manages,распоряжается,gère
50178,manages,распоряжается,administre
50179,manages,регулирует,no_equality
50180,manages,осуществляет руководство,gère
50181,manages,осуществляет руководство,dirige
50182,manages,осуществляет руководство,administre
50183,manages,обеспечивает управление,administre
50184,manages,умудряется,no_equality
50185,manages,организует,assure
50186,manages,ведает,gère
50187,manages,ведает,administre
50188,manages,заведует,gère
50189,manages,заведует,dirige
50190,manages,заведует,s'occupe
50191,manages,контролирует,gère
50192,manages,контролирует,dirige
50193,surgeries,операции,chirurgie
50194,surgeries,операции,opération
50195,surgeries,операциях,chirurgie
50196,surgeries,операциях,opération
50197,surgeries,хирургических операций,chirurgie
50198,surgeries,хирургических операций,interventions chirurgicales
50199,surgeries,операциями,opération
50200,surgeries,операцию,chirurgie
50201,surgeries,операцию,opération
50202,surgeries,операцию,opérer
50203,surgeries,кабинетов,no_equality
50204,surgeries,кабинетами,no_equality
50205,surgeries,амбулаторий,dispensaire
50206,surgeries,хирургических отделений,chirurgie
50207,surgeries,хирургии,chirurgie
50208,surgeries,хирургии,opération
50209,hammocks,гамаки,no_equality
50210,hammocks,гамаках,no_equality
50211,restructured,измененной структурой,restructuré
50212,restructured,реструктуризации,no_equality
50213,restructured,изменена,no_equality
50214,restructured,реорганизован,restructuré
50215,restructured,реорганизован,réorganisé
50216,restructured,реорганизована,restructuré
50217,restructured,реорганизована,réorganisé
50218,restructured,реорганизованного,restructuration
50219,restructured,реорганизованной,réorganisation
50220,restructured,реорганизованы,réorganisé
50221,restructured,реорганизации,no_equality
50222,restructured,реорганизовать,no_equality
50223,restructured,перестроить,no_equality
50224,restructured,реструктурирован,restructuré
50225,restructured,реструктурированы,no_equality
50226,restructured,реорганизовано,restructuré
50227,restructured,реорганизовано,réorganisé
50228,restructured,перестроен,restructuré
50229,pustules,пустулы,no_equality
50230,pustules,пустул,no_equality
50231,pustules,пустулами,no_equality
50232,pustules,гнойнички,no_equality
50233,spawned,породил,a engendré
50234,spawned,породил,a donné lieu
50235,spawned,породил,a donné naissance
50236,spawned,породили,no_equality
50237,spawned,породило,a engendré
50238,spawned,породило,a donné naissance
50239,spawned,порожденные,no_equality
50240,spawned,порождаемой,no_equality
50241,spawned,родились,no_equality
50242,spawned,порожденных,no_equality
50243,spawned,породила,no_equality
50244,spawned,к возникновению,no_equality
50245,spawned,к появлению,no_equality
50246,spawned,положил начало,no_equality
50247,spawned,обусловил,no_equality
50248,improperly,неправильно,mal
50249,improperly,неправильно,indûment
50250,improperly,неправильно,incorrectement
50251,improperly,неправильно,improprement
50252,improperly,неправильно,correctement
50253,improperly,ненадлежащим образом,indûment
50254,improperly,ненадлежащим образом,abusivement
50255,improperly,ненадлежащим образом,manière abusive
50256,improperly,неправомерно,indûment
50257,improperly,неправомерно,injustement
50258,improperly,незаконно,irrégulièrement
50259,improperly,незаконно,abusivement
50260,improperly,незаконно,injustement
50261,improperly,незаконно,illégalement
50262,improperly,безосновательно,indûment
50263,improperly,неподобающе,manière inappropriée
50264,improperly,необоснованно,no_equality
50265,improperly,неподобающим образом,façon inappropriée
50266,improperly,неправомерным образом,no_equality
50267,improperly,не должным образом,correctement
50268,improperly,ненадлежащей,no_equality
50269,improperly,ненадлежащего,no_equality
50270,drunkenly,по пьяни,no_equality
50271,drunkenly,пьяным,no_equality
50272,intervenor,посредника,no_equality
50273,jousts,турниры,joute
50274,unobtrusively,ненавязчиво,no_equality
50275,Genoa,Генуя,gêne
50276,Genoa,Генуя,genoa
50277,Genoa,генуэзский,no_equality
50278,rhinestones,стразами,strass
50279,rhinestones,стразами,faux diamants
50280,rhinestones,стразы,strass
50281,spat,плюнул,cracher
50282,spat,ссора,dispute
50283,spat,ссора,querelle
50284,spat,размолвка,dispute
50285,spat,размолвка,prise de bec
50286,spat,размолвка,querelle
50287,spat,перебранка,no_equality
50288,spat,плевали,no_equality
50289,spat,плюнула,cracher
50290,spat,плюнули,no_equality
50291,spat,повздорили,no_equality
50292,spat,выплюнул,cracher
50293,spat,выплюнула,no_equality
50294,spat,наплевали,no_equality
50295,spat,выплюнули,no_equality
50296,garrisons,гарнизонов,garnison
50297,garrisons,гарнизоны,garnison
50298,garrisons,гарнизонах,no_equality
50299,garrisons,гарнизона,no_equality
50300,garrisons,гарнизонами,no_equality
50301,inflaming,разжигание,no_equality
50302,inflaming,разжигая,no_equality
50303,inflaming,подогревая,no_equality
50304,inflaming,обостряя,no_equality
50305,inflaming,обостряют,no_equality
50306,inflaming,воспламенение,no_equality
50307,admiration,восхищение,admiration
50308,admiration,восхищение,admire
50309,admiration,восхищение,admirable
50310,admiration,восторг,admirer
50311,admiration,восхищаюсь,admire
50312,admiration,восхищены,admirons
50313,admiration,обожания,no_equality
50314,admiration,уважение,hommage
50315,admiration,признательность,no_equality
50316,indorsements,одобрение,no_equality
50317,indorsements,рекламные компании,no_equality
50318,indorsements,рекламные контракты,no_equality
50319,indorsements,рекламу,no_equality
50320,indorsements,дипломов,no_equality
50321,indorsements,индоссаментов,no_equality
50322,indorsements,знаменитостей,no_equality
50323,indorsements,индоссаментами,no_equality
50324,indorsements,случаев одобрения рекомендаций,no_equality
50325,indorsements,индоссаменты,no_equality
50326,beguiler,обмануть,no_equality
50327,beguiler,развлекать,no_equality
50328,beguiler,очаровывать,no_equality
50329,beguiler,развлечь,no_equality
50330,wrong,не так,mauvais
50331,wrong,не так,faux
50332,wrong,неправильный,mauvais
50333,wrong,неправильный,faux
50334,wrong,неправильный,incorrect
50335,wrong,плохой,mauvais
50336,wrong,плохой,méchant
50337,wrong,неверный,mauvais
50338,wrong,неверный,faux
50339,wrong,неверный,erroné
50340,wrong,неверный,incorrect
50341,wrong,ошибочный,erroné
50342,wrong,ошибаться,no_equality
50343,wrong,ошибиться,no_equality
50344,wrong,неправильно,mauvais
50345,wrong,неправильно,faux
50346,wrong,неправильно,trompé
50347,wrong,неправильно,erroné
50348,wrong,неправильно,incorrect
50349,wrong,неправильно,mal
50350,wrong,плохо,mal
50351,wrong,неверно,faux
50352,wrong,неверно,mal
50353,wrong,правильно,mal
50354,wrong,ошибка,tort
50355,wrong,ошибка,erreur
50356,wrong,той,no_equality
50357,wrong,не прав,trompé
50358,wrong,неправ,no_equality
50359,wrong,не того,mauvais
50360,wrong,не того,trompé
50361,wrong,несправедливость,no_equality
50362,wrong,правонарушение,no_equality
50363,flouts,попирает,bafoue
50364,flouts,попирает,fait fi
50365,flouts,попирает,foule aux pieds
50366,flouts,пренебрегает,fait fi
50367,flouts,открыто игнорирует,no_equality
50368,insinuating,намекаете,insinuez
50369,insinuating,намекаете,insinuez-vous
50370,insinuating,намекаешь,insinue
50371,insinuating,намекаешь,insinuez-vous
50372,insinuating,намекает,insinue
50373,insinuating,намекаю,insinue
50374,insinuating,намёки,no_equality
50375,insinuating,клоните,insinuez
50376,insinuating,апеллируешь,no_equality
50377,visualisation,визуализация,no_equality
50378,visualisation,изображение,no_equality
50379,visualisation,представление,no_equality
50380,costliness,дороговизна,coût élevé
50381,justifiable,оправданный,justifié
50382,justifiable,оправдано,no_equality
50383,justifiable,обоснованным,justifié
50384,justifiable,обоснованным,valable
50385,justifiable,обоснованным,fondé
50386,justifiable,обоснованных,légitime
50387,justifiable,обоснованных,fondé
50388,justifiable,обоснованными,justifié
50389,justifiable,обоснованными,légitime
50390,justifiable,обоснованными,fondé
50391,justifiable,обоснованные,légitime
50392,justifiable,обоснованные,fondé
50393,justifiable,обоснованной,justifiable
50394,justifiable,обоснованной,justifié
50395,justifiable,обоснованной,légitime
50396,justifiable,обоснованной,fondé
50397,justifiable,оправданы,no_equality
50398,justifiable,обоснованную,légitime
50399,justifiable,оправданно,justifiable
50400,justifiable,оправданно,justifié
50401,justifiable,оправданно,justifient
50402,justifiable,оправданно,juste titre
50403,justifiable,оправданно,se justifie
50404,silices,куска,no_equality
50405,silices,ломтиков,no_equality
50406,silices,кусочки,no_equality
50407,silices,кусков,no_equality
50408,silices,ломтики,no_equality
50409,silices,кусочков,no_equality
50410,silices,кусочка,no_equality
50411,silices,дольки,no_equality
50412,silices,срезы,no_equality
50413,silices,ломтиками,no_equality
50414,silices,кусками,no_equality
50415,silices,кружков,no_equality
50416,silices,кусочками,no_equality
50417,silices,куски,no_equality
50418,suffixation,удушение,no_equality
50419,suffixation,удушье,no_equality
50420,suffixation,асфиксия,no_equality
50421,suffixation,от удушья,no_equality
50422,suffixation,удушью,no_equality
50423,suffixation,задохнуться,no_equality
50424,suffixation,задушена,no_equality
50425,chaperones,сопровождающих,chaperon
50426,chaperones,сопровождающих,accompagnateur
50427,chaperones,сопровождающие,chaperon
50428,chaperones,наставники,no_equality
50429,chaperones,сопровождения,chaperon
50430,chaperones,помощники,no_equality
50431,fundamental,основной,fondamental
50432,fundamental,основной,essentiel
50433,fundamental,основной,principal
50434,fundamental,основополагающий,fondamental
50435,fundamental,фундаментальный,fondamental
50436,fundamental,коренной,no_equality
50437,fundamental,важнейший,fondamental
50438,fundamental,важнейший,essentiel
50439,fundamental,важнейший,décisive
50440,fundamental,основное,base
50441,fundamental,решающее значение,no_equality
50442,fundamental,главных,fondamental
50443,fundamental,главных,essentiel
50444,fundamental,главных,principal
50445,fundamental,основой,base
50446,fundamental,основой,fondement
50447,fundamental,главной,fondamental
50448,fundamental,главной,essentiel
50449,fundamental,главной,principal
50450,fundamental,существенное,no_equality
50451,fundamental,существенным,essentiel
50452,fundamental,главным,fondamental
50453,fundamental,главным,principal
50454,fundamental,принципиальных,no_equality
50455,fundamental,существенного,no_equality
50456,daunting,сложной,redoutable
50457,daunting,сложной,difficile
50458,daunting,серьезные,no_equality
50459,daunting,серьезными,no_equality
50460,daunting,огромными,énorme
50461,daunting,огромными,gigantesque
50462,daunting,сложных,difficile
50463,daunting,серьезных,no_equality
50464,daunting,трудной,redoutable
50465,daunting,трудной,difficile
50466,daunting,трудной,ardu
50467,daunting,серьезной,redoutable
50468,daunting,огромны,no_equality
50469,daunting,сложные,difficile
50470,daunting,сложными,no_equality
50471,daunting,огромных,énorme
50472,daunting,огромных,considérable
50473,daunting,огромных,immense
50474,daunting,грандиозной,énorme
50475,daunting,грандиозной,immense
50476,daunting,сложнейшие,no_equality
50477,daunting,колоссальными,no_equality
50478,murals,фрески,peintures murales
50479,murals,фрески,fresque
50480,murals,фресок,no_equality
50481,murals,фресках,fresque
50482,murals,настенные,no_equality
50483,murals,муралей,no_equality
50484,recission,рецессия,no_equality
50485,recission,спад,no_equality
50486,recission,кризис,no_equality
50487,recission,экономического спада,no_equality
50488,recission,экономическим спадом,no_equality
50489,recission,депрессии,no_equality
50490,recission,экономическому спаду,no_equality
50491,lethal,смертоносный,mortel
50492,lethal,смертоносный,meurtrier
50493,lethal,смертельный,mortel
50494,lethal,смертельный,fatal
50495,lethal,смертельный,meurtrier
50496,lethal,летальный,létal
50497,lethal,летальный,fatal
50498,lethal,со смертельным исходом,mortel
50499,lethal,со смертельным исходом,fatal
50500,lethal,летального действия,no_equality
50501,lethal,убойный,no_equality
50502,lethal,боевых,no_equality
50503,relegating,низводя,no_equality
50504,relegating,понижение,no_equality
50505,galvanizing,цинкование,no_equality
50506,galvanizing,горячее цинкование,no_equality
50507,galvanizing,гальванизирование,no_equality
50508,galvanizing,гальванический,no_equality
50509,galvanizing,оцинковочный,no_equality
50510,exhausting,утомительный,no_equality
50511,exhausting,исчерпания,no_equality
50512,exhausting,утомляет,épuisant
50513,exhausting,утомляет,fatigant
50514,exhausting,выматывает,épuisant
50515,exhausting,выматывает,fatiguant
50516,exhausting,выматывает,crevant
50517,exhausting,изнурительно,épuisant
50518,exhausting,исчерпать,no_equality
50519,exhausting,изнурительным,no_equality
50520,exhausting,изнурительных,no_equality
50521,exhausting,изнуряет,épuisant
50522,exhausting,исчерпав,no_equality
50523,exhausting,исчерпаны,épuisement
50524,exhausting,исчерпании,no_equality
50525,criticism,критика,critique
50526,criticism,критическое замечание,critique
50527,criticism,критицизм,no_equality
50528,criticism,критические замечания,no_equality
50529,criticism,критических замечаний,critique
50530,criticism,порицание,blâme
50531,criticism,критические высказывания,critique
50532,criticism,критикуют,critique
50533,criticism,критическими замечаниями,no_equality
50534,criticism,критическое отношение,critique
50535,criticism,критическим замечаниям,critique
50536,criticism,критикую,critique
50537,criticism,критических высказываний,critique
50538,calendering,каландрирование,no_equality
50539,calendering,каландрование,no_equality
50540,calendering,каландрирующий,no_equality
50541,pleasance,плизенс,no_equality
50542,tow,буксир,dépanneuse
50543,tow,буксир,remorqueur
50544,tow,отбуксировать,remorquer
50545,tow,буксировать,remorquer
50546,tow,буксировать,tracter
50547,tow,эвакуатор,remorquage
50548,tow,эвакуатор,dépanneuse
50549,tow,буксировка,remorquage
50550,tow,отбуксируем,no_equality
50551,tow,кудель,no_equality
50552,tow,тягач,dépanneuse
50553,tow,тягач,remorqueur
50554,modernization,модернизация,modernisation
50555,modernization,модернизация,modernisé
50556,modernization,модернизация,moderniser
50557,modernization,обновление,modernisation
50558,modernization,обновление,actualisation
50559,modernization,обновление,actualiser
50560,modernization,совершенствование,modernisation
50561,modernization,модернизировать,no_equality
50562,modernization,усовершенствования,no_equality
50563,modernization,перестройке,no_equality
50564,sass,дерзость,insolence
50565,sass,дерзость,culot
50566,sass,нахальство,culot
50567,sass,дерзко отвечать,no_equality
50568,sass,дерзи,no_equality
50569,sass,наглей,no_equality
50570,sass,пререкайся со,no_equality
50571,sass,сасс,sass
50572,sass,сас,no_equality
50573,sass,дерзить,no_equality
50574,sass,нахальства,no_equality
50575,sass,сэсс,no_equality
50576,yeasts,дрожжей,no_equality
50577,yeasts,дрожжи,levure
50578,immigration,иммиграция,immigration
50579,immigration,иммиграции,immigration
50580,immigration,иммиграционный,no_equality
50581,immigration,иммигрантов,immigration
50582,immigration,иммигрантов,rétention
50583,immigration,иммигрантов,migrant
50584,immigration,иммигрантов,immigré
50585,immigration,миграции,immigration
50586,immigration,миграции,émigration
50587,immigration,миграции,migratoire
50588,immigration,миграции,migration
50589,immigration,миграции,migrant
50590,immigration,миграционный,migration
50591,immigration,миграционного,no_equality
50592,immigration,эмиграции,immigration
50593,immigration,эмиграции,émigration
50594,immigration,мигрантов,immigration
50595,immigration,мигрантов,migration
50596,immigration,мигрантов,migrant
50597,immigration,мигрантов,immigré
50598,immigration,миграцией,no_equality
50599,immigration,иммигрантам,immigration
50600,immigration,иммигрантам,immigré
50601,immigration,иммигранты,immigration
50602,immigration,иммигранты,migrant
50603,immigration,иммигранты,immigré
50604,immigration,делам иностранцев,no_equality
50605,immigration,иммигрантами,immigration
50606,immigration,иммигрантами,migrant
50607,immigration,иммигрантами,immigré
50608,immigration,въезда,no_equality
50609,oozing,кровоточит,no_equality
50610,oozing,сочиться,no_equality
50611,oozing,просачивание,no_equality
50612,oozing,сочится,qui suinte
50613,oozing,вливалось,no_equality
50614,oozing,сочащаяся,no_equality
50615,oozing,изливает,no_equality
50616,refute,опровергнуть,réfuter
50617,refute,опровергнуть,infirmer
50618,refute,опровергнуть,démentir
50619,refute,опровергнуть,contredire
50620,refute,опровергнуть,nier
50621,refute,опровергать,réfuter
50622,refute,опровергать,démentir
50623,refute,опровержения,no_equality
50624,refute,оспорить,réfuter
50625,refute,оспорить,contester
50626,refute,оспорить,contredire
50627,refute,доказывать несостоятельность,no_equality
50628,refute,опровержение,no_equality
50629,refute,отвергнуть,rejeter
50630,headbands,ободки,no_equality
50631,headbands,повязки на голову,bandeau
50632,recollections,воспоминания,souvenir
50633,recollections,воспоминаний,souvenir
50634,recollections,воспоминаниях,souvenir
50635,teasing,дразнящий,no_equality
50636,teasing,поддразнивающий,no_equality
50637,teasing,поддразнивание,no_equality
50638,teasing,дразнение,no_equality
50639,teasing,задорный,no_equality
50640,thumbtacks,кнопки,no_equality
50641,thumbtacks,стикеры,no_equality
50642,thumbtacks,кнопками,punaise
50643,satiric,сатирический,no_equality
50644,atonicities,этнических групп,ethnie
50645,atonicities,этнических групп,groupes ethniques
50646,atonicities,этнических групп,origines ethniques
50647,atonicities,этнических групп,ethnicité
50648,atonicities,национальностей,ethnie
50649,atonicities,национальностей,groupes ethniques
50650,atonicities,национальностей,nationalité
50651,atonicities,этнические группы,ethnie
50652,atonicities,этнические группы,groupes ethniques
50653,atonicities,этнические группы,origines ethniques
50654,atonicities,этнической принадлежности,ethnie
50655,atonicities,этнической принадлежности,origines ethniques
50656,atonicities,этнической принадлежности,ethnicité
50657,atonicities,этнической принадлежности,origine ethnique
50658,atonicities,этнической принадлежности,appartenance ethnique
50659,atonicities,этническими группами,ethnie
50660,atonicities,этническими группами,groupes ethniques
50661,atonicities,народностей,ethnie
50662,atonicities,народностей,nationalité
50663,atonicities,этносов,ethnie
50664,atonicities,этносов,groupes ethniques
50665,atonicities,национальности,ethnie
50666,atonicities,национальности,origine ethnique
50667,atonicities,национальности,appartenance ethnique
50668,atonicities,национальности,nationalité
50669,atonicities,этнического происхождения,ethnie
50670,atonicities,этнического происхождения,origines ethniques
50671,atonicities,этнического происхождения,ethnicité
50672,atonicities,этнического происхождения,origine ethnique
50673,atonicities,этнического происхождения,appartenance ethnique
50674,atonicities,этническим группам,groupes ethniques
50675,atonicities,этносами,no_equality
50676,cities,городах,ville
50677,cities,городах,cité
50678,cities,городах,municipalité
50679,cities,городах,métropole
50680,cities,городах,agglomération
50681,cities,городах,centres urbains
50682,cities,городах,milieu urbain
50683,cities,городах,localité
50684,cities,городах,citadin
50685,cities,городах,zones urbaines
50686,cities,городов,no_equality
50687,cities,города,ville
50688,cities,города,cité
50689,cities,города,municipalité
50690,cities,города,agglomération
50691,cities,города,zones urbaines
50692,cities,городами,ville
50693,cities,городами,milieu urbain
50694,cities,городами,zones urbaines
50695,cities,городам,ville
50696,cities,городских,ville
50697,cities,городской,no_equality
50698,cities,город,ville
50699,cities,город,cité
50700,cities,крупных,grand
50701,cities,больших,grand
50702,cities,городе,ville
50703,cities,городе,cité
50704,cities,городе,localité
50705,cities,городе,zones urbaines
50706,cities,городе,capitale
50707,cities,столицах,capitale
50708,cities,городках,no_equality
50709,liquidators,ликвидаторов,no_equality
50710,liquidators,ликвидаторы,no_equality
50711,liquidators,ликвидаторам,liquidateur
50712,liquidators,ликвидаторами,no_equality
50713,valiantly,отважно,vaillamment
50714,valiantly,отважно,courageusement
50715,valiantly,мужественно,vaillamment
50716,valiantly,мужественно,courageusement
50717,valiantly,мужественно,avec courage
50718,valiantly,героически,courageusement
50719,valiantly,доблестно,vaillamment
50720,valiantly,храбро,vaillamment
50721,valiantly,храбро,courageusement
50722,longnesses,конгрессов,no_equality
50723,longnesses,конгрессы,no_equality
50724,longnesses,конгрессах,no_equality
50725,longnesses,конгрессам,no_equality
50726,longnesses,конгрессами,no_equality
50727,longnesses,конгресса,no_equality
50728,longnesses,съездов,no_equality
50729,longnesses,съезды,no_equality
50730,longnesses,съездах,no_equality
50731,longnesses,конгресс,no_equality
50732,winterizing,подготовка к зиме,no_equality
50733,sprays,распыляет,no_equality
50734,sprays,спреи,no_equality
50735,sprays,брызгает,no_equality
50736,sprays,распылителей,no_equality
50737,sprays,аэрозоли,aérosol
50738,sprays,аэрозолей,aérosol
50739,sprays,разбрызгивает,no_equality
50740,sprays,брызнет,no_equality
50741,sprays,брызжет,no_equality
50742,sprays,спреев для,no_equality
50743,sprays,разбрызгивается,no_equality
50744,expertly,опытно,no_equality
50745,expertly,умело,habilement
50746,expertly,умело,avec compétence
50747,delayed,задержки с,retardé
50748,delayed,отложено,retardé
50749,delayed,отложено,différé
50750,delayed,отложено,reporté
50751,delayed,отложено,repoussé
50752,delayed,задерживается,no_equality
50753,delayed,задержано,retardé
50754,delayed,задержек с,no_equality
50755,delayed,задержкой с,no_equality
50756,delayed,откладывается,no_equality
50757,delayed,задержали,no_equality
50758,delayed,задержка с,retardé
50759,delayed,задержка с,tardif
50760,delayed,задержками с,différé
50761,delayed,задержками с,tardif
50762,delayed,отложена,retardé
50763,delayed,отложена,reporté
50764,delayed,с задержкой,no_equality
50765,delayed,отложен,retardé
50766,delayed,отложен,différé
50767,delayed,отложен,repoussé
50768,delayed,откладывать,no_equality
50769,delayed,с опозданием,no_equality
50770,delayed,отложенный,retardé
50771,incandesce,накалять,no_equality
50772,ignitable,чтобы его можно было воспламенить,no_equality
50773,tarsuses,вызывает,suscite
50774,tarsuses,вызывает,provoque
50775,tarsuses,вызывает,soulève
50776,tarsuses,возбуждает,excite
50777,tarsuses,пробуждает,réveille
50778,tarsuses,рождает,no_equality
50779,lettering,надпись,inscription
50780,lettering,надпись,écriture
50781,lettering,буквы,lettre
50782,lettering,тиснение,no_equality
50783,lettering,буквами,no_equality
50784,lettering,шрифтом,no_equality
50785,lettering,высоте букв,caractère
50786,enamelled,эмалированные,no_equality
50787,plotter,плоттер,no_equality
50788,plotter,заговорщик,conspirateur
50789,plotter,интриган,no_equality
50790,plotter,плоттера,no_equality
50791,plotter,графопостроитель,no_equality
50792,gouged,выколол,no_equality
50793,gouged,выдавили,no_equality
50794,revoking,отмена,retrait
50795,revoking,отмена,annuler
50796,revoking,отмена,annulation
50797,revoking,отмена,abrogation
50798,revoking,отменяющий,abrogeant
50799,criminality,преступность,criminalité
50800,criminality,преступность,délinquance
50801,criminality,преступность,crime
50802,criminality,преступление,crime
50803,criminality,криминализации,no_equality
50804,criminality,уголовной ответственности,no_equality
50805,criminality,преступной деятельности,criminalité
50806,criminality,преступной деятельности,crime
50807,criminality,преступной деятельности,activités criminelles
50808,criminality,преступной деятельности,actes criminels
50809,criminality,подсудности,no_equality
50810,criminality,криминогенной ситуации,no_equality
50811,criminality,преступников,no_equality
50812,criminality,преступную деятельность,criminalité
50813,criminality,преступную деятельность,délinquance
50814,criminality,преступную деятельность,actes criminels
50815,pneumatic,пневматический,pneumatique
50816,pneumatic,пневматика,no_equality
50817,pneumatic,грудастые,no_equality
50818,forgetfulness,забывчивость,oubli
50819,forgetfulness,пренебрежение,no_equality
50820,forgetfulness,забывание,no_equality
50821,permitted,разрешается,droit
50822,permitted,разрешается,peuvent
50823,permitted,разрешается,permet
50824,permitted,разрешается,autorisation
50825,permitted,допускается,admis
50826,permitted,допускается,permet
50827,permitted,разрешено,droit
50828,permitted,разрешено,pu
50829,permitted,разрешено,peuvent
50830,permitted,разрешено,autorisation
50831,permitted,допускаются,no_equality
50832,permitted,допустимый,admissible
50833,permitted,разрешены,autorisé
50834,permitted,разрешение,no_equality
50835,permitted,позволило,possible
50836,permitted,позволило,permet
50837,permitted,позволило,permettait
50838,permitted,разрешенных,autorisé
50839,permitted,позволяет,possible
50840,permitted,позволяет,permettre
50841,permitted,позволяет,peuvent
50842,permitted,позволяет,permet
50843,permitted,позволяет,permettait
50844,permitted,разрешена,autorisé
50845,permitted,право,no_equality
50846,permitted,позволили,no_equality
50847,permitted,позволено,no_equality
50848,permitted,разрешен,admis
50849,copper,медь,cuivre
50850,copper,медный,no_equality
50851,copper,коп,flic
50852,copper,полицейский,flic
50853,copper,копа,flic
50854,copper,легавый,flic
50855,copper,коппер,no_equality
50856,cautionary,поучительный,édifiant
50857,cautionary,осторожный,précaution
50858,cautionary,осторожный,prudence
50859,cautionary,предупредительный,avertissement
50860,cautionary,предостерегающий,no_equality
50861,tripping,под кайфом,no_equality
50862,tripping,отключке,no_equality
50863,tripping,глюки,no_equality
50864,tripping,споткнуться,no_equality
50865,tripping,заблуждаюсь,no_equality
50866,tripping,пути,no_equality
50867,tripping,расцепление,no_equality
50868,tripping,спотыкаюсь,no_equality
50869,tripping,споткнулся,no_equality
50870,tripping,спотыкаться,no_equality
50871,convene,созвать,convoquer
50872,convene,созвать,organiser
50873,convene,созвать,tenir
50874,convene,созвать,constituer
50875,convene,созвать,convocation
50876,convene,созвать,se réunisse
50877,convene,провести,convoquer
50878,convene,провести,tenir
50879,convene,созывать,convoquer
50880,convene,созывать,organiser
50881,convene,организовать,convoquer
50882,convene,организовать,organiser
50883,convene,организовать,tenir
50884,convene,проводить,organiser
50885,convene,проводить,tenir
50886,convene,собраться,se réunir
50887,convene,собраться,se réunisse
50888,convene,созыва,no_equality
50889,convene,созыв,no_equality
50890,convene,проведения,no_equality
50891,convene,проведение,no_equality
50892,convene,собираться,se réunir
50893,convene,организовывать,no_equality
50894,comprehends,представительствах,no_equality
50895,assignable,быть назначен,no_equality
50896,assignable,могут быть уступлены,no_equality
50897,omniscience,всеведение,no_equality
50898,rogues,жулики,escroc
50899,rogues,жуликов,voyou
50900,rogues,жуликов,lascar
50901,rogues,жуликов,escroc
50902,rogues,жуликов,vaurien
50903,rogues,разбойников,voleur
50904,rogues,разбойников,voyou
50905,rogues,мошенники,escroc
50906,rogues,негодяев,voyou
50907,rogues,негодяев,lascar
50908,rogues,негодяев,scélérat
50909,rogues,негодяев,vaurien
50910,rogues,негодяя,voyou
50911,rogues,негодяя,scélérat
50912,rogues,негодяя,crapule
50913,rogues,негодяя,vaurien
50914,rogues,сволочей,no_equality
50915,rogues,мерзавцы,no_equality
50916,rogues,мошенников,voyou
50917,rogues,мошенников,escroc
50918,rogues,мошенников,vaurien
50919,rogues,озорники,no_equality
50920,shoppers,покупателей,acheteur
50921,shoppers,покупателей,client
50922,shoppers,покупатели,acheteur
50923,shoppers,покупатели,client
50924,shoppers,покупатели,consommateur
50925,shoppers,покупателям,client
50926,shoppers,посетители,client
50927,planing,строгание,no_equality
50928,planing,планирование,no_equality
50929,planing,глиссирование,no_equality
50930,planing,строжка,no_equality
50931,planing,выравнивание,no_equality
50932,planing,строгальный,no_equality
50933,planing,строгая,no_equality
50934,assuaged,потворствовать,no_equality
50935,carnivore,хищница,no_equality
50936,carnivore,насекомояд,no_equality
50937,carnivore,плотоядный,no_equality
50938,carnivore,"""хищник""",no_equality
50939,carnivore,хищники,no_equality
50940,carnivore,плотоядное животн,carnivore
50941,carnivore,плотояден,no_equality
50942,dosimeters,дозиметры,no_equality
50943,dosimeters,дозиметрами,no_equality
50944,dosimeters,дозиметров,no_equality
50945,abbey,аббатство,abbaye
50946,abbey,аббатство,couvent
50947,abbey,аббатство,abbey
50948,abbey,эбби,abbey
50949,abbey,даунтон,no_equality
50950,abbey,святилище,abbaye
50951,abbey,монастырь,no_equality
50952,abbey,монастыре,abbaye
50953,abbey,монастыре,monastère
50954,abbey,монастыре,couvent
50955,abbey,монастыря,abbaye
50956,abbey,монастыря,monastère
50957,abbey,монастыря,couvent
50958,idiopathies,идиопатический,idiopathique
50959,idiopathies,идиопатического,no_equality
50960,brutalization,зверства,brutalité
50961,case,случай,cas
50962,case,случай,affaire
50963,case,случай,exemple
50964,case,случай,situation
50965,case,дело,cas
50966,case,дело,affaire
50967,case,дело,dossier
50968,case,дело,cause
50969,case,дело,procès
50970,case,дело,enquête
50971,case,дела,cas
50972,case,дела,affaire
50973,case,дела,dossier
50974,case,дела,cause
50975,case,дела,procès
50976,case,дела,enquête
50977,case,дела,situation
50978,case,пример,cas
50979,case,пример,exemple
50980,case,ситуация,cas
50981,case,ситуация,situation
50982,case,расследование,affaire
50983,case,расследование,enquête
50984,case,место,cas
50985,case,место,case
50986,case,связи,cas
50987,case,связи,cause
50988,case,кейс,caisse
50989,case,кейс,case
50990,case,иск,affaire
50991,case,иск,dossier
50992,case,иск,procès
50993,case,чемодан,boîte
50994,case,чемодан,trousse
50995,case,чемодан,malle
50996,case,ящик,boîte
50997,case,ящик,caisse
50998,case,процесс,procès
50999,case,футляр,no_equality
51000,case,чехол,étui
51001,case,корпус,boîtier
51002,case,так,no_equality
51003,case,отношении,no_equality
51004,case,прецедентного,no_equality
51005,case,судебное дело,procès
51006,case,регистр,casse
51007,case,витрина,vitrine
51008,case,коробка,boîte
51009,case,коробка,caisse
51010,case,случай заболевания,cas
51011,calendars,календари,calendrier
51012,calendars,календарей,agenda
51013,calendars,календарях,no_equality
51014,calendars,расписания,calendrier
51015,calendars,календарь,calendrier
51016,calendars,календарь,agenda
51017,calendars,календарями,calendrier
51018,calendars,графики,calendrier
51019,calendars,графики,agenda
51020,calendars,графиков,calendrier
51021,calendars,расписаниях,no_equality
51022,calendars,расписаниям,no_equality
51023,calendars,расписаний,calendrier
51024,fanciers,кошек,no_equality
51025,constitutionally,конституционно,constitutionnellement
51026,constitutionally,конституционно,par la constitution
51027,constitutionally,конституционно,constitutionnelle
51028,constitutionally,согласно Конституции,constitutionnellement
51029,fatness,полнота,corpulence
51030,fatness,жирность,no_equality
51031,overstepped,перешёл границы,no_equality
51032,overstepped,переступил черту,no_equality
51033,overstepped,переборщила,no_equality
51034,overstepped,переборщил,no_equality
51035,overstepped,перешел границу,no_equality
51036,overstepped,перешла черту,suis allée trop loin
51037,overstepped,вышла за пределы,no_equality
51038,overstepped,превышена,no_equality
51039,overstepped,перешла границы,no_equality
51040,overstepped,перешли границы,no_equality
51041,overstepped,превысил,no_equality
51042,overstepped,превысила,no_equality
51043,overstepped,вышел за рамки,no_equality
51044,overstepped,превысили,no_equality
51045,overstepped,перегнул палку,no_equality
51046,abruptly,внезапно,brusquement
51047,abruptly,внезапно,brutalement
51048,abruptly,внезапно,abruptement
51049,abruptly,внезапно,soudainement
51050,abruptly,внезапно,subitement
51051,abruptly,внезапно,soudain
51052,abruptly,резко,brusquement
51053,abruptly,резко,brutalement
51054,abruptly,резко,rapidement
51055,abruptly,неожиданно,brusquement
51056,abruptly,неожиданно,soudainement
51057,abruptly,неожиданно,subitement
51058,abruptly,неожиданно,soudain
51059,abruptly,вдруг,brusquement
51060,abruptly,вдруг,soudainement
51061,abruptly,вдруг,subitement
51062,abruptly,вдруг,soudain
51063,stadiums,стадионах,stade
51064,stadiums,стадионы,stade
51065,stadiums,стадионов,stade
51066,black out,затемнить,no_equality
51067,black out,вымарывать,no_equality
51068,black out,затемнение,no_equality
51069,reductionism,редукционизм,no_equality
51070,reductionism,редукционизма,no_equality
51071,tax,налог,impôt
51072,tax,налог,taxe
51073,tax,сбор,no_equality
51074,tax,тягло,no_equality
51075,tax,налогоплательщик,no_equality
51076,tax,налоговый сбор,no_equality
51077,tax,облагать налогом,imposer
51078,tax,облагать налогом,taxer
51079,tax,таксировать,no_equality
51080,tax,подать,no_equality
51081,tax,налоговый,fiscal
51082,Philistias,обыватель,béotien
51083,Philistias,мещанской,no_equality
51084,Philistias,филистимлянина,no_equality
51085,devote,уделять,consacrer
51086,devote,уделять,accorder
51087,devote,уделять,prêter
51088,devote,уделять,porter
51089,devote,уделять,donner
51090,devote,уделять,mettre
51091,devote,посвятить,consacrer
51092,devote,посвятить,dédier
51093,devote,посвятить,vouer
51094,devote,уделить,consacrer
51095,devote,уделить,accorder
51096,devote,уделить,prêter
51097,devote,уделить,porter
51098,devote,уделить,donner
51099,devote,выделять,no_equality
51100,devote,посвящать,consacrer
51101,devote,выделить,consacrer
51102,devote,выделить,accorder
51103,devote,выделить,affecter
51104,devote,выделить,allouer
51105,devote,направить,consacrer
51106,devote,направить,déployer
51107,devote,направлять,no_equality
51108,devote,тратить,consacrer
51109,devote,тратить,mettre
51110,devote,прилагать,déployer
51111,devote,приложить,consacrer
51112,devote,приложить,déployer
51113,devote,обратить,accorder
51114,devote,обратить,prêter
51115,devote,обратить,porter
51116,devote,обратить,mettre
51117,devote,выделения,no_equality
51118,devote,уделения,no_equality
51119,devote,сосредоточить,accorder
51120,chieftains,вожди,chef
51121,chieftains,вождей,chef
51122,chieftains,вождями,chef
51123,chieftains,вождям,no_equality
51124,disinfectant,дезинфицирующий,no_equality
51125,disinfectant,дезинфицирующее средство,désinfectant
51126,disinfectant,дезинфектант,no_equality
51127,disinfectant,дезинфекция,no_equality
51128,disinfectant,дезинфицирующее вещество,no_equality
51129,disinfectant,дезинфектор,no_equality
51130,disinfectant,дезинфекционный,no_equality
51131,crude,сырой,cru
51132,crude,грубый,brut
51133,crude,грубый,grossier
51134,crude,грубый,vulgaire
51135,crude,грубый,brutal
51136,crude,грубый,rustre
51137,crude,грубо,grossier
51138,crude,грубо,vulgaire
51139,crude,грубо,brutal
51140,crude,грубо,rude
51141,crude,общие,no_equality
51142,crude,общего коэффициента,no_equality
51143,crude,примитивное,rudimentaire
51144,acidified,подкисленных,no_equality
51145,acidified,подкисленные,no_equality
51146,acidified,подкисленными,no_equality
51147,acidified,подкисленным,no_equality
51148,acidified,подкисленный,no_equality
51149,acidified,подкисленной,no_equality
51150,Green_Partys,партия зеленых,no_equality
51151,Green_Partys,зеленая партия,no_equality
51152,Green_Partys,"партия ""зеленых""",no_equality
51153,Green_Partys,партия «зеленых»,no_equality
51154,Green_Partys,партии зеленых,no_equality
51155,Green_Partys,"партией ""зеленых""",no_equality
51156,Green_Partys,партии «зеленых»,no_equality
51157,Green_Partys,партию зеленых,no_equality
51158,princedoms,княжества,principauté
51159,princedoms,княжествами,no_equality
51160,gynecology,гинекология,gynécologie
51161,accords,соглашений,accord
51162,accords,соглашений,entente
51163,accords,соглашения,accord
51164,accords,соглашениях,accord
51165,accords,соглашениях,entente
51166,accords,соглашениями,accord
51167,accords,соглашениями,entente
51168,accords,договоренностей,accord
51169,accords,придает,accorde
51170,accords,придает,confère
51171,accords,придает,attache
51172,accords,придает,donne
51173,accords,соглашениям,accord
51174,accords,уделяет,accorde
51175,accords,договоренности,accord
51176,accords,предоставляет,accorde
51177,accords,предоставляет,confère
51178,accords,предоставляет,donne
51179,accords,согласуется,no_equality
51180,accords,соглашение,accord
51181,accords,договоров,accord
51182,accords,наделяет,no_equality
51183,accords,договоренностям,no_equality
51184,synchronisation,синхронизация,synchronisation
51185,synchronisation,синхронизация,synchroniser
51186,ethnographer,этнограф,no_equality
51187,afflictive,наказание,no_equality
51188,maiming,калечение,mutilation
51189,maiming,нанесение увечий,mutilation
51190,maiming,нанесения им увечий,mutilation
51191,maiming,нанесение им увечий,mutilation
51192,maiming,нанесения увечий,mutilation
51193,maiming,причинение увечий,mutilation
51194,maiming,калечат,no_equality
51195,maiming,получили увечья,no_equality
51196,maiming,калеча,no_equality
51197,maiming,калечить,no_equality
51198,maiming,нанесением увечий,mutilation
51199,maiming,увечьям,mutilation
51200,maiming,ранения,no_equality
51201,maiming,причинения увечий,mutilation
51202,maiming,нанесении увечий,no_equality
51203,strokes,ударов,coup
51204,strokes,ударов,frappe
51205,strokes,штрихи,no_equality
51206,strokes,штрихов,no_equality
51207,strokes,инсультов,accidents vasculaires cérébraux
51208,strokes,инсульты,accidents vasculaires cérébraux
51209,strokes,удара,coup
51210,strokes,инсульта,avc
51211,strokes,мазками,no_equality
51212,strokes,штрихами,no_equality
51213,strokes,мазки,no_equality
51214,strokes,мазков,no_equality
51215,strokes,инсульт,avc
51216,strokes,инсульт,apoplexie
51217,strokes,удары,no_equality
51218,bulky,громоздкий,encombrant
51219,bulky,объемных,volumineux
51220,bulky,объемного,volumineux
51221,bulky,объемны,no_equality
51222,bulky,объемные,volumineux
51223,bulky,крупногабаритных,no_equality
51224,bulky,крупногабаритные,no_equality
51225,bulky,крупногабаритного,no_equality
51226,bulky,громоздкими грузами,no_equality
51227,guttering,сооружение желобов,no_equality
51228,guttering,канавы,no_equality
51229,nationality,гражданство,nationalité
51230,nationality,гражданство,naturalisation
51231,nationality,гражданство,citoyenneté
51232,nationality,национальность,nationalité
51233,nationality,гражданин,nationalité
51234,nationality,гражданин,ressortissant
51235,nationality,подданство,nationalité
51236,nationality,подданство,citoyenneté
51237,nationality,народность,ethnie
51238,nationality,национальная принадлежность,no_equality
51239,nationality,национальной принадлежности,no_equality
51240,nationality,гражданской принадлежности,nationalité
51241,nationality,гражданской принадлежности,ressortissant
51242,nationality,государственной принадлежности,nationalité
51243,nationality,национальному признаку,nationalité
51244,nationality,национальному признаку,appartenance nationale
51245,nationality,национальную принадлежность,nationalité
51246,nationality,национальную принадлежность,appartenance nationale
51247,nationality,гражданином которого,nationalité
51248,nationality,национального происхождения,nationalité
51249,nationality,нации,no_equality
51250,nationality,государственная принадлежность,nationalité
51251,populate,заполнить,remplir
51252,populate,населять,peupler
51253,populate,заселить,peupler
51254,populate,населить,no_equality
51255,populate,заселять,peupler
51256,populate,пополнения,no_equality
51257,populate,наполнение,no_equality
51258,populate,заселения,no_equality
51259,mercerizing,завораживает,no_equality
51260,mercerizing,завораживающее,no_equality
51261,mercerizing,завораживающая,no_equality
51262,mercerizing,гипноз,no_equality
51263,mercerizing,гипнотизирует,no_equality
51264,mercerizing,mesmerizing,no_equality
51265,take_away,забрать,enlever
51266,take_away,забрать,retirer
51267,take_away,забрать,emporter
51268,take_away,забрать,reprendre
51269,take_away,забрать,emmener
51270,take_away,лишить,enlever
51271,take_away,лишить,retirer
51272,take_away,лишить,priver
51273,take_away,лишить,soustraire
51274,take_away,убрать,enlever
51275,take_away,убрать,retirer
51276,take_away,убрать,supprimer
51277,take_away,убрать,effacer
51278,take_away,отнять,enlever
51279,take_away,отнять,retirer
51280,take_away,отнять,ôter
51281,take_away,отнять,priver
51282,take_away,отнять,reprendre
51283,take_away,забирать,enlever
51284,take_away,забирать,retirer
51285,take_away,забирать,emporter
51286,take_away,забирать,reprendre
51287,take_away,забирать,emmener
51288,take_away,отобрать у,enlever
51289,take_away,отобрать у,priver
51290,take_away,отбирать,confisquer
51291,take_away,отнимать,enlever
51292,take_away,отнимать,ôter
51293,take_away,забери у,no_equality
51294,take_away,убираете,no_equality
51295,dithering,размывание,no_equality
51296,dithering,возбуждение,no_equality
51297,participant,участник,participant
51298,participant,участник,acteur
51299,participant,участник,intervenant
51300,participant,участник,membre
51301,participant,участие,participation
51302,participant,участие,part
51303,participant,участница,participant
51304,participant,участница,intervenant
51305,participant,участники,participant
51306,participant,участники,protagoniste
51307,participant,участвует,participant
51308,participant,участвует,participe
51309,participant,участвует,participait
51310,participant,участвует,participer
51311,participant,участвовала,participait
51312,participant,участвовал,participait
51313,participant,участвовал,participer
51314,participant,участвующих,participant
51315,participant,участвующих,intervenant
51316,participant,участвующих,participer
51317,participant,участвующие,no_equality
51318,participant,слушателей,participant
51319,participant,участвующим,participant
51320,outstripping,опережает,no_equality
51321,outstripping,опережают,no_equality
51322,outstripping,опередив,dépassant
51323,outstripping,превысив,dépassant
51324,outstripping,опережение,no_equality
51325,outstripping,обогнав,no_equality
51326,outstripping,превышала,dépassant
51327,outstripping,превышала,excède
51328,outstripping,обгоняет,no_equality
51329,crickets,сверчков,no_equality
51330,crickets,сверчки,criquet
51331,crickets,сверчками,no_equality
51332,crickets,кузнечики,no_equality
51333,crickets,цикад,cigale
51334,crickets,сверчок,grillon
51335,crickets,сверчок,criquet
51336,crickets,сверчок,cricket
51337,crickets,сверчках,no_equality
51338,crickets,кузнечиков,sauterelle
51339,heatable,обогреваемую,no_equality
51340,incomprehensions,непонимание,no_equality
51341,incomprehensions,недоумение,no_equality
51342,commercialize,коммерциализации,no_equality
51343,commercialize,коммерциализировать,commercialiser
51344,commercialize,коммерциализацию,no_equality
51345,commercialize,организации серийного производства,no_equality
51346,commercialize,перевода на коммерческую основу,commercialisation
51347,commercialize,коммерционализации,no_equality
51348,commercialize,коммерческой реализации,commercialiser
51349,commercialize,коммерческой реализации,commercialisation
51350,commercialize,коммерческого освоения,no_equality
51351,commercialize,коммерческое использование,no_equality
51352,commercialize,коммерциализация,no_equality
51353,commercialize,заниматься коммерциализацией,commercialisation
51354,visceras,интуитивный,no_equality
51355,visceras,висцеральный,no_equality
51356,visceras,висцерального,no_equality
51357,visceras,висцеральным,no_equality
51358,visceras,висцеральной,no_equality
51359,visceras,внутренняя,no_equality
51360,visceras,примитивное,no_equality
51361,visceras,интуитивность,no_equality
51362,vehemently,решительно,énergiquement
51363,vehemently,решительно,vigoureusement
51364,vehemently,решительно,fermement
51365,vehemently,решительно,catégoriquement
51366,vehemently,решительно,vivement
51367,vehemently,решительно,résolument
51368,vehemently,категорически,vigoureusement
51369,vehemently,категорически,catégoriquement
51370,vehemently,категорически,résolument
51371,vehemently,категорически,formellement
51372,vehemently,яростно,violemment
51373,jackpots,джекпоты,jackpot
51374,jackpots,джэкпоты,no_equality
51375,jackpots,джекпотов,no_equality
51376,jackpots,джекпот,jackpot
51377,alertings,оповещения,no_equality
51378,alertings,предупреждение,no_equality
51379,alertings,оповещение,no_equality
51380,alertings,предупредить,no_equality
51381,alertings,привлечь внимание,no_equality
51382,alertings,привлечении внимания,no_equality
51383,alertings,предупреждать,no_equality
51384,alertings,предупреждает,no_equality
51385,alertings,alerting,no_equality
51386,alertings,предупредив,no_equality
51387,alertings,уведомление,no_equality
51388,alertings,информированию,no_equality
51389,alertings,предупреждающее,no_equality
51390,alertings,звукового предупреждения о,no_equality
51391,mannerisms,манеры,manière
51392,mannerisms,манеры,manie
51393,mannerisms,манерность,no_equality
51394,mannerisms,манер,manière
51395,deceiving,обманчивый,no_equality
51396,deceiving,обманывающий,no_equality
51397,deceiving,обольщающий,no_equality
51398,deceiving,обман,tromperie
51399,Siouxes,супругов,époux
51400,Siouxes,супругов,conjoint
51401,Siouxes,супругов,épouse
51402,Siouxes,супругов,couple
51403,Siouxes,супругов,mariage
51404,Siouxes,супругов,mari
51405,Siouxes,супругов,divorce
51406,Siouxes,супруги,époux
51407,Siouxes,супругами,époux
51408,Siouxes,супругами,conjoint
51409,Siouxes,супругами,épouse
51410,Siouxes,супругами,couple
51411,Siouxes,супругам,épouse
51412,Siouxes,супруг,époux
51413,Siouxes,супруг,conjoint
51414,Siouxes,супруг,mari
51415,Siouxes,жен,épouse
51416,Siouxes,брак,époux
51417,Siouxes,брак,couple
51418,Siouxes,брак,mariage
51419,Siouxes,брак,marié
51420,Siouxes,брак,divorce
51421,Siouxes,мужей,époux
51422,Siouxes,мужей,conjoint
51423,Siouxes,мужей,mari
51424,Siouxes,браке,mariage
51425,Siouxes,браке,marié
51426,Siouxes,браке,conjugale
51427,Siouxes,жены,épouse
51428,Siouxes,мужьями,no_equality
51429,Siouxes,супругах,conjoint
51430,Siouxes,женам,épouse
51431,Siouxes,супругам-иностранцам,no_equality
51432,invested,вложенный,investi
51433,invested,облеченный,no_equality
51434,Slavonic,славянский,slave
51435,southernness,южане,sudiste
51436,southernness,южане,gens du sud
51437,southernness,южан,sudiste
51438,southernness,южанами,no_equality
51439,southernness,южанам,no_equality
51440,southernness,южных районов,no_equality
51441,southernness,жителей юга страны,no_equality
51442,southernness,жителей южного судана,no_equality
51443,pleads,признает себя,no_equality
51444,pleads,умоляет,supplie
51445,pleads,умоляет,implore
51446,pleads,признает свою,no_equality
51447,pleads,признает вину,no_equality
51448,pleads,заявляет о своей,no_equality
51449,pleads,берєт,no_equality
51450,phallus,фаллос,phallus
51451,phallus,фаллус,no_equality
51452,phallus,фалл,no_equality
51453,phallus,пенис,phallus
51454,phallus,члена,no_equality
51455,phallus,фаллосом,no_equality
51456,lawful,законный,légal
51457,lawful,законный,légitime
51458,lawful,законный,licite
51459,lawful,законопослушный,no_equality
51460,lawful,законное основание,no_equality
51461,lawful,дозволенный,no_equality
51462,mark,марка,marque
51463,mark,марка,mark
51464,mark,марка,marc
51465,mark,знак,marque
51466,mark,знак,signe
51467,mark,знак,label
51468,mark,след,marque
51469,mark,след,empreinte
51470,mark,след,trace
51471,mark,метка,marque
51472,mark,отметка,marque
51473,mark,отметка,note
51474,mark,отметка,point
51475,mark,ознаменование,occasion
51476,mark,маркировка,marque
51477,mark,маркировка,marquage
51478,mark,отметина,marque
51479,mark,отметить,marquer
51480,mark,отметить,souligner
51481,mark,отметить,célébrer
51482,mark,отметить,noter
51483,mark,отмечать,marquer
51484,mark,отмечать,célébrer
51485,mark,отмечать,noter
51486,mark,пометить,marquer
51487,mark,означать,no_equality
51488,mark,обозначить,marquer
51489,mark,маркировать,no_equality
51490,mark,цель,cible
51491,mark,цель,but
51492,mark,марки,marque
51493,mark,отпечаток,marque
51494,mark,отпечаток,empreinte
51495,mark,отпечаток,trace
51496,mark,пятно,marque
51497,mark,пятно,trace
51498,mark,пятно,tache
51499,mark,помечать,marquer
51500,mark,знаменовать,marquer
51501,mark,обозначать,no_equality
51502,mark,пометка,no_equality
51503,mark,балл,note
51504,mark,балл,point
51505,mark,метить,marquer
51506,mark,оценка,note
51507,indicative mood,изъявительное наклонение,no_equality
51508,ineffective,неэффективный,inefficace
51509,ineffective,неэффективность,no_equality
51510,ineffective,эффективность,no_equality
51511,ineffective,силы,no_equality
51512,ineffective,эффективным,no_equality
51513,ineffective,недействительным,no_equality
51514,ineffective,эффективной,no_equality
51515,ineffective,эффективными,no_equality
51516,ineffective,безрезультатными,no_equality
51517,ineffective,недействительной,no_equality
51518,ineffective,эффективны,no_equality
51519,ineffective,малоэффективным,no_equality
51520,ineffective,малоэффективными,no_equality
51521,fraction,фракция,fraction
51522,fraction,фракция,faction
51523,fraction,доля,no_equality
51524,fraction,части,part
51525,fraction,дробь,fraction
51526,lopping,сокращение,no_equality
51527,sureties,поручителей,no_equality
51528,queriers,запросы,no_equality
51529,queriers,вопросы,no_equality
51530,queriers,запросов,no_equality
51531,queriers,вопросов,no_equality
51532,queriers,запросам,no_equality
51533,queriers,запросами,no_equality
51534,queriers,запроса,no_equality
51535,queriers,запрос,no_equality
51536,queriers,просьбы,no_equality
51537,queriers,справками,no_equality
51538,queriers,запросах,no_equality
51539,inklings,"""инклингс""",no_equality
51540,murmuring,ропот,no_equality
51541,murmuring,журчание,no_equality
51542,murmuring,рокот,no_equality
51543,murmuring,журчащий,no_equality
51544,murmuring,шепчущий,no_equality
51545,defecation,дефекация,no_equality
51546,defecation,очистка,no_equality
51547,defecation,дефекацию,no_equality
51548,defecation,испражнения,défécation
51549,disseminators,распространителей,no_equality
51550,disseminators,распространителями,diffuseur
51551,disseminators,распространители,no_equality
51552,disseminators,распылители,no_equality
51553,disseminators,распространителям,no_equality
51554,disseminators,"организациями, занимающимися распространением информации",no_equality
51555,disseminators,пропагандистов,no_equality
51556,adverse,неблагоприятный,défavorable
51557,adverse,враждебный,no_equality
51558,adverse,вредный,nuisible
51559,adverse,противный,no_equality
51560,adverse,противоположный,contraire
51561,Levant,Левант,no_equality
51562,Levant,левантийский,no_equality
51563,Tahiti,таити,tahiti
51564,Tahiti,таити,tahiti
51565,proceeds,доход,no_equality
51566,proceeds,поступления,produit
51567,proceeds,поступления,recette
51568,proceeds,поступления,revenu
51569,proceeds,доходы,produit
51570,proceeds,доходы,bénéfice
51571,proceeds,доходы,revenu
51572,proceeds,доходы,gain
51573,proceeds,выручка,recette
51574,proceeds,выручка,profit
51575,proceeds,поступлений,produit
51576,proceeds,поступлений,revenu
51577,proceeds,поступлениях,no_equality
51578,proceeds,исходит,no_equality
51579,proceeds,полученных,no_equality
51580,proceeds,поступлениями,produit
51581,proceeds,приступает,no_equality
51582,proceeds,прибыль,recette
51583,proceeds,прибыль,bénéfice
51584,proceeds,прибыль,revenu
51585,proceeds,прибыль,gain
51586,proceeds,прибыли,bénéfice
51587,proceeds,прибыли,revenu
51588,proceeds,прибыли,gain
51589,proceeds,переходит,no_equality
51590,proceeds,поступлениям,no_equality
51591,proceeds,выручки от,no_equality
51592,tectonics,тектоника,no_equality
51593,tectonics,тектонике,no_equality
51594,tectonics,тектонику плит,no_equality
51595,tectonics,тектонические плиты,no_equality
51596,purees,пюре,purée
51597,purees,пюре,compote
51598,plenum,пленум,plénum
51599,plenum,пленум,assemblée plénière
51600,plenum,пленум,session plénière
51601,plenum,область повышенного давления,no_equality
51602,plenum,пленуму,no_equality
51603,mayors,мэров,maire
51604,mayors,мэры,maire
51605,mayors,мэрами,maire
51606,mayors,мэрами,mairie
51607,mayors,мэрам,maire
51608,mayors,мэра,maire
51609,mayors,алькальдов,maire
51610,mayors,бургомистров,maire
51611,mayors,бургомистров,bourgmestre
51612,mayors,городов,no_equality
51613,mayors,председателей муниципалитетов,municipalité
51614,mayors,женщины-мэра,no_equality
51615,mayors,мэрий,mairie
51616,mayors,муниципальных,municipalité
51617,Reids,ридов,no_equality
51618,Reids,риды,no_equality
51619,creepiness,жуткий характер,no_equality
51620,blackmail,шантаж,chantage
51621,blackmail,шантажировать,faire chanter
51622,blackmail,шантажировать,faire du chantage
51623,blackmail,шантажировать,extorquer
51624,blackmail,вымогательство,chantage
51625,telephones,телефонов,portable
51626,telephones,телефоны,téléphone
51627,telephones,телефоны,lignes téléphoniques
51628,telephones,телефоны,portable
51629,telephones,телефонами,téléphone
51630,telephones,телефонами,portable
51631,telephones,телефонной связи,téléphone
51632,telephones,телефонной связи,téléphonique
51633,telephones,телефона,téléphone
51634,telephones,телефона,téléphonique
51635,telephones,телефона,portable
51636,telephones,телефонам,téléphone
51637,telephones,телефон,téléphone
51638,telephones,телефон,téléphonique
51639,telephones,телефон,portable
51640,telephones,телефонная связь,téléphone
51641,telephones,телефоном,téléphone
51642,telephones,телефоном,portable
51643,telephones,телефонной связью,no_equality
51644,telephones,телефонных аппаратов,téléphone
51645,telephones,телефонных аппаратов,téléphonique
51646,telephones,телефонные аппараты,téléphone
51647,telephones,телефонные аппараты,téléphonique
51648,telephones,телефонах,téléphone
51649,telephones,телефонах,portable
51650,telephones,телефону,téléphonique
51651,telephones,телефону,portable
51652,telephones,телефонных разговоров,no_equality
51653,contains,содержит,contient
51654,contains,содержит,contenant
51655,contains,содержит,comprend
51656,contains,содержит,comporte
51657,contains,содержит,renferme
51658,contains,содержит,contiennent
51659,contains,содержит,présente
51660,contains,содержит,prévoit
51661,contains,содержит,donne
51662,contains,содержит,énonce
51663,contains,содержится,contient
51664,contains,содержится,comprend
51665,contains,содержится,comporte
51666,contains,содержится,contiennent
51667,contains,содержится,présente
51668,contains,содержится,donne
51669,contains,содержатся,contient
51670,contains,содержатся,contenant
51671,contains,содержатся,comprend
51672,contains,содержатся,comporte
51673,contains,содержатся,contiennent
51674,contains,содержатся,présente
51675,contains,содержатся,donne
51676,contains,содержатся,énonce
51677,contains,включает,contient
51678,contains,включает,comprend
51679,contains,включает,comporte
51680,contains,включает,prévoit
51681,contains,приводится,contient
51682,contains,приводится,présente
51683,contains,приводится,donne
51684,contains,предусматривает,contient
51685,contains,предусматривает,comprend
51686,contains,предусматривает,comporte
51687,contains,предусматривает,prévoit
51688,contains,содержат,contient
51689,contains,содержат,contenant
51690,contains,содержат,contiennent
51691,contains,приводятся,contient
51692,contains,приводятся,comporte
51693,contains,приводятся,contiennent
51694,contains,приводятся,présente
51695,contains,приводятся,donne
51696,contains,предусмотрены,contient
51697,contains,предусмотрены,comprend
51698,contains,предусмотрены,comporte
51699,contains,предусмотрены,prévoit
51700,contains,есть,no_equality
51701,contains,включены,contient
51702,contains,включены,comprend
51703,contains,изложены,contient
51704,contains,изложены,présente
51705,contains,изложены,énonce
51706,contains,изложены,trouvera
51707,contains,имеются,comporte
51708,contains,имеются,présente
51709,contains,представлены,no_equality
51710,contains,предусматривается,no_equality
51711,Dionysuses,дионис,dionysos
51712,Dionysuses,диониса,no_equality
51713,Dionysuses,дионисия,dionysos
51714,Dionysuses,дионисом,no_equality
51715,hermeneutics,герменевтика,no_equality
51716,hermeneutics,герменевтик,no_equality
51717,hermeneutics,герменевтики,no_equality
51718,hermeneutics,герменевтике,no_equality
51719,imputes,приписывает,no_equality
51720,decrying,осудив,no_equality
51721,decrying,порицание,no_equality
51722,patronize,опекать,condescendant avec
51723,patronize,опекать,condescendante
51724,patronize,покровительствовать,no_equality
51725,patronize,поучать,no_equality
51726,patronize,смотреть свысока,no_equality
51727,patronize,обращаться снисходительно,no_equality
51728,patronize,учи,no_equality
51729,patronize,покровительствовал,no_equality
51730,patronize,говори со,no_equality
51731,patronize,покровительствуйте,no_equality
51732,patronize,надо снисхождения,no_equality
51733,patronize,надо этой снисходительности,condescendance
51734,patronize,надо покровительственного тона,no_equality
51735,patronize,поучай,no_equality
51736,freeze,замораживание,gel
51737,freeze,замораживание,congélation
51738,freeze,замораживание,blocage
51739,freeze,мораторий,gel
51740,freeze,блокирование,gel
51741,freeze,блокирование,blocage
51742,freeze,заморозки,gel
51743,freeze,заморозки,congélation
51744,freeze,заморозки,gelée
51745,freeze,заморозить,geler
51746,freeze,заморозить,congeler
51747,freeze,заморозить,figer
51748,freeze,заморозить,bloquer
51749,freeze,замораживать,geler
51750,freeze,замораживать,congeler
51751,freeze,замораживать,figer
51752,freeze,замораживать,bloquer
51753,freeze,замёрзнуть,no_equality
51754,freeze,блокировать,geler
51755,freeze,блокировать,bloquer
51756,freeze,остановить,bloquer
51757,freeze,остановить,arrêter
51758,freeze,стоять,no_equality
51759,freeze,заблокировать,no_equality
51760,freeze,замерзать,geler
51761,freeze,приостановить,suspendre
51762,freeze,фриз,no_equality
51763,freeze,не двигаться,no_equality
51764,freeze,морозить,geler
51765,freeze,застывать,no_equality
51766,freeze,замораживаться,no_equality
51767,brainwaves,мозговые волны,ondes cérébrales
51768,Nahums,негус,no_equality
51769,Nahums,нагуса,no_equality
51770,Nahums,нагусу,no_equality
51771,Nahums,негусом,no_equality
51772,misdemeanors,проступки,délit
51773,misdemeanors,проступки,méfait
51774,misdemeanors,правонарушения,no_equality
51775,misdemeanors,правонарушений,délit
51776,misdemeanors,проступок,délit
51777,misdemeanors,административных правонарушениях,no_equality
51778,misdemeanors,мелочи,no_equality
51779,misdemeanors,преступлений,délit
51780,bleeder,Громобой,no_equality
51781,bleeder,проточка,fuite
51782,bleeder,дренажный,no_equality
51783,hitchhike,путешествовать автостопом,faire du stop
51784,hitchhike,голосовать,no_equality
51785,hitchhike,автостопом,no_equality
51786,hitchhike,на попутках,no_equality
51787,aquariums,аквариумы,no_equality
51788,aquariums,аквариумов,aquarium
51789,aquariums,аквариумах,no_equality
51790,hesitancy,нерешительность,hésitation
51791,hesitancy,нерешительность,hésite
51792,hesitancy,колебание,hésitation
51793,reconciling,согласование,conciliation
51794,reconciling,согласование,harmonisation
51795,reconciling,примирение,concilier
51796,reconciling,примирение,réconcilier
51797,reconciling,примирение,conciliation
51798,reconciling,примирение,réconciliation
51799,reconciling,совмещение,no_equality
51800,reconciling,сочетание,no_equality
51801,reconciling,примирить,no_equality
51802,reconciling,согласовать,concilier
51803,reconciling,согласовать,réconcilier
51804,reconciling,согласовать,harmoniser
51805,reconciling,выверки,rapprochement
51806,reconciling,увязки,concilier
51807,reconciling,совмещать,concilier
51808,reconciling,выверку,no_equality
51809,reconciling,сочетать,concilier
51810,reconciling,выверкой,rapprochement
51811,rupturing,разрывая,no_equality
51812,rupturing,разрывание,no_equality
51813,rupturing,разорвав,rompant
51814,significance,значение,importance
51815,significance,значение,signification
51816,significance,значение,portée
51817,significance,значение,intérêt
51818,significance,значение,sens
51819,significance,значение,valeur
51820,significance,значение,rôle
51821,significance,значение,pertinence
51822,significance,многозначительность,no_equality
51823,significance,существенность,pertinence
51824,significance,достоверность,no_equality
51825,significance,значимый,no_equality
51826,humidifying,увлажняющий,no_equality
51827,humidifying,увлажнение,humidification
51828,ablutions,омовение,ablution
51829,ablutions,санитарно-гигиенических блоков,no_equality
51830,ablutions,санитарно-гигиенических модулей,no_equality
51831,ablutions,душевых,no_equality
51832,ablutions,санитарно-гигиенические модули,blocs sanitaires
51833,ablutions,омовения,ablution
51834,ablutions,санитарно-бытовых помещениях,no_equality
51835,garnered,накопленный,acquise
51836,garnered,набрал,a obtenu
51837,garnered,набрал,accumulé
51838,garnered,заручились,no_equality
51839,garnered,накопленного,acquise
51840,garnered,накопленного,accumulé
51841,garnered,накоплен,no_equality
51842,garnered,заручился,no_equality
51843,garnered,заслужили,mérité
51844,garnered,заручилась,a obtenu
51845,garnered,собранной,no_equality
51846,garnered,асканио,no_equality
51847,kidnap,похищать,kidnapper
51848,kidnap,похищать,enlever
51849,kidnap,похищать людей,no_equality
51850,kidnap,увозить,no_equality
51851,kidnap,украсть ребенка,no_equality
51852,kidnap,похищать детей,no_equality
51853,kidnap,похищение людей,no_equality
51854,arrivals,переселенцы,no_equality
51855,rainfalls,ливни,no_equality
51856,rainfalls,осадки,précipitation
51857,rainfalls,дождей,précipitation
51858,rainfalls,выпадение осадков,précipitation
51859,rainfalls,ливней,no_equality
51860,mythological,мифологический,no_equality
51861,mythological,мифологизированный,no_equality
51862,numbering,нумерация,numérotation
51863,numbering,нумерация,numérotage
51864,numbering,нумерация,numération
51865,numbering,численностью,comptant
51866,numbering,нумерование,no_equality
51867,numbering,которых насчитывается,comptant
51868,numbering,насчитывающие,comptant
51869,numbering,численность которых составляет,no_equality
51870,numbering,насчитывающей,comptant
51871,numbering,насчитывающей,qui compte
51872,numbering,насчитывающее,no_equality
51873,numbering,насчитывающая,qui compte
51874,numbering,номера,numérotation
51875,numbering,номера,numéro
51876,numbering,количестве,au nombre
51877,numbering,насчитывает,no_equality
51878,truculency,жестокость,no_equality
51879,Bayeses,основы,base
51880,Bayeses,основы,principe
51881,Bayeses,баз,no_equality
51882,Bayeses,базы,base
51883,Bayeses,базы,fondement
51884,Bayeses,базы,assiette
51885,Bayeses,базах,base
51886,Bayeses,основ,no_equality
51887,Bayeses,основания,base
51888,Bayeses,основания,raison
51889,Bayeses,базами,base
51890,Bayeses,основу,base
51891,Bayeses,основу,fondement
51892,Bayeses,оснований,raison
51893,Bayeses,базам,no_equality
51894,Bayeses,базу,base
51895,Bayeses,базу,fondement
51896,Bayeses,базу,assiette
51897,Bayeses,основой,fondement
51898,Bayeses,основывает,fonde
51899,Bayeses,основах,base
51900,Bayeses,база,base
51901,cleaves,кливс,cleaves
51902,cleaves,кливз,cleaves
51903,tenderly,нежно,tendrement
51904,tenderly,ласково,no_equality
51905,falsely,ложно,faussement
51906,falsely,ложно,faux
51907,falsely,ложно,fallacieusement
51908,falsely,притворно,no_equality
51909,falsely,вероломно,no_equality
51910,falsely,обманным образом,no_equality
51911,falsely,путем обмана,no_equality
51912,substantiation,обоснование,justification
51913,substantiation,обоснование,fondement
51914,substantiation,доказательств,no_equality
51915,substantiation,оснований,justification
51916,substantiation,оснований,fondement
51917,substantiation,обоснованности,no_equality
51918,substantiation,обоснованность,no_equality
51919,separating,отделяющий,no_equality
51920,separating,сепарирующий,no_equality
51921,separating,выделяющийся,no_equality
51922,separating,разъединяющий,no_equality
51923,separating,отрывающий,no_equality
51924,separating,разделительный,no_equality
51925,separating,разделение,séparation
51926,separating,разделение,dissociation
51927,mistreating,плохое обращение с,no_equality
51928,mistreating,плохом обращении с,no_equality
51929,mistreating,дурном обращении с,no_equality
51930,mistreating,дурное обращение,no_equality
51931,stifler,стифлера,no_equality
51932,stifler,виселица,no_equality
51933,accentual,подчеркнуть,no_equality
51934,accentual,усугубить,no_equality
51935,accentual,усугублять,no_equality
51936,accentual,обострить,no_equality
51937,accentual,акцентировать,no_equality
51938,accentual,подчеркивают,no_equality
51939,accentual,усиливают,no_equality
51940,accentual,усилит,no_equality
51941,accentual,подчеркивать,no_equality
51942,directorships,директорских постов,no_equality
51943,directorships,директорских должностей,no_equality
51944,directorships,должностей директоров,no_equality
51945,directorships,директората,no_equality
51946,distinctive,отличительный,distinctif
51947,distinctive,отличительный,caractéristique
51948,distinctive,особый,particulier
51949,distinctive,особый,spécifique
51950,distinctive,особый,unique
51951,distinctive,отчетливый,no_equality
51952,distinctive,отличный,distinct
51953,distinctive,опознавательный,no_equality
51954,distinctive,выраженный,no_equality
51955,distinctive,отличающийся,no_equality
51956,Dodgsons,додсон,no_equality
51957,Dodgsons,додсону,no_equality
51958,Dodgsons,додсона,no_equality
51959,Dodgsons,додсоном,no_equality
51960,compare,сравнить,comparer
51961,compare,сравнить,comparaison
51962,compare,сравнить,comparable
